2044.7752
2014.1897
1974.0121
1907.2140
1839.6550
1802.8182
1639.9374
1696.2537
1621.7965
1522.1741
1288.0973
1254.7373
1308.3031
1446.5501
509.5871
460.1944
309.7245
140.3816
40.5814
694.5265
534.9465
0.0000
500.1092
472.5684
564.8497
696.7704
695.2111
0.0000
-0.0000
0.0000
0.0000
0.0000
0.0000
0.0000
0.9207
247.8775
146.4567
0.0000
0.0000
0.0000
0.0000
0.0000
0.0000
0.0000
0.0000
0.0000
0.0000
0.0000
0.0000
0.0000
240.4839
639.9247
645.9558
658.4218
618.2304
567.5096
517.3873
560.6792
960.6159
1258.8447
1277.2082
986.5335
603.3915
360.2922
137.7493
0.0000
0.0000
103.8558
288.1400
147.1319
27.9517
0.0000
0.0000
0.0000
0.0000
0.0000
0.0000
0.0000
0.0000
0.0000
0.0000
0.0000
0.0000
0.0000
0.0000
0.0000
0.0000
0.0000
0.0000
0.0000
0.0000
0.0000
0.0000
0.0000
0.0000
0.0000
0.0000
0.0000
0.0000
0.0000
0.0000
0.0000
4.6192
18.3540
0.0000
89.4267
0.0000
0.0000
0.0000
0.0000
0.0000
259.1694
0.0000
0.0000
0.0000
0.0000
0.0000
0.0000
0.0000
0.0000
0.0000
0.0000
0.0000
0.0000
0.0000
0.0000
0.0000
0.0000
0.0000
0.0000
0.0000
0.0000
0.0000
0.0000
0.0000
0.0000
0.0000
0.0000
0.0000
0.0000
0.0000
0.0000
0.0000
0.0000
0.0000
0.0000
0.0000
521.7444
701.5257
698.2256
658.3160
694.8124
772.1133
997.0960
1183.2748
1403.0336
1384.2334
1199.9159
975.4299
905.0827
876.4867
874.0810
893.0133
926.7271
940.0331
936.2835
742.7736
952.5815
968.5902
944.0254
891.2170
793.8606
686.4062
563.5004
470.5291
425.5394
419.0052
515.0475
646.8224
616.4567
601.1050
418.8908
211.5509
65.6287
18.8088
0.0000
0.0000
0.0000
0.0000
468.4473
339.3745
53.0419
0.0000
0.0000
0.0000
0.0000
0.0000
0.0000
0.0000
0.0000
0.0000
0.0000
0.0000
0.0000
0.0000
0.0000
0.0000
0.0000
0.0000
0.0000
0.0000
0.0000
0.0000
0.0000
0.0000
0.0000
0.0000
0.0000
0.0000
0.0000
0.0000
0.0000
0.0000
0.0000
0.0000
0.0000
307.6665
643.6479
692.3728
653.5875
0.0000
0.0000
0.0000
0.0000
0.0000
0.0000
0.0000
0.0000
723.5911
753.6780
757.4116
739.1729
701.3050
673.0131
676.5429
730.9001
801.5629
869.8546
1049.5454
1432.3497
1851.1835
2046.2762
2052.4223
1677.1187
1071.9436
0.0000
0.0000
0.0000
0.0000
0.0000
548.8501
459.8700
408.8411
380.9875
325.9127
293.9196
255.4073
205.1048
145.2256
90.7011
0.0000
0.0000
0.0000
0.0000
0.0000
118.9703
0.0000
0.0000
0.0000
0.0000
0.0000
0.0000
0.0000
0.0000
0.0000
0.0000
0.0000
0.0000
0.0000
0.0000
0.0000
339.4237
456.0228
0.0000
0.0000
0.0000
0.0000
19.5982
272.2053
403.6599
535.7721
618.9999
659.7405
695.8165
753.0352
797.2952
774.5182
1745.2724
1752.2994
1742.7757
1707.0865
1719.4743
1680.5987
1557.7003
1479.0913
1421.4100
1342.4878
1359.4058
424.5952
392.0434
331.9420
373.6499
375.0106
416.9909
452.5923
314.6820
188.1976
0.0000
9.6403
135.5480
186.9772
118.3302
926.5865
810.4149
0.0000
0.0000
0.0000
201.6667
0.0000
0.0000
0.0000
0.0000
0.0000
0.0000
0.0000
0.0000
0.0000
0.0000
0.0000
0.0000
0.0000
0.0000
0.0000
0.0000
0.0000
0.0000
0.0000
0.0000
384.9356
0.0000
0.0000
0.0000
523.6373
541.3224
507.7573
0.0000
0.0000
0.0000
0.0000
0.0000
961.5979
1095.9092
1129.6843
938.6187
0.0000
0.0000
0.0000
0.0000
0.0000
733.7499
797.2261
852.4849
843.6806
837.3292
753.2758
707.0405
724.9718
728.8197
759.5043
0.0000
0.0000
0.0000
0.0000
1154.5795
1277.2963
1331.1948
1346.4607
1276.7809
1061.4231
0.0000
0.0000
0.0000
0.0000
0.0000
0.0000
610.1056
568.2650
0.0000
335.8658
188.8818
106.5247
91.8203
55.9320
68.1896
10.2582
0.0000
0.0000
0.0000
0.0000
0.0000
0.0000
0.0000
0.0000
0.0000
0.0000
0.0000
0.0000
0.0000
0.0000
0.0000
0.0000
0.0000
0.0000
0.0000
0.0000
0.0000
0.0000
0.0000
0.0000
0.0000
0.0000
0.0000
213.9647
483.1976
562.6448
336.6750
0.0000
0.0000
0.0000
0.0000
0.0000
0.0000
0.0000
0.0000
0.0000
0.0000
0.0000
0.0000
0.0000
0.0000
0.0000
0.0000
0.0000
0.0000
0.0000
0.0000
283.1167
293.3140
144.2447
0.0000
0.0000
0.0000
0.0000
0.0000
0.0000
0.0000
0.0000
0.0000
0.0000
0.0000
0.0000
0.0000
0.0000
0.0000
0.0000
0.0000
0.0000
0.0000
0.0000
216.5050
305.3730
344.0449
380.9677
349.5717
218.1703
0.0000
0.0000
0.0000
264.6262
264.4819
229.1009
206.6842
160.5780
88.2149
26.7547
0.0000
0.0000
0.0000
0.0000
0.0000
0.0000
0.0000
0.0000
0.0000
74.1831
123.9911
83.4824
5.3849
0.0000
0.0000
0.0000
19.7410
84.5372
111.8920
152.2182
162.5729
113.6994
23.7181
0.0000
0.0000
0.0000
0.0000
0.0000
0.0000
0.0000
0.0000
0.0000
0.0000
0.0000
0.0000
0.0000
107.9702
1063.7488
68.6737
0.0000
0.0000
0.0000
0.0000
0.0000
0.0000
0.0000
586.7670
0.0000
0.0000
0.0000
130.7423
0.0000
36.9285
184.8674
213.6125
427.0300
721.0886
915.1929
931.9138
968.1933
1107.4085
1092.6776
863.2992
1120.5716
1095.1328
1055.2006
2045.3805
2013.7777
1740.0504
1774.6739
1894.4816
1817.3398
1659.6207
666.2614
1481.3628
1447.0546
336.4385
178.6359
75.8248
92.6053
200.2192
163.9748
27.8637
112.3911
32.6937
0.0000
0.0000
0.0000
0.0000
0.0000
0.0000
0.0000
0.0000
0.0000
0.0000
0.0000
0.0000
0.0000
0.0000
0.0000
0.0000
0.0000
0.0000
0.0000
0.0000
0.0000
0.0000
0.0000
0.0000
0.0000
0.0000
0.0000
0.0000
0.0000
0.0000
0.0000
158.6081
206.9813
366.5052
609.3475
732.7741
1011.6556
1238.3178
1369.7318
1436.3167
523.4588
584.6994
1632.4632
1667.2238
1849.5598
2011.6055
2056.9283
1939.9146
542.1791
55.8141
0.0000
0.0000
0.0000
0.0000
703.4595
811.4141
799.4428
740.1395
649.6486
543.2831
551.4841
572.5779
509.6976
0.0000
0.0000
0.0000
0.0000
0.0000
884.6229
1073.5341
0.0000
0.0000
0.0000
0.0000
0.0000
0.0000
0.0000
0.0000
0.0000
0.0000
0.0000
0.0000
0.0000
0.0000
0.0000
0.0000
0.0000
0.0000
0.0000
0.0000
0.0000
0.0000
116.7019
57.9071
0.0000
0.0000
0.0000
0.0000
0.0000
0.0000
5.1121
49.8700
77.6050
121.2855
140.7610
148.8113
116.5931
119.8729
200.0478
271.5484
284.7877
349.6139
406.8982
0.0000
721.0202
1013.6145
1352.1667
1439.5940
1398.4275
1299.8695
0.0000
0.0000
0.0000
0.0000
0.0000
225.2820
163.3451
118.6429
110.1407
73.3808
8.0201
0.0000
0.0000
0.0000
0.0000
0.0000
0.0000
0.0000
0.0000
353.9789
605.3168
776.6211
707.6429
468.1803
186.3942
0.0000
0.0000
0.0000
0.0000
0.0000
0.0000
0.0000
0.0000
0.0000
0.0000
0.0000
0.0000
0.0000
0.0000
0.0000
0.0000
0.0000
0.0000
343.5919
672.1681
654.0927
530.3463
334.4788
0.0000
0.0000
0.0000
0.0000
0.0000
0.0000
0.0000
0.0000
0.0000
0.0000
0.0000
0.0000
0.0000
0.0000
0.0000
0.0000
0.0000
0.0000
0.0000
0.0000
120.9452
201.5324
180.2239
32.6733
0.0000
0.0000
0.0000
0.0000
0.0000
0.0000
0.0000
0.0000
0.0000
0.0000
0.0000
0.0000
0.0000
0.0000
0.0000
0.0000
0.0000
0.0000
0.0000
323.1016
451.2491
463.5120
371.1830
153.1016
0.0000
0.0000
0.0000
0.0000
0.0000
0.0000
0.0000
8.6444
0.0000
0.0000
0.0000
0.0000
21.3139
52.5846
154.9267
226.9818
0.0000
0.0000
0.0000
0.0000
0.0000
116.9066
1052.8468
901.5960
782.9359
0.0000
0.0000
0.0000
0.0000
90.6922
1188.5213
1303.0343
1398.3970
1458.2504
1537.3956
1564.0379
1449.3636
1272.0781
1161.5507
1283.7791
276.3664
175.2150
460.9874
2069.6661
2355.9329
2374.4807
2243.4705
1852.0208
195.6305
0.0000
0.0000
0.0000
0.0000
0.0000
0.0000
0.0000
0.0000
0.0000
0.0000
0.0000
0.0000
0.0000
0.0000
0.0000
0.0000
0.0000
0.0000
208.2369
611.8504
833.3808
716.6768
358.4657
0.0000
0.0000
0.0000
0.0000
0.0000
0.0000
0.0000
0.0000
0.0000
0.0000
0.0000
0.0000
0.0000
0.0000
0.0000
0.0000
0.0000
0.0000
0.0000
0.0000
77.3784
1152.3066
1222.1337
1190.6847
924.6377
0.0000
0.0000
0.0000
0.0000
682.7210
646.8200
589.9874
568.2252
579.7677
606.1068
675.5005
726.5252
760.4172
733.9395
657.6215
598.5493
509.2338
614.5956
765.5109
894.2784
1006.0640
961.2861
928.8588
729.5792
0.0000
0.0000
0.0000
0.0000
0.0000
0.0000
0.0000
0.0000
0.0000
0.0000
0.0000
0.0000
0.0000
0.0000
0.0000
0.0000
0.0000
0.0000
0.0000
0.0000
599.6346
664.9128
306.2600
0.0000
0.0000
0.0000
0.0000
0.0000
0.0000
0.0000
0.0000
0.0000
0.0000
0.0000
395.5134
0.0000
0.0000
0.0000
0.0000
0.0000
0.0000
0.0000
0.0000
0.0000
0.0000
0.0000
0.0000
0.0000
0.0000
0.0000
0.0000
0.0000
594.5204
635.3234
559.8739
555.9337
622.0069
651.4553
631.4530
628.3122
627.4814
616.9710
618.1145
563.5684
665.3577
1098.1740
1762.9428
2275.1276
2374.4807
2374.4807
2159.9450
1396.3047
755.3192
469.9583
398.6701
373.9450
360.9923
362.9580
262.8267
136.4184
112.7106
60.5244
70.0224
82.3354
114.1839
88.3379
27.9546
0.0000
0.0000
255.4406
503.5170
657.9848
812.1565
705.5133
486.8121
69.6341
0.0000
0.0000
0.0000
0.0000
0.0000
44.6264
0.2046
0.0000
0.0000
0.0000
0.0000
87.2544
166.1438
211.3143
196.2121
0.0000
0.0000
0.0000
0.0000
0.0000
0.0000
549.8818
575.5817
473.5793
0.0000
0.0000
0.0000
0.0000
0.0000
0.0000
0.0000
0.0000
0.0000
0.0000
0.0000
0.0000
0.0000
0.0000
0.0000
0.0000
0.0000
0.0000
0.0000
0.0000
841.0160
640.0757
110.0582
0.0000
0.0000
0.0000
0.0000
0.0000
0.0000
0.0000
0.0000
0.0000
0.0000
0.0000
0.0000
0.0000
0.0000
0.0000
0.0000
0.0000
0.0000
0.0000
854.7277
1070.5224
964.0907
797.3562
550.6994
430.7054
0.0000
0.0000
0.0000
0.0000
0.0000
781.0997
633.2143
557.7344
0.0000
372.2149
253.9396
172.2360
71.1808
0.0000
0.0000
0.0000
121.4754
788.6280
1664.0771
2293.5926
2374.4807
2374.4807
1928.4730
1056.8524
0.0000
0.0000
0.0000
0.0000
0.0000
0.0000
0.0000
0.0000
0.0000
0.0000
0.0000
0.0000
0.0000
0.0000
0.0000
0.0000
0.0000
82.8155
944.3215
2374.4807
2374.4807
2374.4807
2243.7367
1369.2467
0.0000
0.0000
0.0000
0.0000
0.0000
0.0000
0.0000
0.0000
0.0000
0.0000
0.0000
0.0000
0.0000
0.0000
0.0000
0.0000
0.0000
0.0000
1757.4264
2220.6499
2350.7054
2217.1120
1841.1489
1078.5460
141.3811
0.0000
0.0000
0.0000
0.0000
0.0000
0.0000
0.0000
0.0000
0.0000
0.0000
0.0000
0.0000
0.0000
0.0000
0.0000
0.0000
93.9892
936.0071
1582.3275
1922.1524
1860.4037
1332.9099
709.0685
0.0000
0.0000
0.0000
0.0000
0.0000
0.0000
0.0000
0.0000
0.0000
0.0000
0.0000
0.0000
0.0000
0.0000
0.0000
50.0792
491.7360
1150.4982
2119.4045
2374.4807
2374.4807
2103.7961
1360.8394
848.6863
412.5140
313.6339
449.0650
542.5552
604.3286
631.7297
1541.1499
1329.8371
1183.4126
973.0605
0.0000
377.7473
0.0000
0.0000
0.0000
0.0000
0.0000
0.0000
0.0000
0.0000
0.0000
0.0000
0.0000
0.0000
0.0000
0.0000
0.0000
39.2812
116.1152
179.8775
170.4926
104.9716
1023.1069
903.7620
747.5559
671.7806
578.9203
472.0336
0.0000
0.0000
0.0000
89.6841
526.8175
1643.3513
1471.0759
227.8188
0.0000
0.0000
0.0000
0.0000
0.0000
0.0000
0.0000
0.0000
0.0000
0.0000
0.0000
0.0000
0.0000
0.0000
0.0000
0.0000
0.0000
0.0000
0.0000
0.0000
0.0000
297.6240
710.2048
695.8799
483.3350
0.0000
0.0000
0.0000
0.0000
0.0000
0.0000
0.0000
140.3307
1291.8958
1356.7617
1389.5620
1360.6843
1295.0933
1338.9546
1418.7069
1469.5514
479.9582
646.4222
781.8614
866.9260
1887.4725
1831.1881
1727.9862
1489.6616
1316.8555
132.1248
0.0000
0.0000
0.0000
335.1172
101.0723
0.0000
0.0000
135.4305
48.9010
0.0000
0.0000
0.0000
0.0000
0.0000
0.0000
0.0000
0.0000
440.6417
739.6746
988.9752
956.8522
630.8010
294.1537
0.0000
0.0000
0.0000
0.0000
0.0000
0.0000
0.0000
0.0000
0.0000
0.0000
0.0000
0.0000
0.0000
0.0000
0.0000
0.0000
0.0000
0.0000
201.6369
453.8415
760.1035
875.8202
806.9573
424.4500
0.0000
0.0000
0.0000
0.0000
0.0000
0.0000
0.0000
0.0000
0.0000
0.0000
0.0000
0.0000
0.0000
0.0000
0.0000
0.0000
0.0000
29.1660
228.7220
368.7248
512.6778
462.4455
331.8419
144.6792
0.0000
0.0000
0.0000
0.0000
0.0000
0.0000
0.0000
0.0000
0.0000
0.0000
0.0000
0.0000
0.0000
0.0000
0.0000
0.0000
0.0000
44.8896
322.8686
876.1725
1269.9176
1378.1215
1210.5424
764.9369
194.8046
0.0000
0.0000
0.0000
0.0000
0.0000
0.0000
0.0000
0.0000
0.0000
0.0000
0.0000
0.0000
0.0000
0.0000
0.0000
0.0000
0.0000
0.0000
392.7516
936.7415
1275.2066
1271.9317
646.8082
0.0000
0.0000
0.0000
0.0000
0.0000
0.0000
0.0000
0.0000
0.0000
0.0000
0.0000
282.5196
449.0385
454.2481
0.0000
0.0000
0.0000
0.0000
0.0000
0.0000
0.0000
0.0000
0.0000
0.0000
0.0000
0.0000
0.0000
0.0000
0.0000
0.0000
0.0000
0.0000
0.0000
0.0000
0.0000
0.0000
0.0000
0.0000
0.0000
0.0000
0.0000
0.0000
0.0000
0.0000
0.0000
0.0000
0.0000
0.0000
0.0000
14.0053
34.7247
0.0000
0.0000
0.0000
0.0000
0.0000
0.0000
0.0000
0.0000
0.0000
0.0000
0.0000
0.0000
0.0000
0.0000
0.0000
0.0000
0.0000
0.0000
0.0000
0.0000
0.0000
0.0000
0.0000
0.0000
0.0000
0.0000
0.0000
0.0000
0.0000
0.0000
0.0000
0.0000
0.0000
0.0000
0.0000
0.0000
0.0000
0.0000
0.0000
0.0000
0.0000
0.0000
704.7295
2198.6584
1995.3477
1502.1142
950.7824
773.3885
796.7805
788.1895
793.1945
698.0863
583.6653
459.2775
357.2898
239.1321
127.7801
49.0125
30.6559
0.0000
41.0105
662.2585
1522.9624
2279.6217
2374.4807
2162.0863
2228.4712
2327.5167
1538.4720
350.8974
0.0000
0.0000
0.0000
0.0000
0.0000
0.0000
0.0000
0.0000
0.0000
0.0000
0.0000
0.0000
0.0000
0.0000
0.0000
64.0004
809.6312
1504.1633
2374.4807
2374.4807
2374.4807
1632.3280
594.9254
0.0000
0.0000
0.0000
0.0000
0.0000
0.0000
0.0000
0.0000
0.0000
0.0000
0.0000
0.0000
0.0000
0.0000
0.0000
0.0000
356.6361
1197.8814
1984.8053
2318.0212
2011.0917
2009.4507
1658.8950
1363.9800
596.0579
0.0000
0.0000
0.0000
0.0000
0.0000
0.0000
0.0000
0.0000
0.0000
0.0000
0.0000
0.0000
0.0000
0.0000
18.4320
625.3072
1408.6066
2082.5245
2000.9028
1641.7435
1564.5566
1821.1724
1547.8210
749.9971
0.0000
0.0000
0.0000
0.0000
0.0000
0.0000
0.0000
0.0000
0.0000
0.0000
0.0000
0.0000
0.0000
0.0000
0.0000
0.0000
1093.8107
1708.8343
2215.8244
2374.4807
2374.4807
2165.7730
1496.6735
0.0000
0.0000
0.0000
0.0000
0.0000
0.0000
0.0000
0.0000
0.0000
0.0000
0.0000
0.0000
0.0000
0.0000
0.0000
0.0000
0.0000
0.0000
0.0000
0.0000
0.0000
0.0000
0.0000
0.0000
0.0000
0.0000
0.0000
0.0000
0.0000
0.0000
0.0000
0.0000
0.0000
0.0000
0.0000
0.0000
0.0000
0.0000
0.0000
0.0000
0.0000
404.1965
623.5408
886.7353
1016.0877
1154.8399
1065.1104
564.1866
193.5922
0.0000
0.0000
0.0000
0.0000
0.0000
0.0000
0.0000
0.0000
0.0000
0.0000
0.0000
0.0000
0.0000
0.0000
0.0000
0.0000
0.0000
845.9024
998.2695
1202.8385
1069.6114
984.7155
837.4977
584.1035
0.0000
0.0000
0.0000
0.0000
0.0000
0.0000
0.0000
0.0000
0.0000
0.0000
0.0000
0.0000
0.0000
0.0000
0.0000
0.0000
354.5101
1158.8121
1521.7711
2374.4807
2374.4807
2374.4807
944.4962
154.1420
0.0000
0.0000
0.0000
0.0000
0.0000
0.0000
0.0000
0.0000
0.0000
0.0000
0.0000
0.0000
0.0000
0.0000
0.0000
0.0000
0.0000
0.0000
0.0000
1200.6073
2374.4807
2052.5018
1493.9687
557.8610
0.0000
0.0000
0.0000
0.0000
0.0000
0.0000
0.0000
0.0000
0.0000
0.0000
0.0000
0.0000
0.0000
0.0000
0.0000
0.0000
671.3477
1815.3760
2058.0864
1926.1458
1895.3019
1993.4918
1799.7947
1120.9995
370.8429
0.0000
0.0000
0.0000
0.0000
0.0000
0.0000
0.0000
0.0000
0.0000
0.0000
0.0000
0.0000
0.0000
0.0000
192.6841
1317.0094
2099.1904
2374.4807
2374.4807
2374.4807
2374.4807
2054.4034
1108.1605
18.8226
0.0000
0.0000
0.0000
0.0000
0.0000
0.0000
0.0000
0.0000
0.0000
0.0000
0.0000
0.0000
0.0000
0.0000
207.4718
904.4477
1209.9142
981.2143
1597.4057
1855.1902
1044.5528
651.2594
167.0668
0.0000
0.0000
0.0000
0.0000
0.0000
0.0000
0.0000
0.0000
0.0000
0.0000
0.0000
0.0000
0.0000
0.0000
0.0000
519.3111
1662.2248
2374.4807
2325.6271
2374.4807
2374.4807
1815.5704
1624.8438
494.9278
0.0000
0.0000
0.0000
0.0000
0.0000
0.0000
0.0000
0.0000
0.0000
0.0000
0.0000
0.0000
0.0000
0.0000
0.0000
38.7789
970.5603
1582.4709
2080.1142
1942.0104
1928.5283
1812.8472
1210.9033
190.7370
0.0000
0.0000
0.0000
0.0000
0.0000
0.0000
0.0000
0.0000
0.0000
0.0000
0.0000
0.0000
0.0000
0.0000
0.0000
0.0000
1514.1253
0.0000
0.0000
0.0000
0.0000
0.0000
0.0000
0.0000
5.4776
0.0000
0.0000
0.0000
0.0000
0.0000
0.0000
0.0000
0.0000
484.5896
0.0000
0.0000
0.0000
0.0000
0.0000
0.0000
0.0000
0.0000
0.0000
0.0000
0.0000
0.0000
0.0000
0.0000
0.0000
0.0000
0.0000
0.0000
0.0000
0.0000
0.0000
0.0000
0.0000
0.0000
0.0000
0.0000
0.0000
0.0000
0.0000
0.0000
0.0000
1024.5783
2374.4807
2374.4807
2374.4807
2374.4807
2099.0559
1284.6118
278.8334
0.0000
0.0000
0.0000
0.0000
0.0000
0.0000
0.0000
0.0000
0.0000
0.0000
0.0000
0.0000
0.0000
0.0000
0.0000
849.3515
1523.0665
2054.7786
2236.7059
2019.9721
1676.1829
1021.8508
92.8323
0.0000
0.0000
0.0000
0.0000
0.0000
0.0000
0.0000
0.0000
0.0000
0.0000
0.0000
0.0000
0.0000
0.0000
0.0000
0.0000
0.0000
0.0000
0.0000
133.3554
880.6016
578.3433
336.0713
91.8912
0.0000
0.0000
44.7303
51.1314
18.1672
0.0000
0.0000
0.0000
0.0000
0.0000
0.0000
0.0000
0.0000
0.0000
0.0000
0.0000
0.0000
0.0000
0.0000
926.4394
2374.4807
2374.4807
1932.2085
833.8755
0.0000
0.0000
0.0000
0.0000
0.0000
0.0000
0.0000
0.0000
0.0000
0.0000
0.0000
0.0000
0.0000
0.0000
0.0000
0.0000
0.0000
0.0000
0.0000
0.0000
0.0000
1869.1352
1440.6834
905.0634
117.4461
0.0000
0.0000
0.0000
0.0000
0.0000
0.0000
0.0000
0.0000
0.0000
0.0000
0.0000
0.0000
0.0000
0.0000
731.2302
2096.2342
2374.4807
2374.4807
2374.4807
2374.4807
1845.0075
1426.0020
506.1039
0.0000
0.0000
0.0000
0.0000
0.0000
0.0000
0.0000
0.0000
0.0000
0.0000
0.0000
0.0000
0.0000
0.0000
0.0000
0.0000
0.0000
0.0000
0.0000
1218.8086
2057.8086
1779.2877
1596.1520
942.4666
0.0000
0.0000
0.0000
0.0000
0.0000
0.0000
0.0000
0.0000
122.1171
377.1520
576.1261
517.6684
412.6528
110.3030
0.0000
107.0721
1066.0371
1071.7090
1364.5090
1552.2539
1489.5459
1314.0139
495.8981
485.3053
20.4011
0.0000
0.0000
0.0000
0.0000
0.0000
0.0000
0.0000
0.0000
0.0000
0.0000
0.0000
0.0000
0.0000
0.0000
737.8774
1696.6145
2314.3254
2374.4807
2374.4807
2374.4807
2374.4807
2031.0921
1063.1131
0.0000
0.0000
0.0000
0.0000
0.0000
0.0000
0.0000
0.0000
0.0000
0.0000
0.0000
0.0000
0.0000
0.0000
0.0000
423.0399
1442.3398
2330.8232
2277.7492
2374.4807
2258.7302
2374.4807
1690.9322
622.7775
0.0000
0.0000
0.0000
0.0000
0.0000
0.0000
0.0000
0.0000
0.0000
0.0000
0.0000
0.0000
0.0000
0.0000
0.0000
728.4101
1699.6234
1491.7955
2108.4635
2082.6335
2128.1088
2030.6911
1766.5604
775.7163
0.0000
0.0000
0.0000
0.0000
0.0000
0.0000
0.0000
0.0000
0.0000
0.0000
0.0000
0.0000
0.0000
0.0000
0.0000
235.7357
1830.6738
2281.9258
2374.4807
2251.7627
1809.5951
2374.4807
1855.7358
777.7259
0.0000
0.0000
0.0000
0.0000
0.0000
0.0000
0.0000
0.0000
0.0000
0.0000
0.0000
0.0000
0.0000
0.0000
0.0000
0.0000
0.0000
1418.9342
2374.4807
2374.4807
2374.4807
2208.1086
2311.9914
1273.9378
96.2644
0.0000
0.0000
0.0000
0.0000
0.0000
0.0000
0.0000
0.0000
0.0000
0.0000
0.0000
0.0000
0.0000
293.6589
1689.6861
2158.2111
2374.4807
2031.0280
2013.5047
2189.3174
2061.9239
2136.1982
922.2079
197.0393
0.0000
0.0000
0.0000
0.0000
0.0000
0.0000
0.0000
0.0000
0.0000
0.0000
0.0000
0.0000
0.0000
0.0000
633.7386
2266.8045
2306.8459
2046.0720
2198.1557
1691.4377
1310.1956
1531.7427
881.8079
69.8530
0.0000
0.0000
0.0000
0.0000
0.0000
0.0000
0.0000
0.0000
0.0000
0.0000
0.0000
0.0000
0.0000
0.0000
315.7085
1095.0757
1879.7181
2332.7346
1939.8785
2066.0335
2374.4807
2062.2124
1066.0641
0.0000
0.0000
0.0000
0.0000
0.0000
0.0000
0.0000
0.0000
0.0000
0.0000
0.0000
0.0000
0.0000
0.0000
0.0000
770.1524
1878.2250
2374.4807
2374.4807
2156.7939
2007.5220
2078.2882
1564.3520
735.5001
0.0000
0.0000
0.0000
0.0000
0.0000
0.0000
0.0000
0.0000
0.0000
0.0000
0.0000
0.0000
0.0000
0.0000
0.0000
4.1276
740.9406
1504.5116
2003.3114
2180.4861
2374.4807
2374.4807
1679.5071
731.7784
0.0000
0.0000
0.0000
0.0000
0.0000
0.0000
0.0000
0.0000
0.0000
0.0000
0.0000
0.0000
0.0000
0.0000
0.0000
0.0000
0.0000
0.0000
0.0000
0.0000
0.0000
0.0000
0.0000
0.0000
0.0000
0.0000
0.0000
0.0000
0.0000
46.5846
749.3866
772.0139
780.5507
746.1674
657.1758
665.6250
653.6812
757.5555
879.0020
1134.7427
1465.6178
1431.3510
1402.5473
2210.1433
1972.6132
1555.2187
1383.8423
845.1044
321.4289
0.0000
0.0000
0.0000
0.0000
0.0000
0.0000
0.0000
0.0000
0.0000
0.0000
0.0000
0.0000
0.0000
0.0000
0.0000
357.3928
1496.7910
1033.0622
994.9777
1168.4649
1167.4599
2012.3101
972.0013
0.0000
0.0000
0.0000
0.0000
0.0000
0.0000
0.0000
0.0000
0.0000
0.0000
0.0000
0.0000
0.0000
94.7139
965.9173
1652.9376
1522.4096
1313.9072
1549.0947
1239.8765
617.8313
679.1006
113.0825
372.0119
0.0000
0.0000
0.0000
0.0000
0.0000
0.0000
0.0000
0.0000
0.0000
0.0000
0.0000
0.0000
0.0000
0.0000
0.0000
0.0000
0.0000
0.0000
82.1421
686.8059
1249.7231
1690.0763
1364.9169
642.0069
0.0000
0.0000
0.0000
0.0000
0.0000
0.0000
0.0000
0.0000
0.0000
0.0000
0.0000
0.0000
0.0000
0.0000
0.0000
163.1848
2191.9440
2374.4807
2374.4807
2374.4807
2374.4807
2374.4807
2374.4807
1844.0331
1395.6936
419.5048
133.3302
96.1707
102.3364
17.6273
0.0000
0.0000
0.0000
0.0000
0.0000
0.0000
0.0000
0.0000
0.0000
0.0000
914.7880
1829.7494
2374.4807
2374.4807
2374.4807
2098.4680
1486.8393
586.8622
0.0000
0.0000
0.0000
0.0000
0.0000
0.0000
0.0000
0.0000
0.0000
0.0000
0.0000
0.0000
0.0000
0.0000
0.0000
0.0000
0.0000
275.0677
1425.6808
1469.1276
1517.7741
1465.0856
1209.1229
0.0000
0.0000
0.0000
0.0000
0.0000
0.0000
0.0000
0.0000
0.0000
0.0000
0.0000
0.0000
24.3775
87.2241
211.7603
0.0000
263.2225
1000.6029
1329.9514
1539.2070
1463.9788
1453.1173
1589.0416
1547.5069
1267.7453
0.0000
0.0000
0.0000
0.0000
0.0000
0.0000
0.0000
0.0000
0.0000
0.0000
0.0000
0.0000
0.0000
0.0000
15.1207
207.7521
340.3005
459.1791
426.8563
451.9739
426.9638
342.6187
398.5991
462.9220
414.1028
0.0000
0.0000
0.0000
0.0000
231.1308
179.8709
149.1010
51.8485
0.0000
5.9459
0.0000
0.0000
131.4044
258.6268
434.3749
546.8024
673.6985
608.7246
563.7157
505.7361
311.8847
192.8614
76.1211
0.0000
0.0000
0.0000
0.0000
0.0000
0.0000
0.0000
0.0000
0.0000
0.0000
0.0000
0.0000
0.0000
0.0000
31.8305
238.2807
478.3955
531.2305
564.1327
636.7078
582.7387
532.4328
396.4658
257.6163
0.0000
0.0000
0.0000
0.0000
0.0000
0.0000
0.0000
0.0000
0.0000
0.0000
0.0000
0.0000
0.0000
0.0000
0.0000
0.0000
733.9302
898.4815
1060.9767
1128.5799
1090.8020
1167.7291
930.1878
509.9195
0.0000
0.0000
0.0000
0.0000
0.0000
0.0000
0.0000
0.0000
0.0000
0.0000
0.0000
0.0000
0.0000
0.0000
0.0000
556.3782
1316.5905
1554.5863
1340.3307
1565.8051
1608.6694
1687.3775
1411.2004
70.1676
0.0000
0.0000
0.0000
0.0000
0.0000
0.0000
0.0000
0.0000
0.0000
0.0000
0.0000
0.0000
0.0000
0.0000
0.0000
281.4154
1096.0665
1856.8651
2374.4807
2374.4807
2374.4807
2374.4807
1655.0657
1083.2101
52.8051
0.0000
0.0000
0.0000
0.0000
0.0000
0.0000
0.0000
0.0000
0.0000
0.0000
0.0000
0.0000
0.0000
0.0000
0.0000
1822.9387
731.3171
2374.4807
2374.4807
2374.4807
2374.4807
2197.2013
1287.0199
304.6942
0.0000
0.0000
0.0000
0.0000
0.0000
0.0000
0.0000
0.0000
0.0000
0.0000
0.0000
0.0000
0.0000
0.0000
0.0000
993.8160
2374.4807
2374.4807
2335.0050
1949.3387
1827.9576
881.8144
1147.7776
74.0302
0.0000
0.0000
0.0000
0.0000
0.0000
0.0000
0.0000
0.0000
0.0000
0.0000
0.0000
0.0000
0.0000
0.0000
0.0000
710.0620
1796.3406
1842.5133
1889.8843
1826.5394
1664.3743
1893.3434
783.0258
384.4074
0.0000
0.0000
0.0000
0.0000
0.0000
0.0000
0.0000
0.0000
0.0000
0.0000
0.0000
0.0000
0.0000
0.0000
1575.7438
0.0000
0.0000
0.0000
0.0000
315.3580
2374.4807
2374.4807
1930.2916
859.8120
0.0000
0.0000
0.0000
0.0000
0.0000
0.0000
0.0000
0.0000
0.0000
0.0000
0.0000
0.0000
0.0000
0.0000
0.0000
0.0000
0.0000
674.1823
2374.4807
2374.4807
2299.1881
2374.4807
1808.1112
571.3572
0.0000
0.0000
0.0000
0.0000
0.0000
0.0000
0.0000
0.0000
0.0000
0.0000
0.0000
0.0000
0.0000
0.0000
0.0000
245.7639
2374.4807
2374.4807
2374.4807
2310.2729
2010.1142
2374.4807
1577.8113
334.9909
0.0000
0.0000
0.0000
0.0000
0.0000
0.0000
0.0000
0.0000
0.0000
0.0000
0.0000
0.0000
0.0000
0.0000
0.0000
2374.4807
0.0000
935.5751
2374.4807
2374.4807
2374.4807
1894.3655
1597.0669
338.7802
0.0000
0.0000
0.0000
0.0000
0.0000
0.0000
0.0000
0.0000
0.0000
0.0000
0.0000
0.0000
0.0000
0.0000
0.0000
0.0000
0.0000
0.0000
0.0000
0.0000
0.0000
0.0000
2185.0905
1490.7161
437.9276
0.0000
0.0000
0.0000
0.0000
0.0000
0.0000
0.0000
0.0000
0.0000
0.0000
0.0000
0.0000
0.0000
0.0000
449.5151
1832.1384
1559.1261
1376.0746
1367.0948
1319.6552
206.5509
205.3792
0.0000
0.0000
0.0000
0.0000
0.0000
0.0000
0.0000
0.0000
0.0000
0.0000
0.0000
0.0000
0.0000
0.0000
0.0000
0.0000
2374.4807
0.0000
0.0000
2288.8074
2374.4807
2374.4807
2374.4807
1823.3519
857.1771
0.0000
0.0000
0.0000
0.0000
0.0000
0.0000
0.0000
0.0000
0.0000
0.0000
0.0000
0.0000
0.0000
0.0000
0.0000
2368.4848
0.0000
0.0000
0.0000
0.0000
0.0000
383.7377
2374.4807
1518.6214
430.8772
0.0000
0.0000
0.0000
0.0000
0.0000
0.0000
0.0000
0.0000
0.0000
0.0000
0.0000
0.0000
0.0000
2043.5469
0.0000
2038.2381
2374.4807
2374.4807
2374.4807
2374.4807
2374.4807
1668.5301
512.6631
0.0000
0.0000
0.0000
0.0000
0.0000
0.0000
0.0000
0.0000
0.0000
0.0000
0.0000
0.0000
0.0000
0.0000
0.0000
1699.1675
2374.4807
2374.4807
2374.4807
2374.4807
2374.4807
2073.9691
1196.2612
221.3221
0.0000
0.0000
0.0000
0.0000
0.0000
0.0000
0.0000
0.0000
0.0000
0.0000
0.0000
0.0000
0.0000
0.0000
1533.3379
0.0000
1628.4622
2374.4807
2374.4807
2374.4807
2321.4314
1981.8215
1223.2414
102.8333
0.0000
0.0000
0.0000
0.0000
0.0000
0.0000
0.0000
0.0000
0.0000
0.0000
0.0000
0.0000
0.0000
0.0000
180.6046
1925.5683
1684.6676
1555.5776
1636.2499
1610.5867
1906.3384
1894.8085
1516.9072
689.9435
0.0000
0.0000
0.0000
0.0000
0.0000
0.0000
0.0000
0.0000
0.0000
0.0000
0.0000
0.0000
0.0000
112.8993
942.7228
1538.0769
1859.4116
2238.6096
2044.3160
1719.9254
986.3221
942.9199
935.4622
74.1963
0.0000
0.0000
0.0000
0.0000
0.0000
0.0000
0.0000
0.0000
0.0000
0.0000
0.0000
0.0000
0.0000
0.0000
257.4398
1448.5326
1769.0089
2013.2151
1382.4175
1122.7782
1286.3904
1153.2602
1125.5304
484.3284
0.0000
0.0000
0.0000
0.0000
0.0000
0.0000
0.0000
0.0000
0.0000
0.0000
0.0000
0.0000
0.0000
0.0000
0.0000
0.0000
1078.5308
2374.4807
2374.4807
2374.4807
2338.8945
2350.5057
1574.7941
457.2474
0.0000
0.0000
0.0000
0.0000
0.0000
0.0000
0.0000
0.0000
0.0000
0.0000
0.0000
0.0000
0.0000
0.0000
0.0000
0.0000
0.0000
0.0000
0.0000
0.0000
1724.1695
2374.4807
2374.4807
1233.7298
152.9066
0.0000
0.0000
0.0000
0.0000
0.0000
0.0000
0.0000
0.0000
0.0000
0.0000
0.0000
0.0000
0.0000
0.0000
0.0000
0.0000
0.0000
0.0000
1572.5159
2374.4807
1193.4249
986.4076
221.2292
0.0000
0.0000
0.0000
0.0000
0.0000
0.0000
0.0000
0.0000
0.0000
0.0000
0.0000
0.0000
0.0000
0.0000
0.0000
0.0000
0.0000
0.0000
0.0000
1090.6973
2374.4807
2374.4807
2374.4807
1565.9676
275.3605
0.0000
0.0000
0.0000
0.0000
0.0000
0.0000
0.0000
0.0000
0.0000
0.0000
0.0000
0.0000
1719.6663
0.0000
0.0000
0.0000
0.0000
0.0000
0.0000
2370.6916
1017.1045
2374.4807
1280.9625
22.3375
0.0000
0.0000
0.0000
0.0000
0.0000
0.0000
0.0000
0.0000
0.0000
0.0000
0.0000
0.0000
0.0000
2019.7492
0.0000
0.0000
877.5594
2362.4628
1951.5229
1968.8219
2083.8597
1697.2869
945.1556
56.3344
0.0000
0.0000
0.0000
0.0000
0.0000
0.0000
0.0000
0.0000
0.0000
0.0000
0.0000
0.0000
0.0000
0.0000
0.0000
1177.5384
2374.4807
1845.9302
1679.1842
1489.4086
1131.8333
1340.3339
414.0869
0.0000
0.0000
0.0000
0.0000
0.0000
0.0000
0.0000
0.0000
0.0000
0.0000
0.0000
0.0000
0.0000
0.0000
1887.9129
0.0000
0.0000
0.0000
0.0000
2033.1726
2374.4807
2374.4807
1934.8830
896.1730
0.0000
0.0000
0.0000
0.0000
0.0000
0.0000
0.0000
0.0000
0.0000
0.0000
0.0000
0.0000
0.0000
0.0000
0.0000
0.0000
0.0000
0.0000
0.0000
0.0000
0.0000
1454.5521
2039.2092
884.1872
0.0000
0.0000
0.0000
0.0000
0.0000
0.0000
0.0000
0.0000
0.0000
0.0000
0.0000
0.0000
0.0000
0.0000
1592.4005
0.0000
0.0000
0.0000
0.0000
0.0000
0.0000
0.0000
0.0000
0.0000
220.7519
108.7027
28.5227
0.0000
0.0000
0.0000
0.0000
0.0000
0.0000
0.0000
0.0000
0.0000
0.0000
0.0000
2008.7774
0.0000
158.4868
2374.4807
2374.4807
1992.5407
1734.3950
1312.1558
998.3284
522.4582
0.0000
0.0000
0.0000
0.0000
0.0000
0.0000
0.0000
0.0000
0.0000
0.0000
0.0000
0.0000
0.0000
0.0000
0.0000
0.0000
546.1145
2374.4807
1996.3489
1828.8994
1692.1792
1523.2934
1139.4818
362.0797
0.0000
0.0000
0.0000
0.0000
0.0000
0.0000
0.0000
0.0000
0.0000
0.0000
0.0000
0.0000
0.0000
0.0000
0.0000
0.0000
0.0000
0.0000
2145.3138
2374.4807
2374.4807
1363.0200
694.6354
55.4830
0.0000
0.0000
0.0000
0.0000
0.0000
0.0000
0.0000
0.0000
0.0000
0.0000
0.0000
0.0000
0.0000
0.0000
0.0000
0.0000
270.9958
998.4430
1058.3580
990.6103
991.0277
1289.8048
397.4368
261.6663
135.3781
0.0000
0.0000
0.0000
0.0000
0.0000
0.0000
0.0000
0.0000
0.0000
0.0000
0.0000
0.0000
0.0000
0.0000
0.0000
0.0000
0.0000
0.0000
2374.4807
0.0000
2169.6947
2374.4807
1315.6222
489.8820
0.0000
0.0000
0.0000
0.0000
0.0000
0.0000
0.0000
0.0000
0.0000
0.0000
0.0000
0.0000
0.0000
0.0000
0.0000
0.0000
2233.3045
2108.0820
2374.4807
2374.4807
2374.4807
2182.9567
1142.3155
80.2363
0.0000
0.0000
0.0000
0.0000
0.0000
0.0000
0.0000
0.0000
0.0000
0.0000
0.0000
0.0000
0.0000
0.0000
0.0000
447.8142
1133.3982
1262.9948
1426.2215
1671.1371
1415.6405
1327.6380
658.0946
0.0000
0.0000
0.0000
0.0000
0.0000
0.0000
0.0000
0.0000
0.0000
0.0000
0.0000
0.0000
0.0000
0.0000
0.0000
0.0000
0.0000
115.1319
1378.1722
687.1910
430.7610
181.6649
340.0118
0.0000
0.0000
0.0000
0.0000
0.0000
0.0000
0.0000
0.0000
0.0000
0.0000
0.0000
0.0000
0.0000
0.0000
0.0000
0.0000
0.0000
287.3330
1074.4737
1531.1326
1675.1547
1818.0781
880.0906
782.1281
347.8790
0.0000
0.0000
0.0000
0.0000
0.0000
0.0000
0.0000
0.0000
0.0000
0.0000
0.0000
0.0000
0.0000
0.0000
0.0000
0.0000
2014.4377
2210.6142
1824.2926
1723.4956
2205.4622
2222.7207
1180.4397
171.5912
0.0000
0.0000
0.0000
0.0000
0.0000
0.0000
0.0000
0.0000
0.0000
0.0000
0.0000
0.0000
0.0000
0.0000
54.8760
837.4938
1115.7873
1389.9428
1477.4969
1363.7654
1020.6823
796.7348
0.0000
25.0369
0.0000
0.0000
0.0000
0.0000
0.0000
0.0000
0.0000
0.0000
0.0000
0.0000
0.0000
0.0000
0.0000
0.0000
0.0000
0.0000
0.0000
0.0000
0.0000
1816.0376
2374.4807
2374.4807
2285.7080
1465.4671
375.0558
0.0000
0.0000
0.0000
0.0000
0.0000
0.0000
0.0000
0.0000
0.0000
0.0000
0.0000
0.0000
0.0000
0.0000
0.0000
0.0000
1881.9257
0.0000
0.0000
0.0000
714.0247
1826.6781
1063.8639
393.8312
0.0000
0.0000
0.0000
0.0000
0.0000
0.0000
0.0000
0.0000
0.0000
0.0000
0.0000
0.0000
0.0000
0.0000
0.0000
0.0000
0.0000
1479.1119
2154.2593
1966.9264
1816.3880
1142.4199
573.0960
105.5375
0.0000
0.0000
0.0000
0.0000
0.0000
0.0000
0.0000
0.0000
0.0000
0.0000
0.0000
0.0000
0.0000
0.0000
1715.8615
2374.4807
2374.4807
2374.4807
1682.5079
1409.8438
896.7454
502.4912
0.0000
0.0000
0.0000
0.0000
0.0000
0.0000
0.0000
0.0000
0.0000
0.0000
0.0000
0.0000
0.0000
0.0000
0.0000
0.0000
0.0000
0.0000
1973.6727
0.0000
1504.8993
2374.4807
2374.4807
2177.2601
1380.6776
378.8112
0.0000
0.0000
0.0000
0.0000
0.0000
0.0000
0.0000
0.0000
0.0000
0.0000
0.0000
0.0000
760.3804
1420.6634
1883.3913
2264.0216
1796.4550
2374.4807
2001.8097
1741.2882
1203.8799
0.0000
0.0000
0.0000
0.0000
0.0000
0.0000
0.0000
0.0000
0.0000
0.0000
0.0000
0.0000
0.0000
0.0000
0.0000
0.0000
0.0000
0.0000
0.0000
0.0000
0.0000
0.0000
0.0000
0.0000
0.0000
0.0000
635.7563
185.9295
0.0000
0.0000
0.0000
0.0000
0.0000
0.0000
0.0000
0.0000
0.0000
0.0000
0.0000
0.0000
0.0000
0.0000
2011.1495
2374.4807
2374.4807
2374.4807
2374.4807
2374.4807
1604.2036
1009.7384
102.1559
0.0000
0.0000
0.0000
0.0000
0.0000
0.0000
0.0000
0.0000
0.0000
0.0000
0.0000
0.0000
0.0000
0.0000
0.0000
94.6293
103.0142
137.4652
140.0374
30.9628
0.0000
0.0000
0.0000
0.0000
0.0000
0.0000
0.0000
0.0000
0.0000
0.0000
0.0000
0.0000
0.0000
0.0000
0.0000
0.0000
0.0000
0.0000
0.0000
0.0000
0.0000
1511.6284
2374.4807
2374.4807
2374.4807
2374.4807
1571.1402
259.6297
0.0000
0.0000
0.0000
0.0000
0.0000
0.0000
0.0000
0.0000
0.0000
0.0000
0.0000
0.0000
0.0000
0.0000
0.0000
0.0000
0.0000
2335.9579
0.0000
689.8746
2374.4807
2067.0851
1131.7078
135.9833
0.0000
0.0000
0.0000
0.0000
0.0000
0.0000
0.0000
0.0000
0.0000
0.0000
0.0000
0.0000
0.0000
0.0000
0.0000
0.0000
0.0000
0.0000
0.0000
0.0000
2178.5503
2374.4807
1719.7067
477.4182
0.0000
0.0000
0.0000
0.0000
0.0000
0.0000
0.0000
0.0000
0.0000
0.0000
0.0000
0.0000
0.0000
2003.6007
0.0000
0.0000
0.0000
2155.9063
2374.4807
2374.4807
2374.4807
2374.4807
1589.3021
360.0713
0.0000
0.0000
0.0000
0.0000
0.0000
0.0000
0.0000
0.0000
0.0000
0.0000
0.0000
0.0000
0.0000
61.6175
209.2665
1705.9950
1540.8668
1053.2716
1140.3578
1165.7392
182.4707
228.6357
0.0000
0.0000
0.0000
0.0000
0.0000
0.0000
0.0000
0.0000
0.0000
0.0000
0.0000
0.0000
0.0000
0.0000
0.0000
0.0000
0.0000
0.0000
0.0000
0.0000
0.0000
319.7303
2374.4807
2374.4807
1708.1786
694.4263
33.7944
0.0000
0.0000
0.0000
0.0000
0.0000
0.0000
0.0000
0.0000
0.0000
0.0000
0.0000
0.0000
0.0000
0.0000
2289.6470
0.0000
0.0000
0.0000
106.0941
2374.4807
2358.0307
1204.0766
215.4988
0.0000
0.0000
0.0000
0.0000
0.0000
0.0000
0.0000
0.0000
0.0000
0.0000
0.0000
0.0000
0.0000
0.0000
2007.6543
0.0000
0.0000
0.0000
0.0000
0.0000
0.0000
0.0000
177.1818
1186.3185
275.0797
0.0000
0.0000
0.0000
0.0000
0.0000
0.0000
0.0000
0.0000
0.0000
0.0000
0.0000
0.0000
0.0000
0.0000
0.0000
0.0000
0.0000
0.0000
0.0000
2374.4807
1478.9858
2024.8530
903.7461
176.1940
0.0000
0.0000
0.0000
0.0000
0.0000
0.0000
0.0000
0.0000
0.0000
0.0000
0.0000
0.0000
0.0000
0.0000
0.0000
0.0000
0.0000
2353.8156
2144.7506
2374.4807
2193.2539
1167.2945
0.0000
0.0000
0.0000
0.0000
0.0000
0.0000
0.0000
0.0000
0.0000
0.0000
0.0000
0.0000
0.0000
0.0000
0.0000
0.0000
0.0000
189.2650
2165.7513
2139.8271
2374.4807
2352.7653
2286.5988
1176.0484
89.9536
0.0000
0.0000
0.0000
0.0000
0.0000
0.0000
0.0000
0.0000
0.0000
0.0000
0.0000
0.0000
0.0000
977.0905
1453.1052
1511.1487
1533.4977
1370.2180
1015.9703
869.5040
1067.1631
432.0157
358.4036
0.0000
0.0000
0.0000
0.0000
0.0000
0.0000
0.0000
0.0000
0.0000
0.0000
0.0000
0.0000
0.0000
0.0000
0.0000
0.0000
0.0000
0.0000
0.0000
0.0000
0.0000
0.0000
0.0000
0.0000
0.0000
0.0000
0.0000
0.0000
0.0000
0.0000
0.0000
0.0000
0.0000
0.0000
0.0000
0.0000
0.0000
0.0000
0.0000
0.0000
0.0000
0.0000
0.0000
1881.2264
2081.1370
678.5797
679.8501
430.6428
0.0000
0.0000
0.0000
0.0000
0.0000
0.0000
0.0000
0.0000
0.0000
0.0000
0.0000
0.0000
0.0000
0.0000
2036.9127
0.0000
1903.1215
2374.4807
2374.4807
2374.4807
2374.4807
2374.4807
2256.9698
1458.9790
319.8910
0.0000
0.0000
0.0000
0.0000
0.0000
0.0000
0.0000
0.0000
0.0000
0.0000
0.0000
0.0000
365.2278
1086.2967
1734.8981
2039.0350
1679.8657
1133.1478
386.1508
0.0000
0.0000
0.0000
0.0000
0.0000
0.0000
0.0000
0.0000
0.0000
0.0000
0.0000
0.0000
0.0000
0.0000
0.0000
0.0000
0.0000
0.0000
0.0000
0.0000
0.0000
0.0000
0.0000
0.0000
0.0000
528.5306
2374.4807
2118.8868
941.7154
45.6533
0.0000
0.0000
0.0000
0.0000
0.0000
0.0000
0.0000
0.0000
0.0000
0.0000
0.0000
0.0000
0.0000
0.0000
0.0000
0.0000
0.0000
0.0000
83.1466
1456.5075
458.2630
228.3952
107.3794
57.6120
0.0000
0.0000
0.0000
0.0000
0.0000
0.0000
0.0000
0.0000
0.0000
0.0000
0.0000
0.0000
2290.5011
0.0000
0.0000
0.0000
0.0000
0.0000
2374.4807
0.0000
0.0000
334.7920
1448.5862
811.2268
388.2687
105.7698
0.0000
0.0000
0.0000
0.0000
0.0000
0.0000
0.0000
0.0000
0.0000
0.0000
0.0000
0.0000
0.0000
1469.7791
2374.4807
2374.4807
2374.4807
2374.4807
1840.2511
734.7985
0.0000
0.0000
0.0000
0.0000
0.0000
0.0000
0.0000
0.0000
0.0000
0.0000
0.0000
0.0000
0.0000
0.0000
0.0000
0.0000
0.0000
1587.7851
2374.4807
2374.4807
2374.4807
2374.4807
1670.9464
697.6957
0.0000
0.0000
0.0000
0.0000
0.0000
0.0000
0.0000
0.0000
0.0000
0.0000
0.0000
0.0000
0.0000
0.0000
0.0000
127.4542
1903.1215
1886.3446
1398.0451
1456.8569
1538.7443
997.2044
0.0000
0.0000
0.0000
0.0000
0.0000
0.0000
0.0000
0.0000
0.0000
0.0000
0.0000
0.0000
0.0000
0.0000
0.0000
0.0000
2103.8572
0.0000
0.0000
0.0000
0.0000
0.0000
0.0000
2349.6179
2374.4807
2204.9329
1252.9254
230.6466
0.0000
0.0000
0.0000
0.0000
0.0000
0.0000
0.0000
0.0000
0.0000
0.0000
0.0000
950.8408
1737.5359
2374.4807
2374.4807
2374.4807
2007.9030
2068.3379
1734.9428
841.8068
873.8542
504.5391
0.0000
0.0000
0.0000
0.0000
0.0000
0.0000
0.0000
0.0000
0.0000
0.0000
0.0000
55.0005
284.0777
465.2241
233.4974
357.4233
583.6275
511.2675
1407.9801
1445.3666
1374.8129
1360.6698
546.4334
680.8779
456.2369
158.6745
0.0000
0.0000
0.0000
0.0000
0.0000
0.0000
0.0000
0.0000
0.0000
0.0000
0.0000
0.0000
521.3694
1285.7373
1537.9613
1737.0753
2014.6471
2374.4807
1816.6445
1189.1528
749.2886
0.0000
0.0000
0.0000
0.0000
0.0000
0.0000
0.0000
0.0000
0.0000
0.0000
0.0000
0.0000
0.0000
0.0000
0.0000
479.4905
945.7138
1155.9747
1353.9621
1693.3733
1838.1475
1688.0709
1360.2546
776.4727
189.2027
0.0000
0.0000
0.0000
0.0000
0.0000
0.0000
0.0000
0.0000
0.0000
0.0000
0.0000
0.0000
0.0000
24.9181
688.5423
1285.1309
1617.9692
1806.4887
1811.3505
1764.8825
1727.3385
1531.6870
1098.1378
463.3771
0.0000
0.0000
0.0000
0.0000
0.0000
0.0000
0.0000
0.0000
0.0000
0.0000
0.0000
0.0000
0.0000
0.0000
364.3712
939.8575
1293.2274
1514.3454
1594.0107
1803.3417
1920.0340
1265.0140
614.9708
94.4845
0.0000
0.0000
0.0000
0.0000
0.0000
0.0000
0.0000
0.0000
0.0000
0.0000
0.0000
0.0000
0.0000
97.5336
823.6588
1238.8841
1356.9512
1549.9216
1651.2026
1579.2853
1506.0201
1356.7089
900.0940
287.4082
0.0000
0.0000
0.0000
0.0000
0.0000
0.0000
0.0000
0.0000
0.0000
0.0000
0.0000
0.0000
0.0000
0.0000
886.3072
2086.3174
2374.4807
2374.4807
2374.4807
2374.4807
2374.4807
2298.9515
1441.9164
655.6401
0.0000
0.0000
0.0000
0.0000
0.0000
0.0000
0.0000
0.0000
0.0000
0.0000
0.0000
0.0000
166.7729
1034.2876
1396.2098
1587.2822
1006.0151
838.4126
864.3472
1395.4919
1441.2358
1585.6069
1120.8707
565.4248
0.0000
0.0000
0.0000
0.0000
0.0000
0.0000
0.0000
0.0000
0.0000
0.0000
0.0000
0.0000
0.0000
420.9540
746.0267
876.7939
878.4251
870.7154
1880.9969
1700.5695
1167.0083
1241.9944
893.0917
424.9527
0.0000
0.0000
0.0000
0.0000
0.0000
0.0000
0.0000
0.0000
0.0000
0.0000
0.0000
0.0000
0.0000
59.5561
569.3428
1220.7663
1917.9810
1965.6943
2150.9097
2016.3058
1689.5987
1132.1250
457.6020
0.0000
0.0000
0.0000
0.0000
0.0000
0.0000
0.0000
0.0000
0.0000
0.0000
0.0000
0.0000
0.0000
0.0000
0.0000
288.7577
1367.9412
1177.8766
1231.4912
1365.3204
958.5274
879.8622
855.9084
0.0000
0.0000
0.0000
0.0000
0.0000
0.0000
0.0000
0.0000
0.0000
0.0000
0.0000
0.0000
0.0000
0.0000
0.0000
0.0000
0.0000
241.8498
468.0713
957.1467
2367.5145
2256.1017
2374.4807
1359.1828
351.1303
0.0000
0.0000
0.0000
0.0000
0.0000
0.0000
0.0000
0.0000
0.0000
0.0000
0.0000
0.0000
0.0000
0.0000
81.4534
697.2205
1465.8294
2293.6091
2374.4807
2374.4807
2374.4807
2374.4807
2374.4807
1155.0899
226.7589
0.0000
0.0000
0.0000
0.0000
0.0000
0.0000
0.0000
0.0000
0.0000
0.0000
0.0000
0.0000
0.0000
109.3748
879.5953
1626.8283
2374.4807
2374.4807
2374.4807
2374.4807
2374.4807
1446.2417
592.9342
0.0000
0.0000
0.0000
0.0000
0.0000
0.0000
0.0000
0.0000
0.0000
0.0000
0.0000
0.0000
0.0000
0.0000
0.0000
1929.3831
2374.4807
2374.4807
2374.4807
2374.4807
2374.4807
2374.4807
2374.4807
1378.1417
272.1161
0.0000
0.0000
0.0000
0.0000
0.0000
0.0000
0.0000
0.0000
0.0000
0.0000
0.0000
0.0000
0.0000
490.6985
2239.8118
2374.4807
2374.4807
2374.4807
2374.4807
2374.4807
2374.4807
2374.4807
1090.1643
367.5952
0.0000
0.0000
0.0000
0.0000
0.0000
0.0000
336.4799
464.3416
521.2574
389.9168
252.4264
0.0000
0.0000
0.0000
0.0000
0.0000
0.0000
0.0000
0.0000
0.0000
0.0000
0.0000
0.0000
0.0000
0.0000
0.0000
0.0000
0.0000
0.0000
0.0000
0.0000
0.0000
0.0000
0.0000
0.0000
0.0000
0.0000
0.0000
0.0000
0.0000
537.7652
799.8193
937.9242
887.3089
1040.5869
851.6445
884.5925
0.0000
0.0000
0.0000
0.0000
0.0000
0.0000
381.3367
340.5279
259.8800
136.5494
15.4351
0.0000
29.6138
0.0000
0.0000
105.4106
1407.2056
2037.6726
2374.4807
2374.4807
2374.4807
2286.9826
2024.5862
1606.0487
47.3135
0.0000
0.0000
0.0000
0.0000
0.0000
0.0000
0.0000
0.0000
0.0000
0.0000
0.0000
0.0000
0.0000
0.0000
354.5411
1036.8132
1807.7922
2176.6368
2069.2787
1749.5583
1622.9034
1074.2999
598.6925
242.0171
0.0000
0.0000
0.0000
0.0000
0.0000
0.0000
0.0000
0.0000
0.0000
0.0000
0.0000
0.0000
0.0000
0.0000
0.0000
249.5839
553.7751
776.8264
1027.2014
2205.7669
2183.1238
1089.4645
622.7062
140.8218
0.0000
0.0000
0.0000
0.0000
0.0000
0.0000
0.0000
0.0000
0.0000
0.0000
0.0000
0.0000
0.0000
76.7937
661.2096
1271.3208
1963.2613
2374.4807
2374.4807
2139.4790
1725.6086
1417.0384
648.3652
0.0000
0.0000
0.0000
0.0000
0.0000
0.0000
0.0000
0.0000
0.0000
0.0000
0.0000
0.0000
0.0000
0.0000
0.0000
0.0000
0.0000
0.0000
0.0000
1632.7793
1858.6389
2113.2934
2027.8395
1500.1181
845.7439
0.0000
0.0000
0.0000
0.0000
0.0000
0.0000
0.0000
0.0000
0.0000
0.0000
0.0000
0.0000
0.0000
0.0000
2054.2102
0.0000
0.0000
0.0000
0.0000
0.0000
0.0000
1781.1039
2374.4807
1924.4350
772.3860
0.0000
0.0000
0.0000
0.0000
0.0000
0.0000
0.0000
0.0000
0.0000
0.0000
0.0000
630.7562
1849.5693
2374.4807
2374.4807
2374.4807
2374.4807
2374.4807
2374.4807
2374.4807
2374.4807
2057.1674
1213.1791
220.5067
0.0000
0.0000
0.0000
0.0000
0.0000
0.0000
0.0000
0.0000
0.0000
0.0000
0.0000
0.0000
0.0000
577.4786
1325.5533
1651.4714
1840.1507
1813.6250
1639.4135
1489.1138
1211.0754
728.5941
169.8379
0.0000
0.0000
0.0000
0.0000
0.0000
0.0000
0.0000
0.0000
0.0000
0.0000
0.0000
0.0000
0.0000
0.0000
707.3766
1306.6070
1568.7153
1740.8061
2374.4807
2374.4807
1113.9063
755.2540
425.6484
0.0000
0.0000
0.0000
0.0000
0.0000
0.0000
0.0000
0.0000
0.0000
0.0000
0.0000
0.0000
0.0000
0.0000
0.0000
337.2449
886.9492
1360.2647
1503.6218
2341.8454
2016.5162
2062.4393
880.8339
405.3773
0.0000
0.0000
0.0000
0.0000
0.0000
0.0000
0.0000
0.0000
0.0000
0.0000
0.0000
0.0000
0.0000
0.0000
0.0000
36.5985
1465.7721
1586.5231
1557.7560
1160.3977
1091.7167
957.0104
976.7056
812.9169
0.0000
0.0000
0.0000
0.0000
0.0000
0.0000
0.0000
0.0000
0.0000
0.0000
0.0000
94.1556
255.9081
519.6344
758.8500
774.2857
764.8932
1014.7155
1208.5460
1136.3167
982.3864
946.7227
876.4805
862.4413
0.0000
0.0000
0.0000
0.0000
0.0000
0.0000
0.0000
0.0000
0.0000
0.0000
0.0000
0.0000
0.0000
0.0000
0.0000
0.0000
0.0000
0.0000
0.0000
0.0000
0.0000
0.0000
0.0000
0.0000
74.6967
249.7400
364.0550
248.8495
254.5801
181.6417
39.9306
0.0000
0.0000
0.0000
0.0000
0.0000
0.0000
0.0000
0.0000
1594.3826
0.0000
0.0000
0.0000
0.0000
0.0000
0.0000
0.0000
0.0000
0.0000
0.0000
200.1419
216.5775
59.4046
0.0000
0.0000
0.0000
0.0000
0.0000
0.0000
0.0000
0.0000
0.0000
0.0000
0.0000
249.7526
2374.4807
2374.4807
2374.4807
2302.3125
2346.7351
1309.0377
1622.8819
1056.2543
608.4640
0.0000
0.0000
0.0000
0.0000
0.0000
0.0000
0.0000
0.0000
0.0000
0.0000
0.0000
0.0000
0.0000
0.0000
420.4279
649.4686
914.4116
1085.9254
828.9023
763.8506
708.4626
527.5386
111.9044
0.0000
0.0000
0.0000
0.0000
0.0000
0.0000
0.0000
0.0000
0.0000
0.0000
0.0000
0.0000
0.0000
0.0000
424.3785
1249.7907
1865.7427
1839.3744
1987.4405
2294.1859
2279.1253
2374.4807
1840.6980
793.5706
0.0000
0.0000
0.0000
0.0000
0.0000
0.0000
0.0000
0.0000
0.0000
0.0000
0.0000
0.0000
0.0000
420.1635
1545.6722
1218.6247
2156.3332
1805.9630
1745.2930
1627.8144
1816.8374
1248.6850
1198.5196
662.7332
0.0000
0.0000
0.0000
0.0000
0.0000
0.0000
0.0000
0.0000
0.0000
0.0000
0.0000
0.0000
0.0000
928.8835
896.3880
2008.3215
1869.1722
1854.4505
1811.9067
1702.2451
1722.5194
2126.7794
1671.2452
1106.3805
0.0000
0.0000
0.0000
0.0000
0.0000
0.0000
0.0000
0.0000
0.0000
0.0000
0.0000
0.0000
0.0000
0.0000
269.8371
883.9294
1870.0878
2129.4307
2059.5002
1947.3946
2374.4807
1265.1704
564.1276
0.0000
0.0000
0.0000
0.0000
0.0000
0.0000
0.0000
0.0000
0.0000
0.0000
0.0000
0.0000
0.0000
0.0000
0.0000
10.5001
605.8895
1673.7428
1684.9714
1735.2922
1633.5669
1365.3473
188.5669
0.0000
0.0000
0.0000
0.0000
0.0000
0.0000
0.0000
0.0000
0.0000
0.0000
0.0000
0.0000
0.0000
0.0000
0.0000
224.3381
1199.0599
1898.8495
2374.4807
2374.4807
2374.4807
2374.4807
2374.4807
2353.3145
1346.2566
158.3759
0.0000
0.0000
0.0000
0.0000
0.0000
0.0000
0.0000
0.0000
0.0000
0.0000
0.0000
0.0000
0.0000
0.0000
72.8058
659.6003
601.1218
399.7940
732.5979
892.2846
1199.1808
1075.7276
501.0169
0.0000
0.0000
0.0000
0.0000
0.0000
0.0000
0.0000
0.0000
0.0000
0.0000
0.0000
0.0000
0.0000
0.0000
0.0000
0.0000
0.0000
0.0000
0.0000
0.0000
0.0000
0.0000
702.6955
1784.6695
856.8148
152.2891
0.0000
0.0000
0.0000
0.0000
0.0000
0.0000
0.0000
0.0000
0.0000
0.0000
0.0000
0.0000
0.0000
0.0000
0.0000
0.0000
0.0000
2112.8944
2374.4807
2374.4807
2213.7539
2260.9411
1128.8556
32.6164
0.0000
0.0000
0.0000
0.0000
0.0000
0.0000
0.0000
0.0000
0.0000
0.0000
0.0000
0.0000
0.0000
0.0000
1591.9033
2374.4807
2357.9055
2162.7400
2189.2751
2151.9903
2374.4807
1421.3765
272.3985
0.0000
0.0000
0.0000
0.0000
0.0000
0.0000
0.0000
0.0000
0.0000
0.0000
0.0000
0.0000
0.0000
0.0000
0.0000
2232.9268
0.0000
411.1415
2374.4807
2374.4807
2374.4807
2182.4967
1301.8313
199.8398
0.0000
0.0000
0.0000
0.0000
0.0000
0.0000
0.0000
0.0000
0.0000
0.0000
0.0000
0.0000
0.0000
0.0000
0.0000
0.0000
2362.2702
0.0000
1602.5675
2374.4807
2374.4807
2265.0885
1340.6909
334.9824
0.0000
0.0000
0.0000
0.0000
0.0000
0.0000
0.0000
0.0000
0.0000
0.0000
0.0000
0.0000
0.0000
0.0000
0.0000
0.0000
0.0000
1068.5390
2374.4807
2374.4807
2374.4807
2374.4807
1455.2596
275.2884
0.0000
0.0000
0.0000
0.0000
0.0000
0.0000
0.0000
0.0000
0.0000
0.0000
0.0000
0.0000
0.0000
0.0000
0.0000
0.0000
0.0000
0.0000
114.8552
2220.9657
2070.5894
1721.9244
1147.4557
96.0315
0.0000
0.0000
0.0000
0.0000
0.0000
0.0000
0.0000
0.0000
0.0000
0.0000
0.0000
0.0000
0.0000
0.0000
0.0000
0.0000
0.0000
0.0000
0.0000
0.0000
546.0867
2374.4807
1974.0546
1079.7835
232.0886
0.0000
0.0000
0.0000
0.0000
0.0000
0.0000
0.0000
0.0000
0.0000
0.0000
0.0000
0.0000
0.0000
0.0000
0.0000
458.8298
1965.1829
2072.3885
1750.8612
1793.6109
1987.1660
1650.5792
434.9307
0.0000
0.0000
0.0000
0.0000
0.0000
0.0000
0.0000
0.0000
0.0000
0.0000
0.0000
0.0000
0.0000
468.6655
1104.4149
1392.2941
1484.2905
2374.4807
2301.5168
2311.5530
1323.1692
1145.4200
1219.3980
391.5696
0.0000
0.0000
0.0000
0.0000
0.0000
0.0000
0.0000
0.0000
0.0000
0.0000
0.0000
0.0000
0.0000
173.7967
878.5998
1809.0228
2374.4807
2374.4807
2374.4807
2374.4807
2374.4807
2374.4807
1588.9260
232.5436
0.0000
0.0000
0.0000
0.0000
0.0000
0.0000
0.0000
0.0000
0.0000
0.0000
0.0000
0.0000
0.0000
0.0000
1.8418
1705.6596
2311.8868
2374.4807
2374.4807
2374.4807
2165.8825
568.2570
0.0000
0.0000
0.0000
0.0000
0.0000
0.0000
0.0000
0.0000
0.0000
0.0000
0.0000
0.0000
0.0000
0.0000
0.0000
0.0000
600.7097
1365.0757
2374.4807
2374.4807
2374.4807
2374.4807
2374.4807
1352.4684
460.5332
0.0000
0.0000
0.0000
0.0000
0.0000
0.0000
0.0000
0.0000
0.0000
0.0000
0.0000
0.0000
0.0000
0.0000
0.0000
64.7692
557.9533
1062.1979
982.1771
1254.6005
1142.8374
624.8356
140.7258
0.0000
0.0000
0.0000
0.0000
0.0000
0.0000
0.0000
0.0000
0.0000
0.0000
0.0000
0.0000
0.0000
0.0000
0.0000
0.0000
133.8923
1107.1771
1928.8215
2374.4807
2374.4807
2213.3705
1929.4384
759.3311
342.2600
0.0000
0.0000
0.0000
0.0000
0.0000
0.0000
0.0000
0.0000
0.0000
0.0000
0.0000
0.0000
0.0000
0.0000
0.0000
974.0882
1631.2530
2374.4807
2329.8639
2359.2441
2374.4807
2374.4807
2238.7559
1511.3142
0.0000
0.0000
0.0000
0.0000
0.0000
0.0000
0.0000
0.0000
0.0000
0.0000
0.0000
10.8536
74.3391
369.8012
813.9487
1259.8214
1360.7367
1762.7195
1990.2259
2092.4940
1811.5752
1491.0812
1254.8054
610.7950
0.0000
0.0000
0.0000
0.0000
0.0000
0.0000
0.0000
0.0000
0.0000
11.6226
60.8368
0.0000
0.0000
0.0000
0.0000
97.3201
610.4885
1801.2933
1726.4007
1425.9880
1235.2494
955.3866
0.0000
0.0000
0.0000
0.0000
0.0000
0.0000
0.0000
0.0000
0.0000
0.0000
0.0000
0.0000
0.0000
0.0000
0.0000
0.0000
0.0000
0.0000
752.6170
1534.5176
2374.4807
2374.4807
2374.4807
1423.3229
1034.6518
326.2034
0.0000
0.0000
0.0000
0.0000
0.0000
0.0000
0.0000
0.0000
0.0000
0.0000
0.0000
0.0000
0.0000
0.0000
0.0000
541.2080
2132.2354
2196.5248
2374.4807
2063.4176
1723.2080
1261.2390
1144.5844
675.3916
485.2541
317.5178
253.8217
185.4338
136.6413
176.5174
224.3912
320.8455
239.0814
136.4356
36.2821
0.0000
0.0000
0.0000
319.8287
1108.7797
1586.3963
1752.5322
1557.5290
1674.2508
1864.6601
1571.1164
1100.5789
177.3855
0.0000
0.0000
0.0000
0.0000
0.0000
0.0000
0.0000
0.0000
0.0000
0.0000
0.0000
0.0000
0.0000
0.0000
0.0000
0.0000
0.0000
537.3836
971.9569
1210.7887
1442.8928
1528.7897
1400.9660
899.8138
0.0000
0.0000
0.0000
0.0000
0.0000
0.0000
0.0000
0.0000
0.0000
0.0000
0.0000
0.0000
0.0000
0.0000
85.9349
1200.8862
2374.4807
2374.4807
2374.4807
2374.4807
2268.9318
1925.5651
1615.6703
503.3872
0.0000
0.0000
0.0000
0.0000
0.0000
0.0000
0.0000
0.0000
0.0000
0.0000
0.0000
0.0000
0.0000
0.0000
706.8941
1405.1913
1834.9650
1586.9515
1768.3895
1867.5066
1777.4749
1985.9905
2374.4807
1734.6114
0.0000
0.0000
0.0000
0.0000
0.0000
0.0000
0.0000
0.0000
0.0000
0.0000
0.0000
0.0000
0.0000
0.0000
273.6868
1313.7441
2156.8363
2374.4807
2374.4807
2374.4807
2374.4807
2374.4807
1804.4019
602.0825
0.0000
0.0000
0.0000
0.0000
0.0000
0.0000
0.0000
0.0000
0.0000
0.0000
0.0000
0.0000
0.0000
0.0000
0.0000
0.0000
771.9187
1305.8740
1631.5965
2374.4807
2374.4807
1216.4860
482.4580
0.0000
0.0000
0.0000
0.0000
0.0000
0.0000
0.0000
0.0000
0.0000
0.0000
0.0000
0.0000
0.0000
0.0000
0.0000
0.0000
0.0000
0.0000
339.2902
1491.0321
1480.9340
1537.3651
492.3341
0.0000
0.0000
0.0000
0.0000
0.0000
0.0000
0.0000
0.0000
0.0000
0.0000
0.0000
0.0000
0.0000
0.0000
0.0000
0.0000
0.0000
1047.8550
2032.5884
1918.1300
1417.7930
1182.9474
1277.8131
845.6190
1010.9846
392.3078
0.0000
0.0000
0.0000
0.0000
0.0000
0.0000
0.0000
0.0000
0.0000
0.0000
0.0000
0.0000
0.0000
0.0000
140.7620
758.1474
1166.4485
2239.3896
1669.6932
1528.9694
1516.9135
1636.7326
1525.9966
399.0071
0.0000
0.0000
0.0000
0.0000
0.0000
0.0000
0.0000
0.0000
0.0000
0.0000
0.0000
0.0000
0.0000
0.0000
203.0277
1012.1041
1278.8679
1742.2999
1784.3626
2374.4807
2213.9595
1659.1953
325.3548
25.6166
0.0000
0.0000
0.0000
0.0000
0.0000
0.0000
0.0000
0.0000
0.0000
0.0000
0.0000
0.0000
0.0000
0.0000
0.0000
0.0000
720.9776
1211.7121
1452.9060
879.2295
931.1962
842.1035
926.5285
145.0668
0.0000
0.0000
0.0000
0.0000
0.0000
0.0000
0.0000
0.0000
0.0000
152.4481
322.8378
0.0000
0.0000
0.0000
0.0000
0.0000
0.0000
0.0000
0.0000
0.0000
0.0000
0.0000
0.0000
0.0000
0.0000
121.4397
118.9130
33.7283
35.1607
0.0000
0.0000
305.6652
585.0321
467.2262
0.0000
0.0000
0.0000
0.0000
0.0000
0.0000
0.0000
0.0000
2345.0475
0.0000
0.0000
0.0000
0.0000
0.0000
0.0000
0.0000
0.0000
0.0000
0.0000
70.1559
143.5928
0.0000
0.0000
0.0000
0.1248
0.0000
0.0000
0.0000
0.0000
1666.9413
0.0000
0.0000
0.0000
2037.4285
2374.4807
2374.4807
2000.0292
1166.1342
0.0000
0.0000
0.0000
0.0000
0.0000
0.0000
0.0000
0.0000
0.0000
0.0000
0.0000
0.0000
0.0000
0.0000
0.0000
0.0000
2014.3978
0.0000
0.0000
0.0000
1257.0208
2374.4807
2069.6409
1448.4814
667.1135
280.8050
58.9852
0.0000
0.0000
0.0000
0.0000
0.0000
0.0000
0.0000
0.0000
0.0000
0.0000
0.0000
0.0000
233.9945
933.9553
1230.9934
1163.5115
1010.9436
827.8402
987.5303
959.7984
436.6664
0.0000
0.0000
0.0000
0.0000
0.0000
0.0000
0.0000
0.0000
0.0000
0.0000
0.0000
0.0000
0.0000
0.0000
0.0000
0.0000
0.0000
0.0000
1327.8392
1723.3287
1786.3225
1491.0697
749.9957
0.0000
0.0000
0.0000
0.0000
0.0000
0.0000
0.0000
0.0000
0.0000
0.0000
0.0000
0.0000
0.0000
0.0000
0.0000
0.0000
0.0000
0.0000
0.0000
0.0000
0.0000
132.5199
2247.9818
1177.8972
689.3595
326.9409
194.2305
114.0135
158.1544
107.0308
90.9197
0.0000
0.0000
0.0000
0.0000
0.0000
0.0000
0.0000
0.0000
387.9312
1412.8025
2318.1544
2374.4807
2374.4807
2374.4807
2374.4807
2114.0280
1537.2981
701.6961
0.0000
0.0000
0.0000
0.0000
0.0000
0.0000
0.0000
0.0000
0.0000
0.0000
0.0000
0.0000
0.0000
0.0000
0.0000
544.7849
1548.6925
2081.5582
2374.4807
2374.4807
2245.0099
1877.3324
1126.1556
29.2034
0.0000
0.0000
0.0000
0.0000
0.0000
0.0000
0.0000
0.0000
0.0000
0.0000
0.0000
0.0000
0.0000
0.0000
0.0000
529.4766
1439.9371
2014.5886
2374.4807
2310.3967
2113.7610
1745.4380
986.7436
0.0000
0.0000
0.0000
0.0000
0.0000
0.0000
0.0000
0.0000
0.0000
0.0000
0.0000
0.0000
0.0000
0.0000
0.0000
0.0000
0.0000
0.0000
833.0886
1969.7663
2138.4975
2183.0906
2071.1769
1377.4557
413.5111
0.0000
0.0000
0.0000
0.0000
0.0000
0.0000
0.0000
0.0000
0.0000
0.0000
0.0000
0.0000
0.0000
0.0000
0.0000
286.8934
1928.3120
2374.4807
2374.4807
2374.4807
2374.4807
2364.5990
1680.8961
940.7009
0.0000
0.0000
0.0000
0.0000
0.0000
0.0000
0.0000
0.0000
0.0000
0.0000
0.0000
0.0000
0.0000
0.0000
111.1712
964.4011
1961.3961
2374.4807
2374.4807
2374.4807
2374.4807
2358.5229
1923.2366
835.0371
0.0000
0.0000
0.0000
0.0000
0.0000
0.0000
0.0000
0.0000
0.0000
0.0000
0.0000
0.0000
0.0000
0.0000
0.0000
462.1357
1455.8082
2060.6081
2374.4807
2374.4807
2042.8839
1608.1657
949.5306
0.0000
0.0000
0.0000
0.0000
0.0000
0.0000
0.0000
0.0000
0.0000
0.0000
0.0000
0.0000
0.0000
0.0000
0.0000
0.0000
0.0000
700.7476
2220.9275
2258.5578
2296.4715
2057.5562
711.1096
140.8419
0.0000
0.0000
0.0000
0.0000
0.0000
0.0000
0.0000
0.0000
0.0000
0.0000
0.0000
0.0000
0.0000
0.0000
0.0000
0.0000
57.0167
507.7094
849.8257
1127.7297
2188.1188
883.5675
664.3087
183.9055
0.0000
0.0000
0.0000
0.0000
0.0000
0.0000
0.0000
0.0000
0.0000
0.0000
0.0000
0.0000
0.0000
0.0000
0.0000
0.0000
100.6967
1815.3251
2356.3172
2374.4807
2374.4807
2220.7166
2000.6195
505.9617
0.0000
0.0000
0.0000
0.0000
0.0000
0.0000
0.0000
0.0000
0.0000
0.0000
0.0000
0.0000
0.0000
0.0000
0.0000
0.0000
0.0000
544.8813
1006.8352
1547.0391
1694.6009
1674.2979
1471.7522
690.4232
0.0000
0.0000
0.0000
0.0000
0.0000
0.0000
0.0000
0.0000
0.0000
0.0000
0.0000
0.0000
0.0000
0.0000
0.0000
0.0000
0.0000
1839.4574
0.0000
0.0000
0.0000
0.0000
0.0000
0.0000
0.0000
0.0000
0.0000
0.0000
0.0000
0.0000
0.0000
0.0000
0.0000
0.0000
0.0000
0.0000
0.0000
0.0000
50.9855
995.5467
137.7224
11.1685
92.6489
127.3586
0.0000
803.5358
930.8819
0.0000
0.0000
0.0000
0.0000
0.0000
0.0000
0.0000
0.0000
0.0000
0.0000
0.0000
0.0000
0.0000
0.0000
0.0000
0.0000
0.0000
0.0000
240.4644
1728.0748
1983.1563
1872.1792
1739.6183
1586.7815
699.5654
786.7267
786.9023
804.1697
874.9924
844.5280
858.9977
768.2327
860.6123
735.7828
648.2917
512.1122
392.8966
246.2512
29.5588
0.0000
0.0000
469.0623
1289.7741
1876.9446
2045.5928
1869.9792
1523.6832
783.7466
0.0000
0.0000
0.0000
0.0000
0.0000
0.0000
0.0000
0.0000
0.0000
0.0000
0.0000
0.0000
0.0000
0.0000
0.0000
0.0000
0.0000
0.0000
0.0000
0.0000
0.0000
0.0000
582.4755
0.0000
0.0000
0.0000
0.0000
0.0000
0.0000
0.0000
0.0000
159.9835
166.8754
191.8602
216.8993
175.2413
90.9516
16.4740
0.0000
0.0000
0.0000
0.0000
132.2172
1582.6731
1637.1752
1704.3816
1592.4484
1241.6898
0.0000
0.0000
0.0000
0.0000
0.0000
0.0000
0.0000
0.0000
0.0000
0.0000
0.0000
0.0000
0.0000
0.0000
0.0000
0.0000
0.0000
0.0000
0.0000
0.0000
0.0000
0.0000
0.0000
0.0000
0.0000
0.0000
0.0000
0.0000
0.0000
0.0000
0.0000
0.0000
0.0000
0.0000
0.0000
0.0000
0.0000
0.0000
0.0000
0.0000
0.0000
0.0000
0.0000
0.0000
0.0000
0.0000
0.0000
0.0000
0.0000
0.0000
0.0000
333.0048
444.6756
512.7161
602.9636
658.8781
692.8682
662.5474
649.9725
632.8817
605.2689
509.3348
476.8442
485.2501
613.7202
995.7313
1586.8841
2011.5638
2131.3530
2145.1084
1833.3812
1355.4928
822.9405
359.9786
106.5078
30.7606
0.0000
0.0000
11.8797
71.2423
100.2719
193.9553
197.7387
176.9719
179.5128
87.4409
0.0000
0.0000
0.0000
146.2175
595.8441
1029.3992
1292.6761
1419.8113
1185.9380
693.2048
0.0000
0.0000
0.0000
0.0000
0.0000
0.0000
0.0000
0.0000
0.0000
0.0000
0.0000
0.0000
0.0000
0.0000
0.0000
0.0000
0.0000
0.0000
59.6686
1537.5424
1729.1313
1598.9438
1341.6101
1053.0863
0.0000
0.0000
0.0000
0.0000
0.0000
0.0000
0.0000
299.2937
317.1548
187.5083
63.0079
0.0000
0.0000
0.0000
0.0000
0.0000
0.0000
0.0000
0.0000
0.0000
1276.9071
1506.1307
1448.8678
3.0129
0.0000
0.0000
0.0000
0.0000
0.0000
0.0000
0.0000
0.0000
0.0000
0.0000
0.0000
0.0000
0.0000
0.0000
0.0000
0.0000
0.0000
0.0000
0.0000
34.4957
456.3457
1275.3911
1301.5351
180.0917
0.0000
0.0000
0.0000
0.0000
0.0000
0.0000
0.0000
0.0000
0.0000
176.7823
150.3638
176.2947
296.9911
491.5541
0.0000
0.0000
0.0000
328.2143
856.6567
2374.4807
2374.4807
2374.4807
2367.0382
2146.4555
482.7379
0.0000
0.0000
0.0000
0.0000
0.0000
0.0000
0.0000
0.0000
442.5890
0.0000
0.0000
0.0000
0.0000
0.0000
0.0000
0.0000
0.0000
556.0703
1224.7020
1964.4847
2374.4807
2374.4807
2374.4807
772.8643
0.0000
0.0000
0.0000
0.0000
0.0000
0.0000
0.0000
0.0000
0.0000
0.0000
0.0000
0.0000
0.0000
0.0000
0.0000
0.0000
0.0000
593.3152
2242.4536
2374.4807
2374.4807
2363.8988
1007.6738
0.0000
0.0000
0.0000
0.0000
0.0000
0.0000
0.0000
0.0000
0.0000
0.0000
0.0000
116.2615
189.8924
239.4208
250.1277
0.0000
0.0000
126.4452
944.3085
1815.3437
2374.4807
2374.4807
2374.4807
1576.6659
587.4733
0.0000
0.0000
0.0000
0.0000
0.0000
0.0000
650.4652
621.0570
619.4115
644.7667
670.9502
731.3587
759.8566
0.0000
0.0000
27.2610
453.3851
852.5848
1004.0235
2105.0660
1597.8939
729.7078
333.0763
170.0421
7.3362
0.0000
0.0000
0.0000
0.0000
0.0000
481.9600
0.0000
337.7626
272.2492
290.5746
313.4738
312.2164
0.0000
0.0000
0.0000
0.0000
0.0000
0.0000
1047.9838
1070.7283
966.4437
908.1036
0.0000
0.0000
0.0000
0.0000
0.0000
0.0000
0.0000
0.0000
484.8608
469.2966
445.9643
383.4420
0.0000
0.0000
0.0000
0.0000
0.0000
0.0000
0.0000
0.0000
0.0000
307.5606
255.8133
0.0000
0.0000
0.0000
0.0000
0.0000
0.0000
0.0000
0.0000
0.0000
0.0000
0.0000
0.0000
0.0000
0.0000
0.0000
0.0000
0.0000
0.0000
0.0000
95.2807
437.9615
677.1337
739.7921
678.7967
536.3994
362.2888
61.3334
0.0000
0.0000
0.0000
0.0000
0.0000
0.0000
31.6590
178.4801
208.3382
209.6142
279.6396
405.4627
0.0000
0.0000
0.0000
0.0000
143.7681
295.2690
405.7906
336.2022
228.8939
238.3372
27.5983
0.0000
94.7082
222.8776
399.0365
451.3298
531.5885
500.7381
1278.2551
1173.5680
1079.0587
1040.8813
995.4017
962.4471
942.7940
975.0857
1062.4830
498.8974
1253.2892
1288.1018
1290.3884
1062.6673
720.3600
495.3827
440.9513
0.0000
0.0000
0.0000
0.0000
0.0000
0.0000
648.0931
557.1842
473.0615
465.6846
387.8386
322.5056
291.9206
224.5258
182.6089
162.6879
380.1404
664.3203
967.7432
1222.9575
1273.9908
1227.4414
1163.8562
0.0000
0.0000
0.0000
0.0000
0.0000
211.7564
514.2246
666.1152
567.1058
367.7927
306.3329
226.6696
72.5724
0.0000
31.7560
0.0000
0.0000
0.0000
0.0000
377.4145
842.6397
755.4627
635.7858
261.4522
0.0000
0.0000
0.0000
0.0000
0.0000
0.0000
0.0000
0.0000
217.6998
887.3757
1028.9023
1025.4981
952.7984
909.9562
675.0749
487.7886
0.0000
0.0000
0.0000
0.0000
444.2244
442.1639
472.5354
246.5885
0.0000
0.0000
0.0000
0.0000
0.0000
0.0000
0.0000
0.0000
173.3454
199.0811
191.9834
197.4072
262.2324
353.9093
331.1539
0.0000
0.0000
0.0000
0.0000
1124.7249
1027.1361
1033.6776
0.0000
0.0000
0.0000
0.0000
0.0000
0.0000
0.0000
0.0000
0.0000
0.0000
0.0000
0.0000
0.0000
0.0000
0.0000
0.0000
0.0000
0.0000
0.0000
0.0000
730.3808
1154.2317
1613.3298
1872.6768
2020.4949
1713.6603
954.7048
0.0000
0.0000
0.0000
0.0000
0.0000
0.0000
0.0000
0.0000
0.0000
0.0000
0.0000
0.0000
0.0000
0.0000
0.0000
0.0000
0.0000
0.0000
1010.0366
1281.5949
360.8371
0.0000
0.0000
0.0000
0.0000
0.0000
0.0000
0.0000
0.0000
0.0000
0.0000
301.4273
290.1872
283.0988
271.2018
287.3097
335.7567
377.9508
416.3361
521.0216
810.7365
1299.5943
1529.5761
1606.2072
1432.2131
1330.7011
1174.6168
955.5076
764.8280
0.0000
0.0000
0.0000
638.2663
562.2282
486.1109
396.6023
320.2127
149.4929
65.6824
94.7078
143.7971
173.2172
143.8174
0.0000
0.0000
0.0000
143.9823
1437.3730
1313.2933
43.0499
0.0000
0.0000
0.0000
0.0000
0.0000
0.0000
0.0000
0.0000
0.0000
0.0000
0.0000
0.0000
0.0000
0.0000
0.0000
0.0000
0.0000
0.0000
0.0000
11.0108
577.0849
870.7839
768.1528
320.4884
206.6185
190.0464
319.1894
419.5336
458.7540
437.1055
395.1815
1368.9534
1405.8682
1402.5103
1360.5002
1351.7619
1276.1781
1385.7674
1328.5928
1382.6138
1541.2655
1568.7652
575.6345
615.0685
1314.1988
1649.0171
1629.4955
542.2157
400.2168
199.4252
50.1641
101.9608
152.7575
145.9170
81.7466
22.0099
0.0000
0.0000
830.6288
0.0000
0.0000
0.0000
588.3216
0.0000
0.0000
0.0000
0.0000
0.0000
787.5811
904.0218
1027.6674
0.0000
0.0000
0.0000
0.0000
0.0000
0.0000
0.0000
1.3127
0.0000
0.0000
0.0000
0.0000
0.0000
0.0000
0.0000
0.0000
0.0000
0.0000
0.0000
0.0000
578.0407
1085.0173
1371.7308
1510.2649
1314.1743
650.8106
0.0000
0.0000
0.0000
0.0000
79.0307
127.2733
142.0895
120.0728
27.8508
0.0000
0.0000
0.0000
0.0000
0.0000
0.0000
0.0000
0.0000
34.6134
352.9954
657.6077
879.4928
805.2542
588.0516
130.0810
0.0000
0.0000
0.0000
0.0000
0.0000
0.0000
0.0000
0.0000
0.0000
0.0000
0.0000
0.0000
0.0000
0.0000
0.0000
0.0000
0.0000
0.0000
0.0000
0.0000
0.0000
0.0000
0.0000
0.0000
0.0000
0.0000
0.0000
0.0000
0.0000
0.0000
0.0000
0.0000
0.0000
0.0000
0.0000
0.0000
0.0000
0.0000
0.0000
0.0000
0.0000
0.0000
0.0000
0.0000
0.0000
0.0000
0.0000
0.0000
0.0000
0.0000
0.0000
0.0000
0.0000
0.0000
0.0000
0.0000
0.0000
0.0000
0.0000
0.0000
0.0000
0.0000
0.0000
0.0000
0.0000
0.0000
0.0000
214.9779
419.1647
410.2811
303.1776
68.3507
0.0000
0.0000
0.0000
0.0000
0.0000
0.0000
0.0000
0.0000
0.0000
9.7643
42.9358
37.1976
26.4347
48.5333
27.0439
0.0000
0.0000
0.0000
69.0177
153.7362
218.1024
327.9478
278.3598
119.2552
0.0000
0.0000
0.0000
0.0000
0.0000
0.0000
0.0000
0.0000
384.3886
0.0000
0.0000
590.6575
734.1859
919.9522
1098.5350
1255.0367
1367.4586
1492.9660
1670.2008
1761.4895
1746.3893
1713.4096
1638.5659
409.5102
169.3849
72.7798
85.5330
165.3256
219.5609
149.1779
1066.2555
980.3628
884.0742
738.2596
651.3678
536.3821
399.1839
213.8037
207.1051
92.5145
61.3860
0.0000
498.1912
819.7246
1116.8102
1402.8342
1389.9455
631.6283
275.6914
101.5435
0.0000
0.0000
0.0000
311.8053
157.4992
6.2076
0.0000
0.0000
0.0000
0.0000
0.0000
0.0000
0.0000
0.0000
0.0000
0.0000
0.0000
0.0000
0.0000
0.0000
0.0000
0.0000
0.0000
0.0000
0.0000
0.0000
187.0344
270.4828
351.4682
435.3251
460.8482
488.5003
434.3479
347.1973
309.2562
319.2457
313.3275
295.4475
176.9187
188.7709
699.4877
1293.3429
1566.6225
1653.9417
1388.6945
691.3450
0.0000
0.0000
0.0000
0.0000
0.0000
0.0000
0.0000
0.0000
0.0000
0.0000
0.0000
0.0000
0.0000
0.0000
0.0000
0.0000
0.0000
73.3310
514.5102
988.3345
1173.6443
1132.9031
821.8142
568.6236
0.0000
0.0000
0.0000
0.0000
0.0000
485.6957
511.7059
526.0114
431.3845
377.1748
342.8092
300.0067
206.3765
168.0345
114.2607
151.7578
221.8556
0.0000
0.0000
1214.4091
1553.6893
1620.0217
1423.5722
896.3204
242.6189
0.0000
0.0000
0.0000
0.0000
0.0000
356.9121
259.9775
268.6578
309.8370
345.1947
408.6229
463.8257
443.8073
448.4360
367.4879
0.0000
0.0000
0.0000
534.1733
641.2033
727.5550
141.6714
0.0000
0.0000
0.0000
0.0000
0.0000
0.0000
0.0000
0.0000
0.0000
0.0000
0.0000
0.0000
0.0000
0.0000
0.0000
0.0000
0.0000
0.0000
0.0000
0.0000
81.7397
159.1120
246.0815
239.0367
44.5690
0.0000
0.0000
0.0000
0.0000
0.0000
0.0000
0.0000
24.6798
31.3342
66.8382
93.6212
155.8494
178.5876
267.6969
271.2873
302.0526
0.0000
0.0000
0.0000
114.6029
302.5138
1210.3560
1022.1319
0.0000
0.0000
0.0000
0.0000
0.0000
0.0000
0.0000
277.0151
215.0758
170.8914
111.6338
47.2052
0.0000
0.0000
0.0000
0.0000
0.0000
0.0000
0.0000
0.0000
0.0000
129.7463
177.3786
0.0000
0.0000
0.0000
0.0000
0.0000
0.0000
0.0000
0.0000
0.0000
0.0000
194.5205
0.0000
0.0000
0.0000
0.0000
0.0000
0.0000
537.3681
0.0000
0.0000
93.3085
325.5275
460.0413
547.3589
510.0119
296.3558
5.8587
0.0000
124.0476
253.6479
644.3678
1356.4206
1442.8263
1473.0654
1435.4878
1470.4042
1436.2072
1397.1443
1341.1699
1297.5887
1257.3277
1236.8745
1193.8340
1261.5188
1552.6410
1863.7192
1938.3881
758.2938
1472.2470
58.2681
0.0000
0.0000
0.0000
0.0000
1.7789
0.0000
0.0000
0.0000
0.0000
729.8773
192.4093
0.0000
0.0000
651.9051
0.0000
0.0000
0.0000
0.0000
0.0000
0.0000
0.0000
408.4486
0.0000
0.0000
0.0000
0.0000
0.0000
0.0000
0.0000
406.5847
355.1555
367.2396
352.5385
368.1397
326.7189
336.2235
358.5574
396.1401
417.5366
414.3447
0.0000
0.0000
0.0000
0.0000
0.0000
0.0000
0.0000
0.0000
0.0000
0.0000
0.0000
0.0000
0.0000
0.0000
0.0000
0.0000
0.0000
0.0000
0.0000
0.0000
0.0000
0.0000
0.0000
0.0000
0.0000
0.0000
0.0000
0.0000
303.8663
367.9257
263.3586
0.0000
0.0000
0.0000
0.0000
0.0000
0.0000
0.0000
0.0000
0.0000
0.0000
0.0000
0.0000
0.0000
0.0000
0.0000
0.0000
0.0000
0.0000
0.0000
0.0000
0.0000
0.0000
0.0000
0.0000
0.0000
0.0000
0.0000
0.0000
0.0000
0.0000
0.0000
0.0000
0.0000
0.0000
0.0000
0.0000
0.0000
0.0000
0.0000
0.0000
0.0000
0.0000
0.0000
145.8508
419.8333
604.9586
705.0374
569.1484
401.0742
277.3595
267.8418
228.3896
281.6443
366.0745
468.0613
585.1620
684.8501
733.9761
651.3223
463.2984
386.1908
377.6264
351.0335
213.5212
126.4156
35.3345
6.9064
195.4456
379.4676
400.0204
114.1453
0.0000
0.0000
0.0000
0.0000
0.0000
0.0000
0.0000
0.0000
0.0000
0.0000
0.0000
0.0000
0.0000
0.0000
0.0000
0.0000
0.0000
0.0000
0.0000
1.5474
165.8874
598.5976
956.9531
1241.7543
1135.0024
1021.4039
892.6609
870.1295
900.6415
852.7350
893.8130
957.9892
968.8462
934.8060
864.4679
778.3417
661.0802
465.3712
242.9914
0.0000
0.0000
0.0000
0.0000
0.0000
0.0000
167.8322
498.9054
593.2406
502.8814
424.8272
412.1704
544.4023
719.2297
808.3256
829.2145
797.7420
772.9221
730.2040
686.4393
640.4985
576.6680
584.5477
578.1397
577.4508
585.6788
574.1729
503.3614
415.3983
431.3337
398.2064
315.0258
147.1608
0.0000
0.0000
0.0000
0.0000
0.0000
150.8856
76.0011
0.0000
0.0000
0.0000
0.0000
0.0000
0.0000
0.0000
0.0000
0.0000
0.0000
0.0000
0.0000
0.0000
0.0000
0.0000
0.0000
0.0000
0.0000
0.0000
0.0000
0.0000
0.0000
0.0000
0.0000
0.0000
0.0000
0.0000
0.0000
0.0000
0.0000
0.0000
0.0000
0.0000
0.0000
0.0000
0.0000
0.0000
0.0000
0.0000
0.0000
0.0000
0.0000
0.0000
0.0000
0.0000
0.0000
0.0000
0.0000
0.0000
0.0000
0.0000
0.0000
0.0000
0.0000
21.3869
56.8816
113.5809
141.7438
102.9060
65.5120
0.0000
0.0000
0.0000
0.0000
0.0000
0.0000
0.0000
0.0000
0.0000
0.0000
0.0000
0.0000
0.0000
0.0000
0.0000
0.0000
0.0000
0.0000
0.0000
0.0000
0.0000
0.0000
0.0000
92.0439
238.3038
420.2410
630.9921
679.8444
660.6928
530.5777
385.3893
304.5773
364.9797
463.5804
456.8540
416.7462
342.9953
271.9556
242.0018
230.2352
236.4614
240.0083
230.6607
204.8157
158.7027
158.9649
116.5789
64.9086
25.2180
14.3591
0.0000
0.0000
0.0000
0.0000
0.0000
0.0000
0.0000
0.0000
0.0000
0.0000
0.0000
0.0000
0.0000
0.0000
904.8428
1311.0226
1520.1661
1621.9548
1731.0304
1745.1157
809.6574
914.2383
981.7420
1091.0420
1231.4415
1347.6959
1413.3816
1151.6276
905.3780
611.9972
447.8697
329.5278
196.1736
244.0023
289.3479
270.9897
241.3434
182.5551
148.1912
4.8337
0.0000
0.0000
0.0000
0.0000
0.0000
0.0000
0.0000
0.0000
0.0000
0.0000
0.0000
0.0000
0.0000
0.0000
0.0000
0.0000
0.0000
0.0000
0.0000
0.0000
61.7898
228.3004
333.3251
418.4121
496.0612
532.0535
421.2629
372.9529
254.4275
112.2990
3.5273
82.6003
265.4765
513.8694
568.7868
413.1479
246.0990
81.4980
146.9471
277.3338
484.9956
647.1241
683.3402
661.1057
679.9938
764.7761
779.4792
735.0874
639.0506
580.0612
521.6311
502.5429
506.4639
512.8823
418.7922
373.1468
379.1641
1441.3685
1485.4350
1237.0227
632.7311
418.5072
193.0675
0.0000
0.0000
0.0000
0.0000
0.0000
789.9934
131.0786
0.0000
0.0000
0.0000
0.0000
163.9574
28.2971
0.0000
0.0000
0.0000
0.0000
0.0000
0.0000
0.0000
0.0000
0.0000
0.0000
0.0000
0.0000
0.0000
0.0000
0.0000
0.0000
0.0000
0.0000
0.0000
0.0000
0.0000
0.0000
0.0000
21.1844
187.0651
286.6348
0.0000
0.0000
0.0000
0.0000
1019.0828
858.9180
567.8230
0.0000
0.0000
0.0000
0.0000
0.0000
0.0000
0.0000
0.0000
0.0000
103.5463
261.4045
438.2164
544.2574
630.0109
1449.9223
1740.5219
788.8676
860.4519
937.9850
1011.0966
1131.1443
1116.5874
996.6303
792.8397
613.0331
473.1279
423.5502
490.5763
600.8262
662.4995
702.2715
780.7854
828.6646
803.7469
738.7551
1665.1448
1618.1999
1592.2093
568.3545
517.5177
430.9176
311.0592
279.5058
334.0267
458.5414
445.2620
287.8313
63.8785
0.0000
0.0000
0.0000
0.0000
0.0000
0.0000
330.4368
440.5770
382.3727
235.6388
122.7703
66.3922
76.9079
97.8406
0.0000
0.0000
0.0000
0.0000
0.0000
177.7859
431.4255
389.0055
0.0000
0.0000
0.0000
0.0000
0.0000
0.0000
0.0000
0.0000
0.0000
0.0000
0.0000
233.0094
180.9772
56.5304
0.0000
0.0000
0.0000
0.0000
0.0000
0.0000
0.0000
0.0000
0.0000
0.0000
0.0000
0.0000
0.0000
0.0000
0.0000
0.0000
0.0000
0.0000
0.0000
0.0000
0.0000
0.0000
0.0000
950.3618
1103.8290
1297.7297
1496.5274
1565.0044
647.3791
597.0293
645.9950
699.9055
1759.8790
900.6246
264.2521
0.0000
0.0000
0.0000
0.0000
0.0000
0.0000
0.0000
1205.7066
1434.6209
1615.3484
1656.6562
1570.0212
1575.4195
1433.5361
1525.2617
1671.4327
1617.3401
1408.0339
1216.5037
49.1143
0.0000
0.0000
742.4912
791.6926
0.0000
0.0000
0.0000
0.0000
0.0000
0.0000
0.0000
0.0000
380.0903
1020.2368
0.0000
3.3254
0.0000
0.0000
0.0000
0.0000
0.0000
0.0000
0.0000
0.0000
0.0000
0.0000
0.0000
0.0000
0.0000
0.0000
0.0000
0.0000
0.0000
0.0000
0.0000
0.0000
0.0000
0.0000
0.0000
0.0000
0.0000
0.0000
0.0000
0.0000
0.0000
0.0000
0.0000
0.0000
0.0000
0.0000
0.0000
0.0000
0.0000
0.0000
0.0000
0.0000
456.2044
504.0676
507.6863
439.0256
433.4772
449.1629
436.4242
416.2941
404.2049
435.9841
427.7089
405.4349
488.8234
582.8267
584.5343
619.8719
787.3792
938.9604
1067.8913
1047.8415
947.5601
0.0000
0.0000
0.0000
0.0000
0.0000
740.8216
744.7596
702.3941
647.4674
619.0868
575.4771
568.7179
644.9446
728.7718
711.0733
676.2811
543.1474
431.9730
370.3231
531.7256
755.5061
884.7475
836.1130
682.6479
514.8129
511.6462
573.0546
574.9627
438.2465
293.2790
177.6579
8.5041
0.0000
0.0000
0.0000
0.0000
0.0000
0.0000
0.0000
0.0000
0.0000
0.0000
0.0000
24.5408
256.1978
307.0550
191.4232
0.0000
0.0000
0.0000
0.0000
0.0000
0.0000
0.0000
0.0000
0.0000
0.0000
0.0000
0.0000
0.0000
0.0000
0.0000
0.0000
0.0000
0.0000
0.0000
0.0000
213.4153
482.2993
523.5204
346.2331
29.6858
0.0000
0.0000
0.0000
0.0000
0.0000
0.0000
0.0000
0.0000
0.0000
0.0000
0.0000
0.0000
0.0000
0.0000
0.0000
0.0000
0.0000
0.0000
0.0000
0.0000
140.1045
229.5322
119.3038
0.0000
0.0000
0.0000
0.0000
0.0000
0.0000
0.0000
0.0000
0.0000
0.0000
0.0000
0.0000
0.0000
126.4987
0.0000
1154.6830
1218.1918
1297.8284
1510.7294
1692.3542
2082.8790
2374.4807
2374.4807
1977.2313
1129.1249
359.5736
0.0000
0.0000
0.0000
0.0000
0.0000
0.0000
0.0000
0.0000
0.0000
0.0000
0.0000
0.0000
0.0000
0.0000
0.0000
0.0000
0.0000
0.0000
0.0000
380.7208
463.0354
270.5169
12.6219
0.0000
39.2184
208.3048
1431.8342
1518.3515
1544.5245
1417.2972
1239.1250
1185.2730
1178.6733
1157.6065
1078.7609
957.8985
839.4052
708.0658
642.1928
687.0075
0.0000
0.0000
256.9803
563.0839
592.6765
286.0739
0.0000
0.0000
0.0000
0.0000
0.0000
0.0000
0.0000
366.4783
380.2060
419.5166
482.2831
510.6448
551.7346
571.4743
578.2457
613.3364
610.2989
627.3907
0.0000
0.0000
124.7284
423.8639
1423.3838
139.6358
0.0000
0.0000
0.0000
0.0000
0.0000
0.0000
0.0000
0.0000
0.0000
0.0000
0.0000
0.0000
0.0000
0.0000
0.0000
0.0000
0.0000
0.0000
0.0000
0.0000
0.0000
0.0000
0.0000
0.0000
0.0000
0.0000
0.0000
0.0000
0.0000
0.0000
0.0000
0.0000
0.0000
0.0000
0.0000
