0.0000
0.0000
0.0000
0.0000
0.0000
0.0000
0.0000
0.0000
0.0000
0.0000
0.0000
0.0000
0.0000
0.0000
0.0000
0.0000
0.0000
0.0000
0.0000
0.0000
0.0000
0.0000
0.0000
0.0000
0.0000
0.0000
0.0000
0.0000
632.1730
661.9967
826.2731
964.7151
885.4231
451.5968
6.1303
0.0000
0.0000
144.5186
421.2176
362.1301
199.3459
245.3600
363.3105
470.5121
618.4475
776.2820
900.5788
884.6544
566.1041
175.2461
0.0000
0.0000
0.0000
0.0000
0.0000
0.0000
0.0000
0.0000
0.0000
0.0000
0.0000
0.0000
0.0000
0.0000
0.0000
89.4667
391.8623
90.8509
0.0000
0.0000
0.0000
69.5868
653.6280
674.5338
632.2066
1096.3849
1068.0853
986.1066
947.5363
912.5231
885.5625
750.2498
549.6303
557.3276
632.6925
813.4033
921.6408
989.3638
1032.7471
1094.5163
1116.7124
1154.2060
1134.1407
1105.9718
1097.4844
1075.1510
1087.9554
626.8856
768.8964
593.7250
547.1863
509.4463
477.6100
463.4445
438.6194
393.9211
318.8743
310.7626
0.0000
0.0000
-0.0000
0.0000
215.4501
0.0000
0.0000
0.0000
0.0000
0.0000
0.0000
0.0000
0.0000
0.0000
0.0000
0.0000
0.0000
0.0000
0.0000
0.0000
0.0000
0.0000
0.0000
7132.1172
1183.2686
0.0000
0.0000
0.0000
0.0000
0.0000
0.0000
0.0000
0.0000
0.0000
0.0000
0.0000
0.0000
0.0000
0.0000
0.0000
0.0000
0.0000
0.0000
0.0000
0.0000
7132.1172
979.4543
0.0000
0.0000
0.0000
0.0000
0.0000
0.0000
0.0000
0.0000
0.0000
0.0000
0.0000
0.0000
0.0000
0.0000
0.0000
0.0000
0.0000
0.0000
0.0000
0.0000
0.0000
0.0000
0.0000
0.0000
0.0000
0.0000
0.0000
0.0000
0.0000
0.0000
0.0000
84.7398
247.2741
39.5489
0.0000
0.0000
0.0000
-0.0000
9.8983
139.2925
233.7768
293.2562
1341.1451
1363.1287
1395.3092
1329.7403
1110.4808
941.2426
828.9149
846.9346
1101.9784
1394.3404
1489.6201
1481.1479
1468.7149
1441.6104
929.5284
447.7891
449.3655
433.6308
434.0291
451.5405
433.3140
415.8936
391.1025
376.8636
327.0221
1291.4968
1243.5032
1111.7199
823.9034
29.2179
0.0000
0.0000
0.0000
474.3498
494.1627
379.9286
324.0043
293.2880
273.3023
-0.0000
0.0000
0.0000
0.0000
0.0000
0.0000
0.0000
0.0000
0.0000
0.0000
0.0000
0.0000
0.0000
0.0000
0.0000
0.0000
0.0000
0.0000
0.0000
110.1599
100.1868
158.6590
265.1974
0.0000
0.0000
6.2726
59.0976
0.0000
0.0000
0.0000
0.0000
0.0000
0.0000
0.0000
534.8182
1069.0125
893.1048
421.4747
34.5763
0.0000
0.0000
514.8928
1125.6555
1369.1235
1383.4038
1405.7998
1427.1557
1461.4976
1452.8599
1416.1785
1336.3355
1176.7701
940.4517
767.3721
205.6018
130.9884
0.0000
465.3444
420.4763
348.3243
157.6266
0.0000
0.0000
0.0000
0.0000
0.0000
0.0000
0.0000
0.0000
0.0000
0.0000
0.0000
0.0000
0.0000
0.0000
0.0000
0.0000
0.0000
0.0000
0.0000
0.0000
0.0000
0.0000
0.0000
0.0000
0.0000
0.0000
0.0000
0.0000
0.0000
0.0000
0.0000
0.0000
0.0000
0.0000
0.0000
0.0000
-0.0000
-0.0000
0.0000
226.4075
0.0000
0.0000
413.0210
1066.9052
1145.7309
1181.6002
1226.2291
1196.9783
948.5203
775.5756
691.1180
705.2755
762.4726
906.9545
877.5683
789.4519
721.6153
754.4524
739.5174
642.9581
593.4018
83.8615
515.5993
463.3081
0.0000
0.0000
0.0000
0.0000
487.7290
422.4979
375.1565
324.1187
183.1879
0.0000
0.0000
0.0000
0.0000
0.0000
372.3734
352.5750
300.9711
278.9899
0.0000
0.0000
0.0000
0.0000
0.0000
0.0000
0.0000
0.0000
0.0000
0.0000
143.3709
128.1675
101.2657
0.0000
0.0000
0.0000
0.0000
0.0000
0.0000
0.0000
0.0000
142.8901
360.4358
456.1402
407.1859
343.4589
0.0000
0.0000
0.0000
0.0000
0.0000
0.0000
0.0000
0.0000
0.0000
0.0000
59.4019
121.0229
105.9862
99.1724
84.4794
48.7686
59.2540
105.8201
164.5145
209.8053
236.8681
230.6283
225.0531
252.9779
285.5434
314.4609
340.7684
371.8720
390.3746
400.7315
414.5729
429.6988
443.6810
454.0425
454.7320
329.7096
63.6387
0.0000
0.0000
0.0000
0.0000
128.2800
360.2392
326.9139
287.7986
228.9123
201.6986
226.9249
247.5264
234.4096
209.1982
177.7901
163.5818
176.2989
168.1804
198.0484
203.8803
1197.3111
1248.0337
1148.7544
866.1054
0.0000
0.0000
0.0000
148.8634
1354.3014
1415.7525
1409.7850
1390.7118
1362.2109
1352.4789
356.9936
318.8005
274.1132
224.3321
188.7443
158.2062
133.4763
80.7661
51.9985
12.6661
0.0000
907.6416
339.1458
235.8362
0.0000
0.0000
0.0000
0.0000
0.0000
344.0171
843.5519
767.7009
208.4387
0.0000
0.0000
0.0000
0.0000
0.0000
0.0000
0.0000
75.0453
127.0798
193.8632
215.1196
710.1711
1214.7259
666.4041
91.2573
0.0000
0.0000
0.0000
0.0000
75.7207
560.4351
487.8642
0.0000
0.0000
0.0000
0.0000
0.0000
0.0000
0.0000
6.0800
92.2883
144.6760
184.2661
225.4076
252.1601
277.4986
276.8156
199.9275
2.4589
0.0000
-0.0000
0.0000
0.0000
0.0000
0.0000
73.6852
244.9910
338.0253
354.9791
3.0720
0.0000
0.0000
0.0000
0.0000
146.6978
0.0000
0.0000
82.4311
0.0000
0.0000
0.0000
0.0000
0.0000
0.0000
0.0000
0.0000
0.0000
0.0000
0.0000
0.0000
0.0000
0.0000
0.0000
0.0000
0.0000
0.0000
0.0000
0.0000
0.0000
0.0000
0.0000
0.0000
0.0000
0.0000
0.0000
0.0000
0.0000
0.0000
0.0000
0.0000
0.0000
2.4554
113.2732
110.7052
49.0304
95.3762
134.8687
59.6479
154.4742
411.9586
659.4097
830.0157
979.8942
1142.5806
1232.9547
1301.5644
1346.0813
1304.9443
1237.3985
1143.4381
1007.1616
900.7749
854.5581
975.9636
887.2893
1015.9004
1234.5125
1217.8975
1149.7559
1106.7871
1012.5026
871.5558
318.1674
0.0000
0.0000
0.0000
0.0000
0.0000
0.0000
0.0000
0.0000
0.0000
0.0000
0.0000
0.0000
0.0000
0.0000
0.0000
0.0000
0.0000
0.0000
91.1133
147.9204
136.5051
0.0000
0.0000
0.0000
0.0000
0.0000
0.0000
0.0000
0.0000
0.0000
0.0000
-0.0000
69.5929
530.3001
504.4022
257.8391
0.0000
0.0000
0.0000
-0.0000
-0.0000
559.4071
525.4210
54.7873
178.3620
193.5722
174.4167
155.6734
160.2914
190.0244
235.2807
210.2431
157.3601
172.4055
175.0301
187.9719
713.2638
722.9639
143.6350
31.8260
0.0000
0.0000
52.7149
197.3415
310.5291
783.1646
1191.6478
1046.0002
477.1181
0.0000
0.0000
0.0000
0.0000
0.0000
0.0000
0.0000
0.0000
0.0000
0.0000
0.0000
61.1609
423.0115
0.0000
0.0000
0.0000
0.0000
0.0000
0.0000
0.0000
0.0000
547.6586
650.1572
197.4297
0.0000
0.0000
0.0000
0.0000
0.0000
0.0000
45.4123
106.6248
136.6905
138.7507
110.9212
596.3278
975.4540
415.9501
0.0000
0.0000
0.0000
0.0000
0.0000
0.0000
567.2397
1115.2218
1115.8046
1140.8515
636.3621
166.2086
227.7801
236.1757
216.2273
218.1968
240.1486
239.2729
279.5751
305.4226
330.5726
358.9970
337.5970
77.8404
0.0000
0.0000
0.0000
0.0000
0.0000
15.3252
368.0298
962.8883
971.1000
970.1258
794.3404
427.1048
391.8306
401.9400
395.7422
390.4871
396.7962
415.4396
415.5736
393.3241
361.3401
357.1264
338.2528
209.7387
11.1753
0.0000
0.0000
0.0000
0.0000
115.8830
250.2585
761.7103
1244.7775
1270.7534
768.5014
240.9628
239.1036
255.5130
245.8455
229.4668
228.1233
274.8799
312.3234
306.8411
753.1287
1225.1710
1182.9190
944.1243
0.0000
0.0000
0.0000
0.0000
0.0000
72.9119
1220.8830
1212.4706
1143.0386
1067.2035
526.6779
1.4382
0.0000
0.0000
33.3472
22.7484
0.5831
0.0000
0.0000
0.0000
0.0000
197.6489
602.2835
-0.0000
-0.0000
-0.0000
0.0000
0.0000
0.0000
0.0000
280.2375
266.8868
140.6809
0.0000
0.0000
0.0000
0.0000
0.0000
0.0000
0.0000
0.0000
0.0000
0.0000
0.0000
0.0000
0.0000
0.0000
0.0000
0.0000
0.0000
0.0000
0.0000
0.0000
0.0000
448.1246
804.5510
848.3054
866.4369
893.5952
892.2428
896.6156
405.9289
874.0881
881.9963
865.9696
852.5369
879.0462
876.8155
827.4771
877.6371
894.2772
398.5329
0.0000
0.0000
0.0000
0.0000
0.0000
332.8627
1027.8271
1125.5255
1000.6781
929.4268
880.1993
861.3292
871.6293
893.3971
865.7016
889.1265
967.9295
1014.3167
24.1864
485.9005
917.2296
865.6562
717.8956
455.8389
80.0395
0.0000
0.0000
0.0000
0.0000
0.0000
396.2493
431.6191
324.1439
0.0000
0.0000
0.0000
0.0000
0.0000
0.0000
0.0000
0.0000
0.0000
0.0000
0.0000
0.0000
0.0000
0.0000
0.0000
0.0000
0.0000
0.0000
0.0000
0.0000
0.0000
0.0000
572.9492
639.4774
752.3923
868.3456
996.7643
1094.5289
1137.8281
1121.9060
1140.1044
1115.7787
1089.5507
1069.8809
1012.7263
965.3104
967.8512
940.9755
813.8079
642.5670
485.1121
0.0000
0.0000
0.0000
333.1895
365.1588
264.3183
147.0760
123.9572
0.0000
-0.0000
0.0000
-0.0000
0.0000
0.0000
0.0000
34.0050
32.6328
7.7680
36.6195
22.1178
0.0000
0.0000
0.0000
0.0000
378.2896
-0.0000
-0.0000
0.0000
-0.0000
0.0000
0.0000
0.0000
0.0000
0.0000
0.0000
0.0000
0.0000
0.0000
0.0000
0.0000
0.0000
0.0000
0.0000
0.0000
0.0000
0.0000
0.0000
0.0000
0.0000
0.0000
0.0000
0.0000
0.0000
0.0000
0.0000
0.0000
0.0000
0.0000
0.0000
0.0000
0.0000
0.0000
0.0000
0.0000
0.0000
0.0000
0.0000
16.6909
0.0000
0.0000
0.0000
0.0000
0.0000
0.0000
0.0000
0.0000
308.5302
534.5169
644.2598
753.2733
876.1793
436.4483
0.0000
37.1637
73.7168
80.2612
0.0000
0.0000
0.0000
0.0000
0.0000
813.2001
854.2614
805.4655
711.4607
593.0298
468.3970
0.0000
0.0000
8.1771
131.5250
733.0883
748.1751
832.5277
419.3528
7.5794
117.4324
181.5797
209.3704
265.9788
296.4646
310.0995
327.6164
338.3662
868.4578
1397.3159
1325.6567
1026.4896
577.4780
0.0000
0.0000
0.0000
72.5557
1003.9964
1348.0537
1490.0617
1492.8926
1486.6929
1477.4526
1454.7592
928.4086
392.3426
337.5356
316.7945
303.3097
266.5905
237.9054
177.7661
114.7121
69.8003
406.7501
0.0000
0.0000
0.0000
0.0000
0.0000
0.0000
52.8531
141.4481
536.5362
381.7275
229.2090
149.4494
0.0000
0.0000
0.0000
0.0000
97.6606
0.0000
0.0000
0.0000
18.8441
61.7758
82.3039
375.4010
0.0000
0.0000
0.0000
0.0000
0.0000
0.0000
0.0000
447.3153
1437.2953
1460.6393
1459.9616
1433.8395
887.2488
847.1353
794.3784
765.3339
239.6522
186.8306
143.0621
625.7668
612.9998
1104.8335
1113.7079
753.1205
0.0000
0.0000
0.0000
0.0000
0.0000
0.0000
0.0000
665.1035
1193.0398
1245.7482
1241.2232
1243.2893
1256.7845
739.0497
715.2467
688.7605
192.6866
216.6427
241.1467
272.3713
286.7206
822.8932
1325.4724
975.4892
111.4070
0.0000
0.0000
0.0000
0.0000
0.0000
0.0000
371.1444
1360.7477
1376.2028
1389.0145
1391.0045
892.1915
400.4153
406.5099
388.2331
357.8515
320.9225
308.9440
285.8266
241.8504
167.2488
1077.2710
691.3573
0.0000
0.0000
0.0000
0.0000
0.0000
0.0000
0.0000
267.8141
709.7581
573.3188
436.2224
346.9812
331.5498
328.5163
254.6367
209.2542
141.7413
177.7491
156.4872
169.7973
140.6844
43.6081
0.0000
0.0000
0.0000
0.0000
0.0000
0.0000
0.0000
0.0000
0.0000
0.0000
0.0000
0.0000
0.0000
0.0000
0.0000
0.0000
0.0000
0.0000
0.0000
0.0000
91.6636
322.6572
875.8540
881.5027
871.3353
782.5817
645.5094
495.5504
372.4821
312.6562
296.9996
257.6052
169.9065
218.9707
205.4832
59.7397
0.0000
0.0000
0.0000
0.0000
0.0000
0.0000
0.0000
0.0000
0.0000
0.0000
0.0000
132.8242
583.5758
339.6788
0.0000
0.0000
0.0000
0.0000
0.0000
70.4333
338.0908
445.0051
479.4000
535.9808
615.7626
783.7508
945.6314
1090.5103
1140.9002
1148.3483
1194.0024
1204.7014
1212.0313
1196.4778
1175.5200
1200.9210
1183.5321
1010.8110
688.8815
266.8983
0.0000
0.0000
0.0000
0.0000
4.0601
487.5409
511.0837
380.3857
243.1339
105.0573
0.0000
0.0000
0.0000
0.0000
0.0000
0.0000
0.0000
0.0000
0.0000
0.0000
0.0000
0.0000
0.0000
0.0000
0.0000
0.0000
0.0000
0.0000
0.0000
0.0000
0.0000
-0.0000
-0.0000
-0.0000
0.0000
0.0000
230.0979
0.0000
0.0000
0.0000
84.2398
136.7964
132.2971
639.9318
1115.9616
997.4374
624.0345
0.0000
0.0000
0.0000
0.0000
0.0000
0.0000
900.5772
1044.0632
1135.0156
1161.7199
696.0339
224.0477
246.9063
271.1648
297.5541
326.4456
342.4976
352.4529
371.7450
388.1632
393.0812
881.4756
1252.7763
538.0380
0.0000
0.0000
0.0000
0.0000
0.0000
0.0000
518.5617
871.5532
1427.8907
1412.5944
678.3194
420.4460
448.1292
463.6758
474.8155
471.7286
464.8323
451.6825
433.2606
413.4039
387.2065
855.0959
688.6285
0.0000
0.0000
0.0000
0.0000
0.0000
0.0000
0.0000
174.0172
899.4258
1419.3534
1426.0181
443.9770
433.4420
416.2985
418.8337
434.3551
437.0302
435.4118
428.5280
418.4118
395.3628
389.1557
851.2271
1200.0174
0.0000
0.0000
0.0000
0.0000
0.0000
0.0000
0.0000
0.0000
821.5461
931.6118
933.6777
423.6182
440.8631
454.8217
446.6328
427.7791
425.3817
421.1658
392.0265
352.7601
358.4648
321.5880
234.9938
-0.0000
-0.0000
-0.0000
0.0000
0.0000
0.0000
0.0000
0.0000
133.5970
710.7635
722.5048
591.7365
550.8585
438.2699
356.5023
380.8703
369.4866
58.9811
0.0000
18.1953
0.0000
0.0000
5.8007
496.8957
98.6616
0.0000
0.0000
0.0000
0.0000
0.0000
0.0000
0.0000
-0.0000
0.0000
0.0000
0.0000
0.0000
0.0000
0.0000
0.0000
0.0000
0.0000
0.0000
0.0000
0.0000
0.0000
0.0000
0.0000
3742.7428
0.0000
0.0000
0.0000
0.0000
0.0000
0.0000
0.0000
-0.0000
-0.0000
0.0000
0.0000
0.0000
0.0000
0.0000
0.0000
0.0000
0.0000
0.0000
0.0000
0.0000
0.0000
0.0000
0.0000
1765.1389
0.0000
0.0000
0.0000
0.0000
0.0000
0.0000
0.0000
0.0000
-0.0000
0.0000
0.0000
0.0000
0.0000
0.0000
0.0000
1732.1276
0.0000
-0.0000
0.0000
0.0000
0.0000
0.0000
0.0000
0.0000
4663.4243
-0.0000
0.0000
0.0000
0.0000
0.0000
0.0000
0.0000
0.0000
0.0000
0.0000
0.0000
0.0000
0.0000
0.0000
0.0000
0.0000
0.0000
0.0000
0.0000
0.0000
0.0000
0.0000
0.0000
0.0000
0.0000
0.0000
0.0000
0.0000
0.0000
0.0000
0.0000
636.6441
862.0975
855.5269
830.0890
746.7356
741.6343
741.2476
753.5080
741.5306
756.4234
769.5224
790.5420
816.3926
798.2082
542.0088
0.0000
0.0000
0.0000
0.0000
0.0000
0.0000
0.0000
0.0000
510.4776
1030.5151
1148.9162
1123.7549
1182.8840
1255.9314
1316.0929
881.4075
1406.8723
1433.0843
1447.6936
1451.3747
1451.7994
1461.9563
1462.9739
1290.2976
0.0000
0.0000
0.0000
0.0000
0.0000
0.0000
0.0000
0.0000
0.0000
1164.6215
1299.5328
1228.3892
644.2550
623.3811
604.0539
124.8075
166.5396
208.4321
231.2904
262.4839
256.1521
736.4805
702.3059
0.0000
0.0000
0.0000
0.0000
0.0000
0.0000
0.0000
0.0000
0.0000
0.0000
471.1842
1150.0954
1087.3841
1061.0415
1046.4283
577.2912
638.2189
195.7371
221.0178
232.7887
238.1860
245.8049
752.0232
1241.4130
1053.8569
558.0035
0.0000
0.0000
0.0000
0.0000
0.0000
0.0000
0.0000
-0.0000
562.3535
1184.3359
1213.0677
255.8281
246.5663
245.4705
250.4690
274.1790
312.2177
358.3680
401.4833
419.2803
428.9273
444.5335
1436.5181
1362.3574
245.1501
150.8773
61.3689
67.8602
76.7721
158.6138
219.0110
321.6300
1390.8625
1414.2800
1386.6365
1363.6745
868.0515
382.8230
386.9515
382.6515
370.2286
340.8624
329.3379
341.5847
330.6802
812.7465
1220.7732
981.2704
0.0000
0.0000
0.0000
0.0000
0.0000
0.0000
0.0000
0.0000
1072.3465
1190.8961
1165.8550
1177.9265
713.2818
219.7299
213.1135
219.6303
240.8354
214.1949
213.5002
244.3630
278.9226
811.9081
1180.0193
902.7249
614.7890
0.0000
0.0000
0.0000
0.0000
0.0000
0.0000
0.0000
192.0375
833.9736
897.7383
980.3519
527.0118
94.9529
158.6971
192.7143
208.3740
228.9841
223.9701
184.4547
191.0112
703.8814
984.6681
404.5706
0.0000
0.0000
0.0000
0.0000
0.0000
0.0000
0.0000
0.0000
828.6247
1279.7890
1305.0150
1335.9640
874.6014
1411.6442
916.9120
955.3717
885.9761
353.1959
324.6976
296.1323
270.3163
202.1859
200.1904
0.0000
0.0000
0.0000
0.0000
0.0000
0.0000
0.0000
0.0000
0.0000
410.3345
883.9958
891.3362
826.2097
800.9862
750.3421
657.9579
551.2600
421.9829
344.1349
293.5380
209.8079
140.9101
65.3886
0.0000
0.0000
0.0000
0.0000
0.0000
0.0000
0.0000
0.0000
0.0000
0.0000
0.0000
107.7610
245.2913
309.6323
333.5526
411.3812
543.5855
595.3307
694.7226
883.5408
1055.4573
1167.1870
1291.2673
1320.6024
839.4509
0.0000
0.0000
0.0000
0.0000
0.0000
0.0000
0.0000
0.0000
0.0000
0.0000
596.6781
640.3858
583.5754
548.4929
576.6270
552.3988
546.9257
565.8895
593.0009
634.7167
707.1153
732.9720
723.6068
431.2280
0.0000
0.0000
0.0000
0.0000
0.0000
0.0000
0.0000
0.0000
0.0000
323.9606
650.8942
757.3760
779.3142
757.4492
718.8196
744.5295
744.9142
727.7460
678.6418
650.8003
692.7436
775.9388
845.7842
527.2166
0.0000
0.0000
0.0000
0.0000
0.0000
0.0000
0.0000
0.0000
0.0000
761.9019
1336.8189
1373.1085
1374.4778
1376.3589
1388.5888
1364.9502
1321.8934
1274.5529
1229.7918
1175.4846
1184.2332
1220.0096
1188.1620
779.4780
0.0000
0.0000
0.0000
0.0000
0.0000
0.0000
0.0000
0.0000
0.0000
903.9224
1347.9018
1328.7717
1308.7056
1320.7803
1352.2037
1331.0174
1278.9779
1241.7263
1235.9081
1239.3053
1189.7285
1134.0218
991.3018
470.4957
0.0000
0.0000
0.0000
0.0000
2344.4488
0.0000
0.0000
0.0000
0.0000
-0.0000
-0.0000
0.0000
0.0000
0.0000
0.0000
0.0000
0.0000
0.0000
0.0000
0.0000
0.0000
0.0000
0.0000
0.0000
4315.7029
0.0000
0.0000
0.0000
0.0000
0.0000
0.0000
0.0000
0.0000
0.0000
0.0000
0.0000
0.0000
0.0000
0.0000
0.0000
0.0000
0.0000
0.0000
0.0000
0.0000
0.0000
0.0000
0.0000
0.0000
0.0000
0.0000
0.0000
0.0000
0.0000
0.0000
0.0000
0.0000
0.0000
105.3780
232.1932
314.7659
389.7945
482.4108
659.7405
878.8270
1036.6652
1164.6951
1233.3517
1235.4364
1181.5432
1112.6996
763.9055
72.8989
0.0000
0.0000
0.0000
0.0000
0.0000
0.0000
0.0000
0.0000
914.7051
1385.4074
1396.0351
1330.3716
1217.1461
1144.4162
1061.0825
1009.1140
1003.9237
953.7558
855.4291
792.8876
612.2665
409.4405
202.1094
0.0000
0.0000
0.0000
0.0000
0.0000
0.0000
0.0000
0.0000
0.0000
16.4192
0.0000
0.0000
0.0000
0.0000
0.0000
0.0000
111.1721
209.0137
291.3530
264.2048
306.3786
297.8050
290.5961
0.0000
0.0000
0.0000
0.0000
0.0000
0.0000
0.0000
0.0000
0.0000
0.0000
343.8942
1043.4640
1116.7364
1051.3259
970.3229
804.9510
709.7803
595.5253
402.5738
379.3559
296.5172
193.3754
83.1017
56.7252
0.0000
0.0000
0.0000
0.0000
0.0000
0.0000
0.0000
0.0000
0.0000
0.0000
0.0000
349.9655
430.9448
477.9296
505.9276
412.5578
270.0714
218.5779
204.5285
218.4897
264.7366
307.3544
196.0284
0.0000
0.0000
0.0000
0.0000
0.0000
0.0000
0.0000
0.0000
0.0000
0.0000
0.0000
469.6226
978.2808
1109.1577
1156.0901
1169.8079
1133.3080
1131.7362
1195.3621
1260.6440
1241.4672
1217.6618
1172.9399
1116.6014
1016.8370
577.8924
0.0000
0.0000
0.0000
0.0000
0.0000
0.0000
0.0000
0.0000
0.0000
264.1372
890.1491
997.6505
846.9925
676.6536
520.9450
289.3592
185.7086
0.0000
0.0000
0.0000
0.0000
0.0000
0.0000
0.0000
0.0000
0.0000
0.0000
0.0000
0.0000
0.0000
0.0000
0.0000
0.0000
0.0000
77.2206
94.7248
122.9587
155.2362
250.8495
339.5509
454.8492
600.4385
692.2663
803.3977
879.1082
886.2204
786.9087
237.4975
0.0000
0.0000
0.0000
0.0000
0.0000
0.0000
0.0000
0.0000
0.0000
257.0855
1161.8715
1279.3692
1241.0212
1259.6625
1272.7078
1285.2751
1293.7693
1295.2887
1331.0470
1372.6689
1397.2922
1434.5915
1271.4922
596.7040
0.0000
0.0000
0.0000
0.0000
0.0000
0.0000
0.0000
0.0000
0.0000
576.8471
1307.7285
1399.2458
1387.7480
1384.7032
1395.3180
1414.3828
1429.9485
1421.1203
1413.1280
1397.9884
1383.9755
1369.1750
1191.5573
439.3961
0.0000
0.0000
0.0000
0.0000
0.0000
0.0000
0.0000
0.0000
0.0000
451.0204
1230.1802
1325.7485
1328.1549
1373.7692
1393.1041
1384.4423
1361.7477
1345.5713
1367.7343
1383.9472
1383.1169
1383.4758
1166.1686
334.4876
0.0000
0.0000
0.0000
0.0000
0.0000
0.0000
0.0000
0.0000
0.0000
416.9300
1193.2653
1257.6587
1232.1599
1207.5775
1209.5949
1214.3256
1240.2969
1255.2172
1224.0578
1212.2697
1165.3415
1070.2313
794.1674
0.0000
0.0000
0.0000
0.0000
0.0000
0.0000
0.0000
0.0000
0.0000
0.0000
0.0000
808.5246
983.2948
978.7715
955.4276
926.3874
847.1137
789.4026
711.7604
636.8004
613.6302
564.0053
557.2503
381.7488
0.0000
0.0000
0.0000
0.0000
0.0000
0.0000
0.0000
0.0000
0.0000
0.0000
0.0000
629.9342
902.5893
950.4758
1051.2896
1124.6879
1221.7796
1256.8241
1275.5159
1298.5322
1301.7638
1328.3597
1368.5389
1102.5770
270.5263
0.0000
0.0000
0.0000
0.0000
0.0000
0.0000
0.0000
0.0000
0.0000
0.0000
833.8040
1097.5074
1096.6056
1075.3227
1070.6777
1029.5145
1052.3683
1078.9722
1118.8205
1136.2385
1127.6363
1145.5264
950.4510
418.3175
0.0000
0.0000
0.0000
0.0000
0.0000
0.0000
0.0000
0.0000
0.0000
212.0632
1098.2714
1299.1187
1292.4807
1297.5051
1325.4848
1320.9253
1300.0706
1330.8219
1363.8603
1398.3923
1418.2894
1414.7734
1147.3767
340.8456
0.0000
0.0000
0.0000
0.0000
0.0000
0.0000
0.0000
0.0000
0.0000
357.7731
1090.6893
1295.7920
1308.6580
1277.8694
1251.8979
1207.2887
1184.9242
1173.5811
1159.7080
1215.1342
1261.3506
1305.0957
1154.5524
711.6406
26.9649
0.0000
0.0000
0.0000
0.0000
0.0000
0.0000
0.0000
0.0000
400.4487
1111.4453
1328.4795
1348.7133
1367.5579
1359.1853
1323.2183
1216.4814
1246.7117
1292.5962
1342.7986
1403.8556
1414.8758
1165.1633
553.9217
0.0000
0.0000
1733.9727
0.0000
-0.0000
0.0000
0.0000
0.0000
-0.0000
0.0000
-0.0000
0.0000
0.0000
0.0000
0.0000
0.0000
0.0000
0.0000
0.0000
0.0000
0.0000
0.0000
0.0000
0.0000
0.0000
0.0000
0.0000
0.0000
0.0000
0.0000
0.0000
0.0000
0.0000
0.0000
0.7182
189.2574
236.2707
253.7125
178.5197
272.8444
385.4586
460.7484
524.4492
578.6453
624.5313
768.7388
749.5005
468.6170
85.6102
0.0000
0.0000
0.0000
0.0000
0.0000
0.0000
0.0000
0.0000
332.3953
1237.4291
1465.6425
1461.6265
1425.2097
1270.2362
968.2037
718.1091
650.0002
539.9376
426.0846
341.8253
233.7267
0.0000
0.0000
0.0000
0.0000
0.0000
0.0000
0.0000
0.0000
0.0000
0.0000
0.0000
29.0185
295.6262
360.4441
292.7445
396.9134
625.0364
791.4888
865.8654
929.8446
1057.3289
1196.1067
1274.7522
1297.7559
1173.7783
996.2822
749.0860
603.6608
202.8961
0.0000
0.0000
0.0000
0.0000
0.0000
0.0000
385.2996
1228.7290
1470.6516
1439.1159
1379.7583
1259.3214
1136.6061
1081.4726
1046.3999
1010.9561
967.0944
892.8196
797.9969
365.2696
0.0000
0.0000
0.0000
0.0000
0.0000
0.0000
0.0000
0.0000
0.0000
0.0000
0.0000
0.0000
0.0000
0.0000
0.0000
0.0000
97.0034
319.2280
520.5024
680.2628
808.2832
900.0889
961.7527
944.4808
631.7872
109.7006
0.0000
0.0000
0.0000
0.0000
0.0000
0.0000
0.0000
0.0000
493.5504
1193.8334
1408.7446
1413.4002
1356.6875
1261.8465
706.2771
681.9728
192.0544
208.5571
187.9776
710.1315
645.4694
1006.1121
776.3287
440.2700
74.6331
0.0000
0.0000
0.0000
0.0000
0.0000
0.0000
0.0000
264.7763
535.1318
782.6221
833.0600
431.3550
516.0527
535.0061
37.5594
54.7769
27.4092
0.0000
0.0000
0.0000
273.4462
55.9189
0.0000
0.0000
0.0000
0.0000
0.0000
0.0000
0.0000
0.0000
0.0000
0.0000
883.3442
1103.2764
1085.9991
512.4657
30.8459
95.1603
126.4722
149.7827
227.7919
255.9972
300.8788
304.7928
174.3854
0.0000
0.0000
0.0000
0.0000
0.0000
0.0000
0.0000
0.0000
0.0000
0.0000
61.8376
90.2737
557.9021
578.9000
155.0196
0.0000
296.9455
0.0000
429.4236
0.0000
476.9932
450.5028
416.8446
0.0000
0.0000
0.0000
0.0000
0.0000
0.0000
0.0000
0.0000
0.0000
0.0000
0.0000
581.4955
1229.9598
1303.9834
1324.8071
1317.9213
819.8114
846.7097
345.3752
375.7714
383.4812
382.5183
379.4702
285.0895
154.5698
0.0000
0.0000
0.0000
0.0000
0.0000
0.0000
0.0000
0.0000
0.0000
0.0000
540.1969
1295.3371
1432.9770
1455.9614
1453.0292
947.4687
440.9132
444.0230
455.7699
448.3217
447.0838
458.9797
1418.7737
1242.4927
929.6944
609.1422
0.0000
0.0000
0.0000
0.0000
0.0000
0.0000
0.0000
5.7561
827.9051
1177.8376
1391.9094
1437.0301
1432.2392
927.8381
919.2814
922.6989
432.1009
447.6380
957.7633
956.5399
1391.7186
1174.9682
752.3567
0.0000
0.0000
0.0000
0.0000
0.0000
0.0000
0.0000
0.0000
0.0000
503.2401
1074.3444
1357.1241
1352.9139
818.9709
675.3301
367.6318
367.5310
378.2003
410.0457
423.2215
441.1590
835.9134
994.4220
453.2644
0.0000
0.0000
0.0000
0.0000
0.0000
0.0000
0.0000
0.0000
0.0000
0.0000
858.1785
1199.3240
1235.8077
1230.1347
1248.7842
1267.4380
1321.1384
1035.7314
1383.2223
1402.7379
1392.0705
1248.6200
839.1817
107.7749
0.0000
0.0000
0.0000
0.0000
0.0000
0.0000
0.0000
0.0000
0.0000
0.0000
753.6443
1203.4869
1293.6304
1291.2262
1260.5018
1268.6482
1300.7686
1320.9324
1348.0916
1381.8621
1386.1953
1237.4677
751.8405
0.0000
0.0000
0.0000
0.0000
0.0000
0.0000
0.0000
0.0000
0.0000
0.0000
0.0000
927.4984
1319.2744
1337.3583
1288.2023
1261.2836
1240.2698
1165.8192
1056.2492
979.6912
953.2340
935.7912
864.5404
510.3416
0.0000
0.0000
0.0000
0.0000
0.0000
0.0000
0.0000
0.0000
0.0000
0.0000
0.0000
546.0521
1020.1053
1114.3358
1142.7755
1159.1056
1161.5077
1172.8651
1138.8786
1078.8180
1027.8188
975.1425
800.2390
308.1996
0.0000
0.0000
533.5040
0.0000
0.0000
0.0000
0.0000
0.0000
0.0000
0.0000
0.0000
128.8893
606.2036
650.5024
568.4166
575.0877
585.5126
631.4925
676.2331
711.6837
699.6312
720.7844
645.9461
321.0720
0.0000
0.0000
0.0000
0.0000
0.0000
0.0000
0.0000
0.0000
0.0000
0.0000
0.0000
402.8876
836.0298
949.8838
956.7454
924.0550
935.8355
1028.2676
1085.6902
1135.2786
1164.0779
1156.1610
1029.8599
687.7154
36.7639
0.0000
239.5035
0.0000
0.0000
0.0000
0.0000
0.0000
0.0000
0.0000
0.0000
712.4521
1196.3872
1297.6464
1285.9599
1319.5136
1344.9236
1355.8304
1367.2600
1378.5414
1382.9462
1361.2190
1190.9125
747.9507
0.0000
0.0000
0.0000
0.0000
0.0000
0.0000
0.0000
0.0000
0.0000
0.0000
0.0000
770.7766
1075.0503
1029.8056
936.7638
891.3613
850.3967
789.8164
827.4672
1025.3498
1101.8483
1047.3182
781.6182
565.6620
0.0000
0.0000
0.0000
0.0000
0.0000
0.0000
0.0000
0.0000
0.0000
0.0000
0.0000
0.0000
70.4895
252.8096
267.9685
186.0966
257.3843
301.0684
339.7240
384.5066
462.3191
534.9667
535.1950
88.8501
0.0000
0.0000
0.0000
0.0000
0.0000
0.0000
0.0000
0.0000
0.0000
0.0000
8.8533
393.5409
746.9826
926.2877
899.1830
938.9873
856.6442
763.9397
689.4012
602.1366
546.4618
374.2242
264.8484
0.0000
0.0000
0.0000
0.0000
0.0000
0.0000
0.0000
0.0000
0.0000
0.0000
0.0000
0.0000
168.0970
860.3587
1001.4082
1005.2029
1082.1430
1096.2601
1074.1419
1035.9693
1031.3276
1033.9657
1092.0527
976.9160
489.7763
0.0000
0.0000
0.0000
0.0000
0.0000
0.0000
3691.0347
0.0000
0.0000
0.0000
0.0000
0.0000
96.1346
257.1510
254.0496
249.2236
297.3792
392.7630
471.0551
516.3619
539.8370
615.6434
561.8764
64.2417
0.0000
-0.0000
0.0000
0.0000
0.0000
0.0000
0.0000
0.0000
0.0000
0.0000
0.0000
562.6546
1104.0531
1263.9430
1332.2728
1367.9423
1390.3240
1431.5386
1450.6341
1455.3350
1456.2799
1435.7005
1236.9248
601.4380
0.0000
0.0000
0.0000
0.0000
0.0000
0.0000
0.0000
0.0000
0.0000
0.0000
0.0000
763.2448
1239.6129
1387.1289
1436.0799
1458.4403
1470.1559
1467.5993
1471.1954
1482.9644
1485.6993
1461.1545
1259.6220
707.8607
0.0000
0.0000
0.0000
0.0000
0.0000
0.0000
0.0000
0.0000
0.0000
0.0000
0.0000
729.1317
1241.7278
1369.7549
1356.5199
1321.0888
1297.7357
1276.1893
1229.1075
1189.1134
1142.4932
1061.1525
800.9487
287.6612
0.0000
0.0000
0.0000
0.0000
0.0000
0.0000
0.0000
0.0000
0.0000
0.0000
0.0000
58.2970
638.8424
936.9121
1012.4304
1008.6927
988.9357
1030.7939
1074.7977
1124.5148
1180.2280
1185.3408
975.8753
576.3045
0.0000
0.0000
0.0000
0.0000
0.0000
0.0000
0.0000
0.0000
0.0000
0.0000
0.0000
801.0725
1254.4337
1391.5692
1388.5090
1390.4889
1386.2083
1373.1359
1362.1725
1333.3708
1311.9643
1260.5504
1087.9505
680.3402
5.2686
0.0000
0.0000
0.0000
0.0000
0.0000
0.0000
0.0000
0.0000
0.0000
0.0000
509.1194
981.5757
1031.6570
1011.8664
1041.5644
1074.6365
1068.9625
1017.4527
955.2912
1011.2002
1049.6974
876.6790
283.6660
0.0000
0.0000
0.0000
0.0000
0.0000
0.0000
0.0000
0.0000
0.0000
0.0000
0.0000
670.9073
1236.4294
1371.9394
1381.1633
1385.7161
1390.2971
1385.6508
1348.0869
1302.4955
1240.9616
1153.0767
881.4122
155.6276
0.0000
1019.9882
0.0000
0.0000
0.0000
0.0000
0.0000
0.0000
0.0000
0.0000
0.0000
0.0000
419.0437
668.1075
676.8480
643.8697
694.2494
696.3204
708.6717
794.0107
843.7971
835.4780
614.5470
0.0000
0.0000
0.0000
0.0000
0.0000
0.0000
0.0000
0.0000
0.0000
0.0000
0.0000
0.0000
393.6809
712.9551
818.7996
763.0296
700.7975
647.1534
466.1605
323.6333
293.2115
335.6310
335.7907
214.8029
0.0000
0.0000
0.0000
0.0000
0.0000
0.0000
0.0000
0.0000
0.0000
0.0000
0.0000
0.0000
0.0000
596.8536
930.5011
974.0611
985.0577
984.2027
962.0896
1025.8734
1077.8728
1028.3150
832.0595
466.9263
0.0000
0.0000
0.0000
0.0000
0.0000
0.0000
0.0000
0.0000
0.0000
0.0000
0.0000
0.0000
0.0000
693.8619
867.5656
741.7767
672.8439
617.6240
514.9803
513.8202
578.9203
594.7061
570.3745
403.7491
0.0000
0.0000
0.0000
0.0000
0.0000
0.0000
0.0000
0.0000
0.0000
0.0000
0.0000
0.0000
0.0000
684.8953
1039.9704
1133.6867
1203.7156
1227.0253
1130.7009
1095.8763
1134.3565
1128.1386
1112.4685
836.1018
102.2167
0.0000
0.0000
0.0000
0.0000
0.0000
0.0000
0.0000
0.0000
0.0000
0.0000
0.0000
397.7591
882.8028
1075.1003
1095.7714
1098.0031
1066.9667
991.3028
924.0778
922.7663
971.8193
984.7329
719.7994
174.3807
0.0000
731.1237
0.0000
0.0000
0.0000
0.0000
0.0000
0.0000
0.0000
0.0000
0.0000
212.2860
853.1029
1055.2042
1010.4022
921.2862
905.4664
866.8659
825.5989
792.4910
767.3431
724.6652
477.3310
0.0000
0.0000
0.0000
0.0000
0.0000
0.0000
0.0000
0.0000
0.0000
0.0000
0.0000
0.0000
39.3205
436.0055
541.5432
498.2317
460.2615
398.1810
352.2712
337.3008
312.8645
308.9444
261.7250
16.2739
0.0000
0.0000
0.0000
0.0000
0.0000
0.0000
0.0000
0.0000
0.0000
0.0000
0.0000
0.0000
0.0000
0.0000
0.0000
123.2827
143.9036
0.0000
0.0000
0.0000
0.0000
0.0000
0.0000
0.0000
801.1130
0.0000
0.0000
0.0000
0.0000
0.0000
0.0000
0.0000
0.0000
0.0000
0.0000
0.0000
90.5240
579.6092
878.7977
989.5784
1060.3700
1133.7017
1123.2809
1090.7250
1123.9906
1168.3870
1059.5232
823.6813
204.2901
0.0000
0.0000
0.0000
0.0000
0.0000
0.0000
0.0000
0.0000
0.0000
0.0000
0.0000
228.6596
810.2183
1021.8260
1050.6772
1070.9856
1020.9432
1040.6152
974.4294
984.8527
1014.7251
972.3786
758.5221
352.2689
0.0000
-0.0000
0.0000
0.0000
0.0000
0.0000
0.0000
0.0000
0.0000
0.0000
0.0000
614.0302
940.7564
917.0761
653.5260
469.3183
366.5062
392.1780
378.2166
528.6808
651.4716
746.3657
229.7374
177.1623
92.6227
4.8242
0.0000
0.0000
0.0000
0.0000
0.0000
0.0000
0.0000
0.0000
0.0000
0.0000
126.1402
325.5860
535.4307
585.4231
610.4874
628.7848
663.5369
753.5246
761.7320
682.7569
410.9526
0.0000
0.0000
0.0000
0.0000
0.0000
0.0000
0.0000
0.0000
0.0000
0.0000
0.0000
0.0000
0.0000
217.5715
660.3738
795.5374
762.2448
752.6365
785.2424
716.8117
605.8921
478.2182
296.5220
0.0000
0.0000
0.0000
0.0000
0.0000
0.0000
0.0000
0.0000
0.0000
0.0000
0.0000
0.0000
0.0000
0.0000
652.4847
1081.8943
1201.1417
1279.9447
1310.8623
1353.8986
1374.4922
1393.4836
1429.9537
1403.3390
1219.8978
840.0970
312.7658
0.0000
0.0000
0.0000
0.0000
0.0000
0.0000
0.0000
0.0000
0.0000
0.0000
55.0768
724.0674
1007.0024
929.5048
800.0835
773.4524
715.5867
721.6964
855.6033
927.1270
889.4923
748.6196
0.0000
0.0000
0.0000
1999.7927
0.0000
0.0000
0.0000
0.0000
0.0000
0.0000
0.0000
85.1780
306.5870
420.3497
242.8822
121.5460
202.8212
146.3352
151.7110
172.3219
181.1889
265.7348
253.6907
98.7356
0.0000
0.0000
0.0000
0.0000
0.0000
0.0000
0.0000
0.0000
0.0000
0.0000
0.0000
0.0000
31.2231
355.7567
543.8085
612.4046
645.2361
720.4847
755.7698
795.5344
855.6309
925.1903
902.6166
707.6216
272.3549
0.0000
0.0000
0.0000
0.0000
0.0000
0.0000
0.0000
0.0000
0.0000
0.0000
0.0000
720.9508
1218.6139
1442.7718
1461.5430
1365.8449
1238.8152
1150.3853
1019.3839
920.0871
868.1644
828.5856
717.6328
457.1150
85.6369
0.0000
0.0000
0.0000
0.0000
0.0000
0.0000
0.0000
0.0000
0.0000
0.0000
43.0193
314.4478
645.5877
765.9012
805.1725
882.2387
840.0377
750.3816
762.5819
788.3055
721.2358
460.4716
0.0000
0.0000
0.0000
0.0000
0.0000
0.0000
0.0000
0.0000
0.0000
0.0000
0.0000
0.0000
0.0000
436.8193
849.1951
996.5255
1058.7780
1084.4631
1100.6580
1130.0763
1127.8342
1112.7535
971.5493
682.6977
0.0000
86.9541
0.0000
0.0000
0.0000
0.0000
0.0000
0.0000
0.0000
0.0000
0.0000
0.0000
0.0000
13.4761
252.9165
316.9646
384.5669
391.1007
376.7749
361.9365
372.4203
464.4583
396.4023
267.8108
0.0000
0.0000
0.0000
0.0000
0.0000
0.0000
0.0000
0.0000
0.0000
0.0000
0.0000
0.0000
0.0000
319.6156
725.4411
882.3935
906.6056
970.7212
1000.1838
1070.1568
1043.6174
922.9153
736.6805
466.4472
0.0000
0.0000
0.0000
0.0000
0.0000
0.0000
0.0000
0.0000
0.0000
0.0000
0.0000
5.3032
493.9620
855.7868
985.3027
1028.8964
1092.6467
1107.1220
1049.6453
1070.1117
1114.1951
1127.4234
1050.9121
888.7909
712.7973
431.2998
95.1235
0.0000
0.0000
0.0000
0.0000
0.0000
0.0000
0.0000
0.0000
0.0000
0.0000
11.1777
395.2009
534.7912
506.8345
470.6303
556.4661
656.3074
750.5419
861.3589
877.0749
722.4097
166.6151
0.0000
0.0000
0.0000
0.0000
0.0000
0.0000
0.0000
0.0000
0.0000
186.5369
597.7076
940.5909
1251.9521
1424.6376
1459.7955
1436.5425
1424.8424
1429.9856
1428.7466
1443.4629
1451.6324
1401.3144
1171.9581
853.9350
0.0000
0.0000
0.0000
0.0000
0.0000
0.0000
0.0000
0.0000
2702.6909
0.0000
0.0000
0.0000
0.0000
41.4208
55.6846
20.6003
22.4470
43.6085
88.7311
89.7926
73.4755
0.0000
0.0000
0.0000
41.0168
0.0000
0.0000
0.0000
0.0000
0.0000
0.0000
0.0000
0.0000
0.0000
0.0000
0.0000
586.9636
936.5970
1024.8073
1031.6732
1035.9990
1114.8180
1164.6800
1182.4616
1161.8765
1071.7780
919.6867
725.0938
513.4571
226.2053
42.5643
0.0000
0.0000
0.0000
0.0000
0.0000
66.1442
89.1136
76.4388
134.5619
377.7010
514.3808
567.4154
475.1087
359.9174
345.4237
285.9450
199.1828
190.1960
188.2103
0.0000
0.0000
0.0000
0.0000
0.0000
0.0000
0.0000
0.0000
0.0000
0.0000
0.0000
0.0000
0.0000
0.0000
666.4597
1058.1681
1167.8647
1149.4040
1139.9038
1160.2097
1222.3474
1305.1087
1364.4380
1306.7069
1007.8171
255.6534
0.0000
0.0000
0.0000
0.0000
0.0000
0.0000
0.0000
7132.1172
0.0000
0.0000
0.0000
0.0000
588.7254
854.0683
788.1837
648.8469
596.6830
597.2822
565.1102
501.6995
476.9279
399.1492
94.3443
0.0000
0.0000
0.0000
0.0000
0.0000
0.0000
0.0000
0.0000
0.0000
0.0000
0.0000
0.0000
0.0000
323.5782
658.2335
717.0389
746.0004
739.8652
671.7628
652.7439
630.9340
611.2399
514.2703
210.8569
0.0000
0.0000
0.0000
0.0000
0.0000
0.0000
0.0000
0.0000
0.0000
0.0000
0.0000
0.0000
0.0000
385.9781
636.2199
711.4345
817.3839
954.8851
1023.3886
1083.9424
1146.9554
1187.1090
1155.7575
1074.0336
743.3825
266.7615
0.0000
0.0000
0.0000
0.0000
0.0000
0.0000
0.0000
0.0000
0.0000
209.2501
552.5353
872.8456
988.2394
1001.8434
1002.1514
975.5055
858.0303
766.3257
744.1864
647.6928
540.3660
226.4441
0.0000
0.0000
0.0000
0.0000
0.0000
0.0000
0.0000
0.0000
0.0000
0.0000
0.0000
0.0000
0.0000
0.0000
329.4401
621.5566
753.8074
795.0305
828.3646
866.0927
892.4192
884.4505
783.5661
524.0283
0.0000
0.0000
0.0000
0.0000
0.0000
0.0000
0.0000
0.0000
0.0000
0.0000
0.0000
0.0000
0.0000
363.5264
630.8845
626.6144
513.2170
452.5641
496.2608
510.8163
568.0363
654.5283
636.9358
490.0245
0.0000
0.0000
0.0000
0.0000
0.0000
0.0000
0.0000
0.0000
0.0000
0.0000
0.0000
0.0000
0.0000
0.0000
148.3670
310.0538
257.7282
168.8987
133.2824
127.3477
81.2893
57.7476
0.0000
0.0000
157.5900
0.0000
0.0000
0.0000
0.0000
0.0000
0.0000
0.0000
0.0000
0.0000
0.0000
0.0000
0.0000
0.0000
273.7390
504.5929
581.8636
650.1980
675.9382
773.3155
840.4077
925.5421
868.0598
628.9572
0.0000
0.0000
0.0000
0.0000
2157.2742
0.0000
0.0000
0.0000
0.0000
0.0000
0.0000
0.0000
37.4574
800.4273
1116.4394
1177.9291
1129.5396
1056.6658
977.9434
915.3954
864.4236
825.9033
726.4399
467.0392
0.0000
0.0000
0.0000
0.0000
0.0000
0.0000
0.0000
0.0000
0.0000
0.0000
0.0000
0.0000
0.0000
671.1362
1011.0308
1118.1909
1182.1355
1280.8134
1366.1530
1390.8896
1390.8698
1315.7232
1092.4476
735.7844
169.6855
0.0000
0.0000
0.0000
0.0000
0.0000
0.0000
0.0000
0.0000
0.0000
0.0000
0.0000
51.1507
442.2221
898.9590
1114.9346
1114.7360
1105.2987
1064.3439
1050.4044
925.1223
907.2446
823.5859
614.8939
252.7058
0.0000
0.0000
0.0000
0.0000
0.0000
0.0000
0.0000
0.0000
0.0000
0.0000
0.0000
0.0000
0.0000
-0.0000
0.0000
0.0000
1191.4470
0.0000
0.0000
0.0000
0.0000
0.0000
1797.0843
0.0000
0.0000
-0.0000
0.0000
0.0000
0.0000
0.0000
0.0000
0.0000
0.0000
0.0000
0.0000
90.6434
451.7969
616.5495
719.0011
664.5488
619.7420
542.5706
542.8364
513.8216
392.7675
244.2828
0.0000
0.0000
0.0000
0.0000
0.0000
0.0000
0.0000
0.0000
0.0000
0.0000
0.0000
0.0000
0.0000
0.0000
569.8876
1034.7370
1166.1472
1203.8869
1228.8535
1237.9750
1281.2792
1316.5603
1246.0438
1175.5030
864.0152
322.8407
0.0000
0.0000
0.0000
0.0000
0.0000
0.0000
0.0000
424.8980
751.6361
1000.7630
1078.1633
1159.6429
1277.6210
1344.3924
1274.8117
1142.0189
1008.4062
808.3397
638.7809
543.1064
451.8886
363.0973
82.6269
0.0000
0.0000
0.0000
0.0000
0.0000
0.0000
0.0000
0.0000
0.0000
0.0000
0.0000
0.0000
0.0000
0.0000
404.6003
582.7999
614.6026
611.1117
680.0176
728.4566
727.9231
659.9117
460.0998
248.9676
0.0000
0.0000
0.0000
0.0000
0.0000
0.0000
0.0000
0.0000
0.0000
0.0000
0.0000
0.0000
0.0000
0.0000
23.4340
60.1512
158.0426
175.2408
183.3027
248.2220
259.4217
261.6144
376.5840
239.6508
0.0000
0.0000
0.0000
0.0000
0.0000
0.0000
0.0000
0.0000
0.0000
0.0000
0.0000
0.0000
0.0000
0.0000
0.0000
0.0000
0.0000
93.8850
285.0971
366.4436
476.4381
574.7724
595.9422
437.3176
0.0000
0.0000
0.0000
0.0000
0.0000
-0.0000
0.0000
0.0000
0.0000
0.0000
0.0000
0.0000
414.4093
1125.7264
1404.8737
1485.7052
1486.2485
1460.5373
1405.4816
1320.1034
1165.6499
984.0768
744.6887
516.3497
0.0000
0.0000
0.0000
0.0000
0.0000
0.0000
0.0000
0.0000
0.0000
0.0000
0.0000
0.0000
345.3852
1023.9381
1274.7932
1292.3269
1197.2084
1179.2581
1173.0991
1139.7886
1112.2749
1180.1772
1108.6881
931.7351
449.8266
0.0000
0.0000
0.0000
0.0000
0.0000
0.0000
0.0000
0.0000
0.0000
28.5374
599.1083
862.3609
1143.6393
1301.5030
1120.8227
1032.5558
1157.0840
919.1982
607.2436
364.9004
21.1758
0.0000
0.0000
0.0000
0.0000
0.0000
0.0000
0.0000
0.0000
0.0000
0.0000
0.0000
0.0000
0.0000
0.0000
0.0000
0.0000
365.8866
647.0235
780.0093
831.1621
882.9874
917.0193
975.7232
964.7473
949.4591
701.2132
32.4031
0.0000
0.0000
0.0000
0.0000
0.0000
0.0000
0.0000
0.0000
0.0000
0.0000
0.0000
0.8025
283.7432
576.1060
707.9821
662.3185
546.6848
422.0061
244.9893
220.7806
208.9384
114.9174
0.0000
0.0000
0.0000
0.0000
0.0000
0.0000
0.0000
0.0000
0.0000
0.0000
0.0000
0.0000
0.0000
0.0000
0.0000
123.8950
360.7637
536.1370
717.8136
914.8501
937.2062
991.2776
1043.9649
994.5292
873.5037
531.7020
53.2113
0.0000
0.0000
0.0000
0.0000
0.0000
0.0000
0.0000
0.0000
0.0000
78.7464
659.1214
1080.4891
1290.8849
1368.4610
1378.9206
1375.6722
1370.3233
1347.6887
1372.0249
1375.0467
1315.1960
1145.5001
783.0753
209.8793
0.0000
0.0000
0.0000
0.0000
0.0000
0.0000
0.0000
0.0000
0.0000
0.0000
432.8844
841.8928
1082.5527
1137.6465
1147.6192
1210.3435
1251.4374
1285.2475
1296.1078
1287.2257
1198.3623
986.7395
511.6991
0.0000
0.0000
0.0000
0.0000
0.0000
0.0000
0.0000
0.0000
0.0000
0.0000
0.0000
210.1856
803.0773
1053.8391
1100.8602
1105.5371
1109.5693
1100.0617
1142.4845
1188.8627
1226.4231
1175.2769
1020.2747
726.1901
331.7233
0.0000
0.0000
0.0000
0.0000
0.0000
0.0000
0.0000
0.0000
0.0000
0.0000
420.3704
854.2675
1121.9530
1187.8814
1172.4633
1138.6163
1161.3884
1195.3444
1248.4591
1277.5034
1264.2374
1070.6397
612.1799
0.0000
0.0000
0.0000
0.0000
0.0000
0.0000
0.0000
0.0000
0.0000
0.0000
0.0000
531.5832
1076.1718
1306.2612
1348.6727
1359.8370
1363.9520
1380.0185
1387.2033
1388.0915
1377.6956
1326.9071
1172.6187
820.5638
255.3835
0.0000
0.0000
0.0000
0.0000
0.0000
0.0000
0.0000
0.0000
0.0000
0.0000
237.4009
833.4415
1038.6189
1070.4966
1019.5942
902.0835
806.6312
711.1013
621.9881
562.6226
424.5741
276.9092
0.0000
0.0000
0.0000
0.0000
0.0000
0.0000
0.0000
0.0000
0.0000
0.0000
0.0000
0.0000
166.5754
670.3929
947.4600
995.7214
944.2336
996.7846
1061.1951
1058.1019
1066.9724
1038.4876
906.1993
677.8362
207.8125
0.0000
0.0000
0.0000
0.0000
0.0000
0.0000
0.0000
0.0000
0.0000
0.0000
0.0000
343.9927
849.0159
1032.3870
1098.5706
1055.2485
1066.1094
1117.4212
1117.9925
1113.7563
1170.6083
1157.1664
1002.9188
589.2186
0.0000
0.0000
0.0000
0.0000
0.0000
0.0000
0.0000
0.0000
0.0000
0.0000
243.8484
735.7020
1207.3693
1402.1066
1461.5693
1459.3051
1450.3511
1463.8678
1469.0684
1485.8833
1482.8266
1416.0121
1181.7203
821.4874
134.1109
0.0000
0.0000
0.0000
0.0000
0.0000
0.0000
0.0000
0.0000
199.7657
318.5505
589.3537
835.3869
1046.5976
1117.5958
1104.7071
1076.9925
1094.4442
1118.8397
664.6630
764.6700
1207.9958
1119.9332
926.0102
535.0032
185.3655
0.0000
0.0000
0.0000
0.0000
0.0000
0.0000
0.0000
0.0000
379.7516
838.5144
1127.4497
1298.9712
1278.8629
1222.1957
1205.6586
1240.8037
1224.0397
1181.6720
1136.0190
1076.0396
926.6171
589.5360
0.0000
0.0000
0.0000
0.0000
0.0000
0.0000
0.0000
0.0000
0.0000
0.0000
0.0000
675.4018
1180.5679
1394.8089
1453.0040
1463.5593
1464.3762
1466.8775
1466.9537
1465.0002
1464.1937
1408.6987
1166.3540
584.8914
0.0000
0.0000
0.0000
0.0000
0.0000
0.0000
0.0000
0.0000
0.0000
0.0000
235.1796
739.3830
1154.0208
1414.2592
1481.3857
1487.7341
1489.5729
1494.4568
1496.1117
1496.5968
1497.7030
1460.4068
1254.0654
805.1840
197.9536
0.0000
0.0000
0.0000
0.0000
0.0000
0.0000
0.0000
0.0000
0.0000
0.0000
567.6459
1111.6000
1257.2621
1197.3666
1122.2004
1090.0235
1061.3575
1011.1452
1008.6498
1021.7147
979.2578
792.2004
337.7564
0.0000
0.0000
0.0000
0.0000
0.0000
0.0000
0.0000
0.0000
0.0000
0.0000
0.0000
511.9981
864.6682
960.0597
886.2563
798.1717
751.1586
134.3331
2.1099
0.0000
0.0000
222.4456
723.8045
637.5863
375.2202
202.5943
147.0815
20.9759
76.4236
0.0000
156.7279
424.0084
625.1400
808.8113
973.6029
1161.8357
1357.3668
1448.9527
1467.1739
1446.9394
1433.8555
1406.3156
1397.3329
916.1287
930.5914
1443.4616
1392.2628
1249.9119
1061.4909
906.2158
191.5162
0.0000
0.0000
0.0000
0.0000
0.0000
0.0000
0.0000
326.4558
471.7345
570.7126
627.2317
524.3901
545.3895
0.0000
0.0000
0.0000
0.0000
0.0000
28.0963
463.4400
683.7627
312.8671
0.0000
0.0000
0.0000
0.0000
0.0000
0.0000
0.0000
0.0000
0.0000
0.0000
630.4561
1103.8790
1316.6953
1305.2203
1274.1381
1237.2611
1298.9495
1358.1989
1381.6333
1383.2778
1353.3993
1200.6934
832.8435
233.7126
0.0000
0.0000
0.0000
0.0000
0.0000
0.0000
0.0000
0.0000
0.0000
0.0000
568.9891
1063.5217
1305.6688
1295.9296
1248.7700
1229.8578
1275.0824
1285.1514
1191.6116
1136.4486
1176.2215
1050.9171
777.3166
449.2583
92.7061
0.0000
0.0000
0.0000
0.0000
0.0000
0.0000
0.0000
0.0000
0.0000
243.8215
619.5657
815.3415
830.5591
843.0209
828.7500
822.7107
875.6669
917.5899
910.0661
859.0174
746.3863
426.6888
0.0000
0.0000
0.0000
0.0000
0.0000
0.0000
0.0000
0.0000
0.0000
0.0000
34.7469
680.4032
1096.5888
1262.7190
1283.9786
1249.9332
1228.4134
1242.0096
1245.0796
1251.8306
1246.6842
1226.3219
1017.4249
518.4117
0.0000
0.0000
0.0000
0.0000
0.0000
0.0000
0.0000
0.0000
0.0000
0.0000
0.0000
68.8028
711.7177
1020.6529
1046.7293
969.6792
906.2708
910.3096
929.9367
917.1986
854.5748
795.7499
610.6222
36.9682
0.0000
0.0000
0.0000
0.0000
0.0000
0.0000
0.0000
0.0000
0.0000
0.0000
0.0000
0.0000
62.4495
441.9824
512.7559
493.2098
474.7962
453.7808
494.9054
493.1741
433.9489
338.1910
128.5946
0.0000
0.0000
0.0000
0.0000
0.0000
0.0000
0.0000
0.0000
0.0000
0.0000
0.0000
0.0000
0.0000
479.0271
770.9853
872.6163
960.9651
991.5618
1008.4893
992.7190
997.7871
956.3259
975.7705
950.4883
702.5864
227.7380
0.0000
0.0000
0.0000
0.0000
0.0000
0.0000
0.0000
0.0000
0.0000
0.0000
396.4988
853.3722
1116.0962
1145.9028
1138.6854
625.3144
616.8713
644.0385
1136.0893
1213.2810
1245.9236
1137.2001
753.6202
85.9121
0.0000
0.0000
0.0000
0.0000
0.0000
0.0000
0.0000
0.0000
0.0000
139.9445
763.5697
1169.7157
1351.2548
1377.2358
1380.6199
1388.1127
1395.7044
1403.1152
1409.3289
1399.1302
1391.6875
1186.9447
841.1546
169.7026
0.0000
0.0000
0.0000
0.0000
0.0000
0.0000
0.0000
0.0000
0.0000
156.6492
797.0778
1218.1195
1399.4487
1437.3709
1439.2892
1426.6926
1409.2840
1394.3924
1404.7370
1414.4887
1413.6523
1244.0953
918.1355
456.1657
0.0000
0.0000
0.0000
0.0000
0.0000
0.0000
0.0000
0.0000
0.0000
611.5200
1116.8546
1327.0103
1373.3262
1317.9106
1226.5054
1196.3590
1107.8321
984.4348
451.3760
425.9373
385.5805
0.0000
0.0000
0.0000
0.0000
0.0000
0.0000
0.0000
0.0000
0.0000
0.0000
0.0000
0.0000
364.2204
710.2250
872.6368
930.8040
1033.5898
1153.2050
1195.4622
1111.6155
597.1644
1112.2462
1126.5601
1134.0612
1030.6989
658.6200
0.0000
0.0000
0.0000
0.0000
0.0000
0.0000
0.0000
0.0000
0.0000
0.0000
0.0000
0.0000
-0.0000
0.0000
0.0000
0.0000
0.0000
0.0000
104.0859
0.0000
0.0000
0.0000
1135.1503
0.0000
0.0000
0.0000
0.0000
0.0000
0.0000
0.0000
0.0000
0.0000
0.0000
0.0000
0.0000
0.0000
-0.0000
0.0000
0.0000
0.0000
45.5863
70.4333
111.2582
20.5308
0.0000
0.0000
55.4118
-0.0000
-0.0000
-0.0000
0.0000
0.0000
0.0000
0.0000
0.0000
0.0000
0.0000
0.0000
0.0000
0.0000
4.0619
383.0958
557.9213
668.3872
807.3868
919.0948
995.4675
1033.3473
1106.6776
1153.1895
1087.2354
786.3608
385.2481
42.9951
0.0000
0.0000
0.0000
0.0000
0.0000
0.0000
0.0000
0.0000
0.0000
328.0479
768.2306
964.3609
983.0446
985.6328
1031.5902
1072.2489
1112.1850
1103.8243
1070.8853
1067.6338
920.1112
557.1543
107.7355
0.0000
0.0000
0.0000
0.0000
0.0000
0.0000
0.0000
0.0000
0.0000
0.0000
296.1498
821.9258
1041.5021
1092.6318
1085.5195
1096.4643
1170.6422
1227.5254
1221.1150
1209.8381
1231.0023
1045.1568
568.6357
0.0000
0.0000
0.0000
0.0000
0.0000
0.0000
0.0000
0.0000
0.0000
0.0000
0.0000
48.9092
474.7224
752.8616
837.8647
776.7511
716.6816
664.4928
767.2030
811.4423
772.5421
777.3262
691.7419
251.5307
0.0000
0.0000
0.0000
0.0000
0.0000
0.0000
0.0000
0.0000
0.0000
0.0000
0.0000
36.3904
747.1437
1029.2058
1079.2358
1153.1436
1250.3141
1283.8892
1210.1088
1213.5871
1267.4783
1209.4348
1082.5036
748.2485
230.6815
0.0000
0.0000
0.0000
0.0000
0.0000
0.0000
0.0000
0.0000
0.0000
136.0575
711.2392
974.6036
1106.1621
1143.3884
1186.5584
1192.9033
1217.2884
1278.5955
1313.1111
1315.1580
1333.4312
1247.5612
956.3573
568.2299
26.4411
0.0000
0.0000
0.0000
0.0000
0.0000
0.0000
0.0000
193.1887
573.0183
1072.9510
1361.0170
1397.0635
1337.9390
1293.9954
1270.8148
1247.7454
1233.8494
1196.4763
1178.3200
1157.0661
1012.6246
588.6024
0.0000
0.0000
0.0000
0.0000
0.0000
0.0000
0.0000
0.0000
0.0000
0.0000
0.0000
747.5737
1047.0862
1011.5481
958.5363
914.8951
890.8551
900.5930
907.1684
950.9515
985.8320
1012.9351
952.6939
759.8056
461.4082
0.0000
0.0000
0.0000
0.0000
0.0000
0.0000
0.0000
0.0000
0.0000
339.6989
1025.9765
1335.2397
1403.0104
1403.4896
1400.4550
1403.1572
1400.1531
1421.3622
1439.3161
1424.6356
1379.3638
1274.7987
933.1967
208.0222
0.0000
0.0000
852.2766
0.0000
0.0000
0.0000
1833.6359
0.0000
0.0000
0.0000
0.0000
73.7459
136.8703
122.6106
151.9770
194.8614
187.9369
283.0595
335.1426
394.3135
476.1352
514.7395
170.2722
0.0000
0.0000
0.0000
0.0000
0.0000
0.0000
0.0000
0.0000
0.0000
0.0000
0.0000
0.0000
599.4989
800.5234
839.5736
889.2599
999.4863
1100.8010
1184.9444
1275.5983
1325.1243
1352.9592
1240.2299
752.9620
0.0000
0.0000
0.0000
0.0000
0.0000
0.0000
0.0000
0.0000
0.0000
0.0000
0.0000
834.6016
1264.9486
1305.9083
1301.4845
1307.2333
1355.6134
1413.9095
1458.0960
1476.9222
1479.6492
1470.5185
1363.4875
853.1586
0.0000
0.0000
0.0000
0.0000
0.0000
0.0000
0.0000
0.0000
0.0000
0.0000
0.0000
793.1347
1147.1154
1156.3618
1096.1223
1034.7486
974.7817
911.7899
842.4816
776.1749
731.3975
682.6528
559.5053
284.7100
0.0000
0.0000
0.0000
0.0000
0.0000
0.0000
0.0000
0.0000
0.0000
0.0000
0.0000
639.9061
1044.8826
1055.4501
973.8884
914.7567
849.4201
820.0646
760.3954
743.9584
705.9810
669.7326
598.0367
259.4829
0.0000
-0.0000
0.0000
0.0000
0.0000
0.0000
0.0000
0.0000
0.0000
0.0000
0.0000
774.3123
1188.5555
1231.9570
1193.8199
1116.9551
1040.5808
957.2664
898.6971
896.2624
855.0545
828.4333
748.0230
379.9676
0.0000
0.0000
0.0000
0.0000
0.0000
0.0000
0.0000
0.0000
0.0000
0.0000
0.0000
697.5459
1097.6775
1101.6075
1032.8191
859.6486
676.5827
557.9716
430.4350
306.1353
194.5890
93.0559
0.0000
0.0000
0.0000
0.0000
0.0000
0.0000
0.0000
0.0000
0.0000
0.0000
0.0000
0.0000
0.0000
0.0000
221.0089
348.5671
370.1919
373.9570
318.0787
348.8226
437.5603
534.0544
640.2437
791.1216
842.4198
605.5043
0.0000
0.0000
0.0000
0.0000
0.0000
0.0000
0.0000
0.0000
0.0000
0.0000
0.0000
670.7630
1078.9083
996.9241
884.7133
845.4047
803.0395
824.7742
792.7880
760.5120
714.2426
694.4414
645.9137
295.8036
0.0000
0.0000
0.0000
0.0000
0.0000
0.0000
0.0000
0.0000
0.0000
0.0000
0.0000
122.2111
443.7023
574.1726
662.1463
718.7951
723.8523
704.2875
692.4532
640.6181
639.7481
626.0678
567.6838
308.2891
0.0000
0.0000
0.0000
0.0000
0.0000
0.0000
0.0000
0.0000
0.0000
0.0000
0.0000
829.7924
1237.9721
1308.8031
1343.1140
1345.0384
1369.5434
1403.0517
1429.8861
1444.8645
1441.1459
1425.3940
1381.2297
1087.9645
575.0863
34.1253
0.0000
0.0000
0.0000
0.0000
0.0000
0.0000
0.0000
43.2813
880.2462
1253.3215
1373.3201
1302.3650
1210.9747
1186.9785
1099.2359
1027.7640
478.3701
912.2086
849.6535
804.4291
721.7004
505.6022
129.0855
0.0000
0.0000
0.0000
0.0000
0.0000
0.0000
0.0000
0.0000
0.0000
339.5066
1003.1438
1298.3420
1295.5305
1298.4452
1321.8317
1351.9604
1369.1013
1400.2744
1416.5022
1414.8504
1412.7641
1373.8661
1079.8214
517.7112
0.0000
0.0000
0.0000
0.0000
0.0000
0.0000
0.0000
0.0000
290.5784
633.6266
1011.1230
1146.4142
1119.8369
1119.7747
1216.2183
788.3932
860.8535
894.5323
885.4463
859.5376
1387.5665
1407.0965
1228.1205
721.6154
0.0000
0.0000
0.0000
0.0000
0.0000
0.0000
0.0000
0.0000
0.0000
542.2314
1174.2752
1351.4506
1276.4607
1170.9849
676.1330
1084.0316
1080.5901
656.2493
748.0443
724.9413
1117.5224
958.2234
768.6525
404.4686
0.0000
0.0000
0.0000
0.0000
0.0000
0.0000
0.0000
0.0000
0.0000
374.0185
1118.4558
1345.0381
1326.5205
1277.3974
1189.6671
1119.2315
557.4413
50.0613
54.0152
0.0000
0.0000
0.0000
0.0000
0.0000
0.0000
0.0000
0.0000
0.0000
0.0000
0.0000
0.0000
0.0000
0.0000
843.5667
1110.3462
1218.1155
1204.6105
1155.1603
1086.8530
560.4798
569.3740
534.7488
470.5386
419.5222
862.5740
808.0764
643.9596
299.4370
0.0000
0.0000
0.0000
0.0000
0.0000
0.0000
0.0000
16.4145
883.1377
1034.2122
1238.9962
1362.9193
1372.5235
1335.3789
1316.1074
1242.9464
1239.8822
1261.0529
1249.1209
1228.8764
1203.7367
1190.3063
969.3275
647.4438
163.8023
0.0000
0.0000
0.0000
0.0000
0.0000
0.0000
0.0000
0.0000
452.2668
1107.5133
1359.2963
1392.1858
1350.2904
1293.2516
1238.1335
1175.0673
596.4818
520.5893
437.4175
366.0264
794.3911
516.4655
0.0000
0.0000
0.0000
0.0000
0.0000
0.0000
0.0000
0.0000
0.0000
0.0000
0.0000
0.0000
0.0000
0.0000
0.0000
0.0000
0.0000
0.0000
0.0000
0.0000
0.0000
118.2917
337.1168
279.3949
0.0000
0.0000
0.0000
0.0000
0.0000
0.0000
0.0000
0.0000
0.0000
0.0000
631.2477
1155.4245
1310.4429
1273.3945
1238.9564
1214.7503
1140.0489
1082.2667
1051.3803
1109.7029
1146.5088
1156.6216
1196.4022
1197.2940
1085.6735
725.9035
190.5216
0.0000
0.0000
0.0000
0.0000
0.0000
0.0000
0.0000
116.4782
902.2915
1068.9491
1048.0274
1060.1349
1115.3085
1137.4103
1126.3638
1121.7609
1135.1330
1169.6793
1184.0048
1161.5677
866.3275
0.0000
0.0000
0.0000
0.0000
0.0000
0.0000
0.0000
0.0000
0.0000
0.0000
585.0772
1331.7376
1460.5899
1462.3325
1468.5990
1467.8961
1455.5777
1440.8517
1401.1583
1324.7860
1253.7190
1210.1233
1206.2784
876.5991
0.0000
0.0000
0.0000
0.0000
0.0000
0.0000
0.0000
0.0000
0.0000
0.0000
278.1489
825.3947
817.1607
740.8837
684.7112
624.0539
624.7601
655.8566
683.8681
711.6387
763.9881
790.7236
762.7677
524.4754
0.0000
0.0000
0.0000
0.0000
0.0000
0.0000
0.0000
0.0000
0.0000
0.0000
557.6532
998.6221
1006.4861
1012.5882
1101.4844
1205.4489
1256.7162
1291.1639
1322.3455
1352.5160
1356.5526
1369.1956
1362.0231
1179.7604
755.4832
64.5436
0.0000
0.0000
0.0000
0.0000
0.0000
0.0000
0.0000
249.9417
862.6430
1134.5772
1109.1038
1011.0207
940.5300
839.0511
741.2678
755.0092
870.4407
948.2427
999.2441
967.8965
989.8796
901.9829
691.4140
323.7900
62.5312
0.0000
0.0000
0.0000
0.0000
0.0000
298.1588
623.9412
1062.4112
1245.5858
1303.4142
1320.0595
1304.6448
790.9899
747.3482
214.6211
257.7294
267.3294
230.9358
195.1729
960.9950
914.8707
98.6456
0.0000
0.0000
0.0000
0.0000
0.0000
0.0000
0.0000
0.0000
0.0000
436.0459
829.2354
969.0663
999.5844
961.0914
915.1801
818.9806
725.7405
624.3000
665.8033
708.9771
684.5231
609.1852
403.5313
0.0000
0.0000
0.0000
0.0000
0.0000
0.0000
0.0000
0.0000
0.0000
0.0000
342.7496
809.3456
808.7681
794.7442
743.9726
586.4879
513.1090
576.0549
563.4133
524.1919
487.0722
477.3978
486.3166
370.2599
0.0000
0.0000
0.0000
0.0000
0.0000
0.0000
0.0000
0.0000
0.0000
0.0000
573.9188
923.2111
902.7136
919.4463
914.3507
895.4186
862.0514
872.1864
933.0419
1013.9434
1065.9505
1173.7005
1242.0728
1191.7025
816.5805
114.7039
0.0000
0.0000
0.0000
0.0000
0.0000
0.0000
0.0000
0.0000
847.6357
1308.8371
1312.2195
1194.3859
1084.3307
1043.2655
959.7626
929.6882
399.1406
324.5751
148.1733
0.0000
153.6978
0.0000
0.0000
286.4911
0.0000
0.0000
0.0000
0.0000
-0.0000
0.0000
0.0000
-0.0000
0.0000
-0.0000
0.0000
175.8159
0.0000
0.0000
0.0000
0.0000
0.0000
0.0000
0.0000
0.0000
365.2137
0.0000
0.0000
0.0000
386.6391
0.0000
0.0000
0.0000
0.0000
0.0000
0.0000
0.0000
-0.0000
-0.0000
0.0000
0.0000
0.0000
0.0000
0.0000
0.0000
23.2738
0.0000
0.0000
41.1221
0.0000
0.0000
0.0000
844.6395
0.0000
0.0000
0.0000
0.0000
0.0000
0.0000
0.0000
0.0000
1.0995
682.4044
820.8818
832.3895
846.8647
842.5175
784.6595
806.5407
790.2809
708.2880
708.3904
675.8401
617.5968
484.1146
0.0000
0.0000
0.0000
0.0000
0.0000
0.0000
0.0000
0.0000
0.0000
0.0000
0.0000
0.0000
0.0000
0.0000
229.8785
356.8148
401.0786
362.2677
547.8010
535.5088
521.4094
530.8395
574.5178
472.7819
187.4609
0.0000
0.0000
0.0000
0.0000
0.0000
0.0000
0.0000
0.0000
0.0000
84.8100
308.4185
409.4436
514.6206
610.0006
684.1444
704.2468
693.1695
713.8603
864.9875
1028.0397
1138.1509
1164.9107
989.6657
537.1628
30.2503
0.0000
0.0000
0.0000
0.0000
0.0000
0.0000
0.0000
49.5111
367.8050
713.2291
855.0515
717.9763
529.7205
505.0747
605.8958
781.0077
691.3109
506.8453
212.3916
0.0000
0.0000
0.0000
920.8933
0.0000
-0.0000
0.0000
0.0000
0.0000
0.0000
0.0000
0.0000
0.0000
0.0000
0.0000
0.0000
0.0000
0.0000
0.0000
0.0000
50.0825
105.3790
130.8487
187.8800
256.1037
178.6439
119.2326
0.0000
0.0000
0.0000
0.0000
0.0000
0.0000
0.0000
0.0000
0.0000
0.0000
321.9089
703.5429
761.4996
805.5235
850.5643
868.0930
938.6752
985.9901
1008.3516
1031.1653
1086.0538
1138.3722
1170.8034
1097.2840
453.7381
0.0000
0.0000
0.0000
0.0000
0.0000
0.0000
0.0000
0.0000
2.1817
1030.2378
1293.0540
1259.0407
1262.9560
1320.9784
1348.3763
1343.1700
1342.3715
1359.8054
1370.7383
1383.3497
1386.6537
1385.6279
1287.8718
602.5430
0.0000
0.0000
0.0000
0.0000
0.0000
0.0000
0.0000
0.0000
103.0970
1025.6567
1220.9269
1143.3574
1123.4240
1124.9405
1133.5610
1140.1291
1143.6422
1174.9703
1181.9830
1194.5851
1218.5530
1230.8690
1188.5637
612.9945
0.0000
0.0000
0.0000
0.0000
0.0000
0.0000
0.0000
0.0000
0.0000
542.2843
711.2416
644.7290
641.6160
632.9050
681.7052
750.5921
830.1699
891.3711
922.0024
933.9789
887.5039
820.3364
667.0956
89.1265
0.0000
0.0000
0.0000
0.0000
0.0000
0.0000
0.0000
0.0000
0.0000
38.3887
434.7504
439.7285
457.2816
501.0063
543.0328
571.5456
629.6122
678.4930
622.0903
564.9223
498.9752
436.6143
347.4141
0.0000
0.0000
0.0000
0.0000
0.0000
0.0000
0.0000
0.0000
0.0000
0.0000
287.0668
607.7500
691.0297
746.8637
771.3827
779.5877
835.1642
875.9802
910.1597
943.1785
962.3989
956.1226
953.9055
889.4358
430.6957
0.0000
0.0000
0.0000
0.0000
0.0000
0.0000
0.0000
0.0000
79.6169
881.1999
997.0818
905.4338
908.2679
966.2347
1028.3666
1081.0456
1095.4831
534.0439
512.7939
503.2516
985.9008
971.3617
920.7334
626.8558
29.1524
0.0000
0.0000
0.0000
0.0000
0.0000
0.0000
0.0000
436.6374
807.3995
895.5656
899.6560
859.6715
804.5986
844.5607
867.6480
919.1176
951.4206
949.3702
943.8687
915.1294
930.1031
921.3526
552.2770
0.0000
0.0000
0.0000
0.0000
0.0000
0.0000
0.0000
0.0000
543.0065
1095.0877
1143.7856
1120.2028
1107.5413
1102.5247
1097.1955
1117.4434
638.2942
644.0503
1082.5098
697.2844
1186.7534
1171.2935
1132.2762
756.4694
0.0000
0.0000
0.0000
0.0000
0.0000
0.0000
0.0000
0.0000
526.2903
1242.9978
1276.3767
1153.3196
1045.9142
961.5903
960.1407
1003.2642
502.9733
485.1488
534.7214
1041.7130
1016.3767
1012.5286
996.5520
657.8705
30.4972
0.0000
0.0000
0.0000
0.0000
0.0000
0.0000
0.0000
418.4208
1072.0427
952.6852
693.0415
674.9555
617.7845
536.1206
452.8138
402.9039
444.1229
466.1619
379.5461
465.2845
417.7146
318.6495
0.0000
0.0000
0.0000
0.0000
0.0000
0.0000
0.0000
-0.0000
-0.0000
0.0000
0.0000
0.0000
0.0000
0.0000
0.0000
1042.4369
0.0000
0.0000
0.0000
0.0000
0.0000
0.0000
0.0000
0.0000
0.0000
0.0000
6800.6128
0.0000
0.0000
0.0000
0.0000
0.0000
0.0000
0.0000
441.1327
392.2074
517.5944
10.2746
88.6159
136.4911
116.3093
8.6845
0.0000
0.0000
0.0000
0.0000
0.0000
0.0000
0.0000
0.0000
0.0000
0.0000
0.0000
0.0000
0.0000
0.0000
0.0000
0.0000
0.0000
0.0000
0.0000
0.0000
0.0000
0.0000
0.0000
0.0000
0.0000
0.0000
0.0000
0.0000
0.0000
142.4437
150.4778
0.0000
0.0000
0.0000
0.0000
0.0000
0.0000
0.0000
0.0000
876.9972
1253.8173
1338.8298
1339.1530
1368.3096
1383.1258
893.1224
870.4592
322.1530
316.9166
396.6583
393.2085
342.6804
1282.2600
1218.3891
1069.6252
877.8517
784.1875
578.1279
217.5389
0.0000
0.0000
475.5777
598.2484
822.1118
952.9035
922.8755
882.3221
855.7196
338.9169
0.0000
0.0000
0.0000
0.0000
0.0000
0.0000
0.0000
1072.3252
1131.6371
1027.8516
575.0968
0.0000
0.0000
0.0000
0.0000
0.0000
0.0000
272.2459
869.9144
1188.8230
1155.9469
1156.8621
1159.8385
611.0547
132.6797
156.6497
110.2039
104.3026
111.5056
127.4778
575.0557
1025.2919
952.0417
597.9986
0.0000
0.0000
0.0000
0.0000
0.0000
0.0000
0.0000
0.0000
0.0000
0.0000
0.0000
0.0000
0.0000
0.0000
0.0000
0.0000
0.0000
0.0000
0.0000
0.0000
0.0000
0.0000
0.0000
0.0000
0.0000
4153.7139
0.0000
0.0000
0.0000
-0.0000
0.0000
0.0000
-0.0000
0.0000
0.0000
0.0000
0.0000
0.0000
0.0000
0.0000
0.0000
0.0000
0.0000
0.0000
0.0000
0.0000
0.0000
0.0000
0.0000
0.0000
0.0000
0.0000
0.0000
0.0000
0.0000
0.0000
0.0000
0.0000
0.0000
0.0000
0.0000
0.0000
0.0000
0.0000
0.0000
0.0000
0.0000
0.0000
0.0000
0.0000
42.2104
0.0000
0.0000
0.0000
0.0000
0.0000
0.0000
0.0000
0.0000
-0.0000
-0.0000
664.5865
809.4057
828.6680
879.5330
407.2448
411.9274
414.5539
427.2045
440.1295
457.2907
471.6296
482.2853
1482.5223
1472.6538
1229.0560
590.9330
0.0000
0.0000
0.0000
0.0000
0.0000
0.0000
0.0000
933.6325
1052.5393
949.2778
870.4960
776.8287
242.9532
0.0000
0.0000
0.0000
0.0000
20.7250
77.4698
143.8770
736.0548
1308.7983
1298.4757
1147.1977
817.8500
301.0439
0.0000
0.0000
0.0000
35.8788
554.1973
1163.9994
1452.8643
1452.1005
1457.2842
1450.4862
1429.1724
907.3071
869.9622
854.7011
340.3392
297.3645
244.2837
671.2223
1080.3512
1037.1622
900.4782
646.4947
287.0740
0.0000
0.0000
0.0000
0.0000
0.0000
112.6836
431.5349
636.9647
658.7009
639.7979
590.4820
-0.0000
0.0000
0.0000
0.0000
200.2113
-0.0000
0.0000
0.0000
0.0000
290.2996
164.6672
0.0000
0.0000
0.0000
0.0000
0.0000
0.0000
0.0000
0.0000
114.9651
366.1970
387.4181
375.0073
294.1249
295.5777
348.4253
131.8871
24.7738
129.1713
239.0016
771.3319
741.5984
722.4597
691.3305
526.4010
40.7417
0.0000
0.0000
0.0000
0.0000
0.0000
0.0000
0.0000
231.6216
671.0323
748.4026
759.2457
872.1601
999.8205
1090.6004
1151.0157
1227.4678
1303.5098
1347.3965
1383.7293
1411.1918
1423.6930
1444.9761
1228.3356
369.2253
0.0000
0.0000
0.0000
0.0000
0.0000
0.0000
147.2427
1090.0687
1362.9714
1332.5331
1281.3236
1213.4680
1176.9424
1138.8299
1110.8198
559.8905
475.3608
362.2792
286.0891
234.8009
223.6889
205.7095
13.7333
0.0000
0.0000
0.0000
0.0000
0.0000
0.0000
0.0000
0.0000
441.3379
616.9160
422.1153
265.8424
218.8702
221.3222
0.0000
0.0000
0.0000
0.0000
0.0000
0.0000
0.0000
131.8215
104.0766
0.0000
0.0000
0.0000
0.0000
0.0000
0.0000
0.0000
0.0000
0.0000
0.0000
0.0000
0.0000
26.0563
154.2851
0.0000
0.0000
178.3392
0.0000
0.0000
0.0000
0.0000
0.0000
675.3141
653.7451
585.7691
422.8537
219.8190
50.9394
0.0000
0.0000
0.0000
0.0000
191.2088
238.0058
313.2239
266.4541
261.3715
241.1254
269.9870
387.2443
0.0000
0.0000
20.9241
85.6834
156.5244
700.9026
681.0485
647.4033
607.5901
378.5444
243.3105
145.1330
0.1550
0.0000
0.0000
14.1977
388.8768
841.1192
1059.2513
1162.8630
1202.3434
1238.6536
1205.5749
1229.4858
1301.8374
1318.6455
1298.7358
1270.4949
1264.3556
1185.9249
1063.0417
869.0963
617.2808
207.9408
0.0000
0.0000
0.0000
0.0000
0.0000
0.0000
0.0000
0.0000
155.2436
339.2067
484.8104
654.4553
743.9226
742.8350
294.4326
297.8040
0.0000
0.0000
0.0000
0.0000
438.5008
398.4673
385.3923
218.9564
0.0000
0.0000
0.0000
0.0000
0.0000
0.0000
0.0000
0.0000
0.0000
0.0000
0.0000
0.0000
0.0000
0.0000
0.0000
0.0000
0.0000
0.0000
0.0000
0.0000
0.0000
0.0000
0.0000
0.0000
0.0000
0.0000
0.0000
0.0000
0.0000
0.0000
32.4937
489.5499
483.8488
422.3473
334.8512
0.0000
0.0000
0.0000
0.0000
0.0000
0.0000
0.0000
0.0000
0.0000
0.0000
0.0000
0.0000
0.0000
0.0000
0.0000
0.0000
0.0000
0.0000
0.0000
0.0000
392.1994
995.0502
991.6687
404.0126
196.5085
0.0000
0.0000
0.0000
0.0000
0.0000
0.0000
0.0000
9.5111
0.0000
915.1731
959.5860
672.6915
220.3026
0.0000
0.0000
0.0000
0.0000
0.0000
392.7038
876.5287
860.5917
841.2605
828.3033
814.8320
762.0839
648.3119
0.0000
0.0000
0.0000
0.0000
0.0000
0.0000
0.0000
0.0000
93.1178
569.5151
543.3269
328.0674
57.3638
64.5314
0.0000
258.3643
1007.7149
1217.4010
1231.1305
1136.3173
1037.8816
984.6578
459.5650
393.3710
302.9424
0.0000
0.0000
0.0000
0.0000
0.0000
0.0000
672.3651
642.0582
369.9014
143.9579
0.0000
0.0000
0.0000
0.0000
325.9221
624.9998
761.9277
804.3856
887.4906
926.5628
963.4806
1047.0708
1121.6262
1227.1051
751.1515
792.1542
350.8186
346.3256
380.8874
302.6730
609.4145
402.7149
665.6469
0.0000
0.0000
0.0000
0.0000
0.0000
0.0000
0.0000
662.8742
737.8152
819.8105
919.1473
977.6077
1021.2230
582.5658
632.0385
1182.8930
758.3980
839.9991
884.7662
888.2882
858.8481
1293.3888
1157.5557
882.8756
522.6669
0.0000
0.0000
0.0000
54.7618
278.4795
591.4161
756.7885
660.2631
583.6360
599.0865
125.1469
183.5342
208.6359
0.0000
0.0000
0.0000
0.0000
0.0000
0.0000
0.0000
0.0000
0.0000
0.0000
0.0000
0.0000
0.0000
0.0000
0.0000
0.0000
0.0000
0.0000
178.0248
188.4774
0.0000
0.0000
0.0000
0.0000
72.1660
0.0000
0.0000
0.0000
0.0000
0.0000
0.0000
333.6284
264.4894
611.1843
150.0434
0.0000
0.0000
0.0000
0.0000
337.6969
849.7766
1203.7396
1200.0641
1162.0604
1064.4847
930.7349
858.3912
888.4405
967.1952
1006.4773
1024.3963
1040.4489
533.1414
516.2656
520.2841
970.8091
909.8260
557.5242
0.0000
0.0000
0.0000
0.0000
0.0000
0.0000
0.0000
0.0000
0.0000
0.0000
0.0000
0.0000
0.0000
0.0000
0.0000
0.0000
0.0000
0.0000
0.0000
0.0000
0.0000
0.0000
0.0000
0.0000
0.0000
0.0000
0.0000
0.0000
0.0000
0.0000
0.0000
0.0000
0.0000
0.0000
0.0000
0.0000
0.0000
0.0000
72.6034
0.0000
210.7511
101.4058
0.0000
0.0000
0.0000
464.9371
511.9895
506.5927
0.0000
0.0000
0.0000
0.0000
0.0000
0.0000
6.6821
787.7820
796.7318
826.4268
428.9889
0.0000
17.0975
5.8201
35.2695
27.9477
0.0000
14.0928
85.5082
112.7646
139.9283
636.8031
1118.9109
929.7986
0.0000
0.0000
0.0000
0.0000
0.0000
0.0000
7.6775
1166.0971
1085.2817
487.8785
55.8307
0.0000
0.0000
0.0000
0.0000
3.8565
77.1244
83.9952
33.4726
34.0248
69.3383
108.0472
604.0190
0.0000
0.0000
0.0000
0.0000
0.0000
0.0000
0.0000
327.0525
471.4415
474.4318
478.6925
480.0316
483.3915
489.3691
494.8173
496.1255
498.1519
498.9402
498.6139
499.2048
498.5574
495.4624
491.0306
489.3388
455.4935
389.6737
335.2908
313.8238
299.9879
319.9563
385.3421
452.2066
476.6370
480.2860
485.8067
486.1013
485.3484
487.4849
486.9489
485.3895
486.9864
492.0019
489.6043
489.6247
489.1352
488.0199
489.4099
487.7453
452.5171
356.5608
255.1506
172.3037
152.3474
204.8218
307.8100
423.2318
490.8394
492.0080
489.9149
479.6264
468.2189
458.1359
451.2215
445.3926
441.7627
424.1891
417.3474
406.4470
384.7880
373.6738
365.0985
390.5409
299.2405
22.3216
0.0000
0.0000
0.0000
0.0000
0.0000
209.8232
282.4272
232.5614
188.8423
165.3807
140.4294
88.4042
26.8686
0.0000
0.0000
0.0000
0.0000
0.0000
0.0000
0.0000
0.0000
5.5487
2.5872
0.0000
0.0000
0.0000
0.0000
0.0000
0.0000
15.7981
558.7270
931.0172
0.0000
0.0000
-0.0000
-0.0000
-0.0000
0.0000
42.0322
0.0000
0.0000
0.0000
0.0000
0.0000
0.0000
0.0000
0.0000
0.0000
0.0000
0.0000
0.0000
0.0000
0.0000
0.0000
0.0000
0.0000
0.0000
0.0000
0.0000
0.0000
0.0000
0.0000
0.0000
0.0000
0.0000
0.0000
0.0000
0.0000
0.0000
75.5764
316.3315
0.0000
0.0000
0.0000
0.0000
0.0000
0.0000
0.0000
0.0000
-0.0000
0.0000
37.0487
159.8255
319.8116
0.0000
113.4695
213.5060
230.7137
282.6184
344.6774
380.8662
431.9674
965.6591
1482.8895
1412.1157
1219.9586
991.9876
358.5116
273.2988
229.0639
538.4400
1228.9899
1188.5485
1032.8666
932.5542
288.9700
0.0000
0.0000
0.0000
0.0000
0.0000
0.0000
0.0000
0.0000
0.0000
0.0000
0.0000
0.0000
0.0000
0.0000
0.0000
0.0000
0.0000
0.0000
0.0000
537.5423
715.0834
1159.7237
1156.5936
661.0486
677.0851
704.4641
736.6275
745.2206
763.4757
762.3128
751.7219
222.1117
187.5734
131.1412
119.2259
59.9519
0.0000
0.0000
0.0000
0.0000
0.0000
0.0000
0.0000
154.9143
715.8008
725.0641
652.2117
553.3047
0.0000
0.0000
0.0000
0.0000
0.0000
0.0000
0.0000
0.0000
0.0000
0.0000
0.0000
253.3709
617.1088
0.0000
0.0000
0.0000
0.0000
0.0000
0.0000
244.1168
292.9053
580.5843
502.7973
521.6302
16.9979
0.0000
0.0000
0.0000
0.0000
0.0000
0.0000
0.0000
0.0000
0.0000
0.0000
180.7686
724.4518
583.6467
0.0000
0.0000
0.0000
0.0000
0.0000
517.4621
1133.9298
1159.4729
1193.8789
1232.4294
280.4176
307.6086
319.1275
336.5092
336.7652
323.6786
354.2019
403.9219
408.2059
417.5052
426.3316
1410.7366
1333.9188
628.3770
0.0000
0.0000
0.0000
0.0000
0.0000
1170.6561
1208.0601
1163.2655
1101.4838
556.9663
21.5448
0.0000
0.0000
0.0000
0.0000
0.0000
0.0000
0.0000
0.0000
0.0000
0.0000
605.9547
528.0353
241.7391
0.0000
0.0000
0.0000
0.0000
0.0000
677.3922
819.5246
701.9407
667.5009
655.0797
613.4841
0.0000
0.0000
0.0000
0.0000
0.0000
0.0000
53.8380
87.9678
145.1826
729.9073
1277.6964
1254.7780
818.5725
222.2886
0.0000
0.0000
64.0971
585.5285
1100.1567
1130.1561
1019.2059
1031.7933
1032.4508
1035.5535
33.0957
-0.0000
0.0000
150.8725
68.0273
0.0000
-0.0000
0.0000
0.0000
0.0000
0.0000
154.0970
0.0000
0.0000
0.0000
0.0000
0.0000
0.0000
0.0000
0.0000
0.0000
0.0000
0.0000
0.0000
0.0000
0.0000
0.0000
0.0000
0.0000
0.0000
0.0000
0.0000
0.0000
0.0000
0.0000
0.0000
0.0000
0.0000
0.0000
0.0000
0.0000
0.0000
125.8363
147.3506
27.8187
0.0000
0.0000
0.0000
0.0000
0.0000
0.0000
0.0000
0.0000
0.0000
0.0000
0.0000
-0.0000
0.0000
0.0000
0.0000
-0.0000
-0.0000
11.1158
0.0000
403.8388
612.4231
647.4887
576.9334
578.8835
558.0298
552.0076
62.1800
0.0000
0.0000
0.0000
0.0000
0.0000
0.0000
0.0000
0.0000
0.0000
0.0000
593.3836
678.4065
661.4457
618.7392
646.9553
692.5555
832.2475
981.1396
1094.7055
1146.1624
1119.6507
1125.2898
1149.2445
687.6540
249.3181
297.7016
340.4293
373.6926
392.6914
395.7839
420.0416
441.1256
456.0683
461.6002
1465.6534
1451.7070
1248.5924
936.7443
0.0000
0.0000
0.0000
1089.9589
1396.1169
1455.9557
1419.4525
1365.1463
799.8295
245.1753
206.6337
146.7033
47.9489
0.0000
-0.0000
-0.0000
-0.0000
-0.0000
0.0000
0.0000
0.0000
0.0000
583.2379
0.0000
0.0000
0.0000
0.0000
0.0000
-0.0000
0.0000
0.0000
0.0000
0.0000
386.4847
0.0000
0.0000
0.0000
0.0000
0.0000
0.0000
0.0000
0.0000
0.0000
0.0000
0.0000
0.0000
0.0000
4922.2028
0.0000
0.0000
0.0000
0.0000
0.0000
0.0000
0.0000
0.0000
0.0000
0.0000
0.0000
0.0000
0.0000
0.0000
0.0000
0.0000
0.0000
0.0000
0.0000
0.0000
0.0000
0.0000
0.0000
0.0000
0.0000
0.0000
340.9530
607.4275
645.7878
664.6552
599.6702
553.7245
534.5840
590.2797
652.1537
676.1933
689.3581
688.2442
629.6378
531.9261
433.8417
280.5004
156.0216
105.4531
40.6997
0.0000
0.0000
0.0000
0.0000
0.0000
0.0000
0.0000
0.0000
0.0000
0.0000
0.0000
0.0000
0.0000
0.0000
0.0000
0.0000
0.0000
0.0000
0.0000
0.0000
0.0000
201.8778
449.8370
571.2175
468.5310
235.1149
0.0000
0.0000
0.0000
0.0000
0.0000
0.0000
0.0000
0.0000
0.0000
0.0000
0.0000
0.0000
0.0000
0.0000
0.0000
0.0000
0.0000
0.0000
0.0000
0.0000
0.0000
0.0000
0.0000
0.0000
0.0000
0.0000
0.0000
0.0000
0.0000
0.0000
-0.0000
269.3898
0.0000
0.0000
2.3535
66.0276
131.0409
188.5698
248.4796
302.0610
338.3269
354.2266
356.2901
373.2479
408.4922
414.5656
1371.9952
807.0408
239.8657
191.6768
215.0308
273.7912
853.1590
1416.9190
1404.0301
1386.2126
1357.2427
353.2459
350.8654
343.0368
335.8319
349.5109
356.0214
359.8999
363.1887
372.5689
370.8359
366.5604
368.1189
357.4453
344.8721
294.7115
263.4375
245.5694
239.0488
274.7401
325.1261
383.8300
358.9077
327.3925
299.8146
268.0943
209.4899
168.3689
170.4403
158.7147
115.1675
22.7883
0.0000
0.0000
0.0000
0.0000
0.0000
0.0000
450.4048
501.1389
72.7825
131.4709
178.3830
257.7635
317.3765
334.0237
801.8024
451.7986
267.1699
293.5423
319.7432
355.3637
384.2018
386.6218
375.4701
358.7212
330.2078
296.4599
253.6048
173.5641
43.0371
0.0000
0.0000
0.0000
0.0000
0.0000
0.0000
0.0000
0.0000
0.0000
0.0000
0.0000
0.0000
0.0000
0.0000
0.0000
0.0000
0.0000
0.0000
0.0000
0.0000
0.0000
0.0000
0.0000
0.0000
0.0000
0.0000
470.1529
435.5217
401.8982
869.3871
927.4732
1023.0178
1099.5303
1109.3880
1086.7263
968.9548
440.2615
0.0000
-0.0000
0.0000
-0.0000
0.0000
0.0000
0.0000
0.0000
0.0000
0.0000
0.0000
0.0000
0.0000
0.0000
0.0000
0.0000
0.0000
0.0000
0.0000
0.0000
0.0000
0.0000
0.0000
0.0000
0.0000
0.0000
0.0000
0.0000
0.0000
0.0000
154.9420
338.4608
414.9421
587.5845
738.9788
904.3242
956.3858
958.2799
920.0033
853.9324
926.7124
972.9962
1023.5191
1033.5956
966.8162
802.7684
572.0343
412.5632
185.8668
37.8595
0.0000
0.0000
0.0000
0.0000
0.0000
0.0000
0.0000
0.0000
0.0000
0.0000
0.0000
0.0000
0.0000
0.0000
0.0000
0.0000
0.0000
0.0000
0.0000
0.0000
0.0000
0.0000
0.0000
0.0000
0.0000
0.0000
0.0000
0.0000
0.0000
0.0000
0.0000
0.0000
0.0000
0.0000
0.0000
0.0000
0.0000
0.0000
0.0000
0.0000
0.0000
0.0000
0.0000
0.0000
161.0982
259.6701
187.3785
135.6831
0.0000
0.0000
-0.0000
-0.0000
0.0000
151.8565
312.9271
453.3845
987.1700
1075.2452
1168.3911
1217.8297
1149.9220
1086.4822
1084.9012
1175.2377
1255.7788
1311.9542
1302.2000
1222.8991
1102.4698
1072.7714
1090.1107
1068.9213
1105.8842
674.5597
1184.1419
691.3142
679.4590
668.0849
599.6815
460.7419
0.0000
186.0488
581.7477
468.3896
292.8557
0.0000
0.0000
0.0000
0.0000
202.1816
757.8871
776.7912
670.1802
543.9163
0.0000
-0.0000
0.0000
0.0000
0.0000
0.0000
0.0000
0.0000
0.0000
0.0000
0.0000
0.0000
0.0000
0.0000
0.0000
0.0000
0.0000
0.0000
0.0000
0.0000
0.0000
0.0000
0.0000
0.0000
0.0000
0.0000
0.0000
0.0000
0.0000
0.0000
0.0000
0.0000
0.0000
0.0000
0.0000
0.0000
0.0000
0.0000
0.0000
0.0000
0.0000
0.0000
0.0000
162.6763
247.8435
198.3153
196.9251
199.4740
0.0000
0.0000
0.0000
0.0000
-0.0000
183.6006
0.0000
0.0000
-0.0000
-0.0000
0.0000
459.9484
454.9577
326.4222
159.7651
66.8762
115.6929
276.8485
1069.4564
1172.2288
1021.3962
893.1612
851.5761
795.4690
716.8452
721.4540
704.0975
718.4509
10.0552
295.4242
0.0000
82.4641
227.8086
785.6082
852.9342
1389.5703
1416.1150
1363.6357
1165.6620
973.4642
943.4811
1050.3705
1252.4946
1353.1687
1311.8844
1227.8176
1101.9470
516.8994
427.4047
331.7091
0.0000
-0.0000
0.0000
-0.0000
0.0000
0.0000
0.0000
0.0000
0.0000
0.0000
0.0000
0.0000
0.0000
0.0000
0.0000
0.0000
26.4437
318.5057
512.3208
664.9329
565.3257
283.3640
32.0171
0.0000
0.0000
0.0000
0.0000
0.0000
0.0000
0.0000
0.0000
0.0000
0.0000
0.0000
0.0000
0.0000
0.0000
151.7065
0.0000
0.0000
202.9596
231.1434
220.5180
171.5136
112.7870
110.1448
42.2089
0.0000
0.0000
0.0000
0.0000
0.0000
0.0000
-0.0000
0.0000
0.0000
-0.0000
0.0000
612.8105
614.3570
453.6064
304.7157
379.6713
598.5917
970.7174
1234.7655
1284.7235
1302.8048
1324.5548
1340.6520
856.4777
893.5660
920.1585
942.0599
963.8044
969.4311
951.1965
897.3925
823.1165
266.3685
215.3764
666.3411
614.0861
1039.0370
939.9560
870.9625
747.1628
201.0502
709.0730
707.3056
126.5310
33.6231
10.7828
0.0000
0.0000
0.0000
0.0000
0.0000
0.0000
0.0000
0.0000
0.0000
0.0000
0.0000
0.0000
0.0000
0.0000
0.0000
0.0000
0.0000
0.0000
0.0000
0.0000
0.0000
87.6890
72.9492
112.3956
0.0000
0.0000
0.0000
0.0000
0.0000
0.0000
0.0000
0.0000
0.0000
0.0000
0.0000
0.0000
0.0000
0.0000
103.8452
0.0000
0.0000
0.0000
0.0000
0.0000
0.0000
0.0000
0.0000
0.0000
0.0000
0.0000
0.0000
0.0000
92.4350
89.5231
90.3351
122.7120
121.4117
161.4902
192.6863
226.3193
245.9712
239.8376
173.1860
0.0000
0.0000
0.0000
0.0000
55.4888
259.9564
295.9590
786.8860
305.8729
334.2315
342.7874
357.0891
358.2998
363.1267
361.4128
351.3399
357.8204
359.7477
358.2691
348.1495
351.9481
355.6811
353.0283
160.3963
0.0000
0.0000
0.0000
0.0000
0.0000
716.1180
785.0543
754.6902
711.9451
666.5236
713.9799
749.2227
738.0256
739.6634
752.9758
726.1558
252.4578
275.1691
275.7088
225.5104
240.5222
786.9824
829.2344
775.0525
282.9330
0.0000
0.0000
0.0000
626.0547
1306.1627
1302.2291
1243.3427
1160.6168
1113.1324
1113.4073
1075.3368
1055.2927
460.9861
263.5457
3.3378
-0.0000
0.0000
0.0000
0.0000
0.0000
0.0000
0.0000
0.0000
0.0000
0.0000
0.0000
0.0000
0.0000
114.5529
838.0496
899.0557
884.4260
823.4042
810.2253
853.0544
823.7420
967.0229
919.1150
1196.0766
736.4745
775.4172
838.3322
1348.1234
1278.5083
1237.1043
1144.4937
867.2278
141.3239
0.0000
0.0000
0.0000
0.0000
20.7693
0.0000
0.0000
0.0000
0.0000
0.0000
0.0000
0.0000
0.0000
0.0000
0.0000
0.0000
0.0000
0.0000
0.0000
0.0000
0.0000
0.0000
73.4091
0.0000
0.0000
0.0000
0.0000
249.9596
725.9710
839.7148
889.2754
843.4649
792.3508
554.9166
103.3154
88.9629
0.0000
0.0000
0.0000
0.0000
0.0000
0.0000
0.0000
0.0000
0.0000
365.4659
252.0969
0.0000
0.0000
0.0000
0.0000
361.1209
885.0750
987.2244
1027.9067
1053.6546
1020.6769
983.2600
797.5623
728.1901
745.2497
630.5104
427.8602
272.1859
270.4969
250.0306
225.5858
269.8178
364.9947
460.5171
493.2398
283.6908
78.7792
53.4248
237.7413
644.9150
952.1390
1052.7770
1073.4044
1030.8903
942.2049
679.6723
257.9093
0.0000
0.0000
0.0000
