0.6498
0.5873
0.5998
0.9621
0.7122
0.8372
0.8247
0.8372
5.9603
29.0393
53.9677
49.1819
43.2841
26.0529
9.1841
1.0246
1.6369
1.3120
1.1371
0.8997
0.7497
0.7997
0.6748
0.7247
0.7247
0.6498
0.6248
0.5248
0.6248
0.8122
0.8747
4.3984
139.7237
527.2439
942.0415
1033.4454
761.3954
404.6514
78.2837
1.7868
2.1742
1.5994
1.0496
0.7747
0.6123
0.4998
0.4248
0.4373
0.4498
0.3999
0.4873
0.5498
0.7372
1.0121
1.0496
2.2867
32.4256
196.4528
430.7918
595.1439
629.1564
385.4084
68.8872
1.4870
1.7993
1.3995
0.9621
0.7872
0.6248
0.5998
0.5123
0.5123
0.4123
0.4748
0.5248
0.5498
0.5623
0.7122
0.8622
3.6487
59.4032
182.5330
314.5970
311.6230
282.1089
157.1673
43.3716
1.0121
1.4120
1.1371
0.8497
0.6248
0.5123
0.4623
0.3499
0.3249
0.3999
0.3874
0.5123
0.4498
0.5748
0.7122
0.7247
1.5744
24.3411
65.2510
113.0585
118.0067
110.0096
71.0989
16.4690
0.8497
1.4370
1.1871
0.8872
0.8497
0.6748
0.7122
0.5623
0.6123
0.6498
0.7747
0.5248
0.5873
0.7622
0.9746
1.0996
1.1621
12.3830
64.1015
128.9027
167.8259
131.4517
57.2040
10.8210
1.2870
1.7619
1.5494
1.2246
0.8872
0.7622
0.7122
1.1371
0.7247
0.7497
0.6748
0.5998
0.6872
0.8497
1.1996
1.2870
5.6854
86.4308
240.3117
406.5507
583.8606
510.5750
296.3412
76.1470
2.6990
2.0617
1.6744
1.3370
1.0746
0.9372
0.8497
0.9372
0.8247
0.7872
0.7997
0.7997
0.8122
0.8622
1.0371
1.2495
3.5862
76.6094
259.2423
431.4665
432.5786
419.1211
250.4955
76.0596
1.8118
1.8618
1.4495
1.1996
0.9871
0.8747
0.7497
0.6498
1.2745
1.4370
0.7372
0.5873
0.7497
0.7747
1.0371
1.1121
3.3988
102.0750
324.4183
508.8006
628.0068
628.3692
384.9711
98.2139
2.9239
1.8493
1.5119
1.0996
0.8747
0.7747
0.7247
0.7247
1.3620
0.6623
0.6123
0.8872
0.7372
0.6997
0.9247
0.9871
3.5612
100.0008
307.3871
510.4000
619.0726
565.2424
412.7984
128.1779
3.7611
1.6994
1.3495
0.9372
0.7247
0.5623
0.5123
0.4498
0.4498
0.3874
0.3749
0.4123
0.4873
0.6748
0.8497
0.9621
4.1985
130.4896
531.9421
873.6291
1015.7769
1005.1058
668.4295
188.7932
6.4976
1.8618
1.5244
1.0746
0.7997
0.6623
0.5248
0.4373
0.3624
0.4498
0.3499
0.3624
0.4373
0.4998
0.6872
0.7372
11.3458
228.9159
769.6423
1236.2709
1367.5977
1237.0707
787.7857
245.9347
9.7589
1.8868
1.6244
1.0871
0.8247
6.0603
3.6612
0.5248
0.4123
0.4373
0.3874
0.4248
0.7872
0.6498
0.8997
1.1871
10.2337
138.0743
263.0784
285.8825
283.4584
230.2030
154.9306
66.3506
2.2242
1.6994
1.3745
0.9746
0.7747
0.6248
0.5998
0.6373
0.6248
0.6872
0.5748
0.5248
0.6123
0.7122
1.1496
1.3995
2.0368
21.7170
65.0261
109.8222
159.1665
212.8843
202.4756
70.9489
3.1988
1.8493
1.3995
1.0246
0.8497
0.6123
0.4873
0.4623
0.3624
0.4123
0.5248
0.5248
0.5623
0.6997
0.8747
0.9996
18.1933
163.1151
472.3140
655.4218
684.6860
563.7430
402.8395
149.4951
7.6847
3.4862
1.8493
1.2995
1.0246
0.7497
0.6623
0.6623
0.6498
0.7622
0.4998
0.5373
0.5748
0.6872
0.8872
1.3120
3.3363
48.1448
149.4576
234.9137
293.8296
281.4716
192.5293
63.8391
4.2110
1.8493
1.4994
1.1496
0.8622
0.6748
0.5998
0.4998
0.4873
0.4748
0.5748
0.5123
0.6123
0.6623
0.9621
1.2620
2.1117
34.3374
103.7869
167.6884
182.6079
171.2871
114.6079
36.8115
1.8868
1.6744
1.4370
1.0746
0.8622
0.6623
0.5748
0.4998
0.4248
0.4123
0.3624
0.4248
0.4248
0.5248
0.7122
0.7997
1.7494
30.2889
96.1272
140.9107
159.0666
145.9964
101.8001
38.8107
2.1117
1.4495
1.3245
1.1246
0.8872
0.6498
0.5623
0.4498
0.4123
0.5123
0.5248
0.5123
0.5248
0.6498
0.7872
0.7497
7.5472
129.8523
394.3802
653.1601
911.1154
974.9669
751.0492
292.6800
20.0301
1.5369
1.3870
0.9871
0.7247
0.5623
0.4998
0.4373
0.3874
0.3874
0.3124
0.3249
0.4498
0.5998
0.9621
1.0371
17.4186
199.7017
528.0935
684.5861
692.9580
555.3585
273.8744
73.2981
3.8486
6.6601
2.9739
1.2870
0.8997
0.7122
0.6623
0.4623
0.3749
0.5748
0.4748
0.4748
0.3999
0.5873
0.8247
0.9996
3.7736
42.3345
108.0353
150.6072
157.9420
120.2308
85.4436
35.4495
3.0489
1.9743
1.3870
0.9746
0.6997
0.5248
0.4498
0.3874
0.3624
0.4748
0.6373
0.2874
0.3499
0.5123
1.1371
1.2745
4.9982
81.4326
198.8395
350.9586
400.7528
348.1971
246.7594
93.7656
7.1474
1.8368
1.3870
1.0621
0.8247
0.6623
0.6248
0.6748
0.5623
0.5623
0.4623
0.4373
0.4123
0.5873
0.8747
1.1246
2.0118
22.6667
82.2448
177.8347
333.5275
428.3302
317.4959
147.8082
18.7806
1.7119
1.3620
1.0121
0.8372
0.6248
0.5373
0.4623
0.5123
0.4248
0.3749
0.3749
0.3749
0.5373
0.8747
1.1621
14.1573
138.4117
252.0449
306.5749
226.4918
121.4929
86.0934
29.6141
1.6869
1.7993
1.4994
1.1871
0.9122
0.7372
0.6123
0.5498
0.5498
0.5248
0.4623
0.5498
0.4998
0.5873
0.7247
0.8372
4.6108
63.2893
173.0739
319.1328
313.2350
398.0913
360.0553
205.3371
36.1867
1.5994
1.4120
1.0371
0.7622
0.5873
0.4623
0.3624
0.3124
0.2874
0.2874
0.3249
0.3999
0.5623
0.6123
0.7122
5.8354
83.7567
270.7006
464.2170
558.2075
421.0704
438.1391
246.8343
43.1092
1.5619
1.2246
0.8872
0.6748
0.4998
0.4623
0.4123
0.4248
0.3624
0.4123
0.5248
0.5123
0.6872
0.9372
1.1371
2.6490
31.3760
86.3058
238.6998
435.7275
605.7525
607.9267
337.7010
44.0088
1.8993
1.5369
1.1496
0.9122
0.6872
0.5373
0.4748
0.4123
0.4123
0.3499
0.3624
0.4373
0.4873
0.7372
0.8997
26.9776
259.4172
694.3325
1045.0412
1209.3933
1080.3032
762.3950
328.8292
42.0596
2.3117
1.8118
1.3620
1.0621
0.7622
0.6498
0.5498
0.4123
0.4248
0.4123
0.4623
0.3749
0.5373
0.8497
1.1121
18.1808
145.3341
323.1938
495.1681
442.1376
341.3871
200.6763
60.2279
6.2852
1.7868
1.4745
1.0121
0.7747
0.5998
0.5373
0.5748
0.5623
0.5123
0.4373
0.5123
0.5498
0.6997
0.9996
1.2495
17.0187
182.0581
414.9101
666.6177
695.3571
591.1579
459.9436
243.3606
50.9813
2.2742
1.6119
1.1621
1.0871
0.7997
0.6623
0.5873
0.5373
0.5498
0.5498
0.5248
0.5998
0.6248
0.9372
1.1246
22.8416
194.8784
441.3129
655.4968
784.6368
734.7052
553.4467
300.9020
50.3815
1.9243
1.6619
1.2495
0.9621
0.7997
0.5998
0.5248
0.4248
0.3499
0.3749
0.3374
0.3499
0.4248
0.6997
0.7122
42.7468
331.3658
772.5538
1109.2676
1086.8133
965.2580
763.2322
426.2060
81.5575
1.8868
1.5119
1.0621
0.7997
0.6748
0.5748
0.4623
0.4248
0.4123
0.3999
0.3874
0.4373
0.5123
0.6997
0.8997
18.7181
121.0181
298.5903
422.6698
493.6312
483.7473
344.1736
186.7564
47.8324
1.5119
1.2995
0.9871
0.7247
0.5623
0.4998
0.4248
0.3749
0.4123
0.3249
0.3499
0.3999
0.5123
1.1871
1.2121
37.6737
246.6969
531.0425
721.4350
750.2994
669.0918
456.0450
232.6770
46.3455
2.0617
4.3359
6.2602
0.9122
0.6248
0.5873
0.5248
0.5123
0.4123
0.3624
0.3749
0.4123
0.5373
1.0246
1.3245
30.5388
132.5013
270.6131
421.3702
511.5621
429.3673
283.4459
150.4572
37.1863
4.5358
4.2234
3.8361
3.6487
3.6861
3.5362
3.4987
6.2227
8.7093
9.0467
6.2602
6.1103
6.3852
6.6975
6.7475
46.7703
432.5661
1062.4098
1388.1152
1485.9667
1389.9145
1116.6274
628.5442
138.8490
4.9732
3.6737
2.8989
2.5491
1.9868
1.6619
1.4120
1.3745
1.4870
1.6494
1.8618
2.5491
2.6740
3.1114
4.0735
112.5337
689.9966
1408.4952
1879.5972
2085.2341
1982.6093
1603.2986
930.3208
200.2639
6.2977
3.4487
3.1613
4.1485
3.3113
3.4237
3.5987
3.8861
3.7736
3.9985
4.7608
4.7108
4.1610
3.7736
3.8361
55.3047
353.4577
675.7893
685.9606
654.3722
578.8249
454.8579
263.0909
75.7972
5.9478
5.9853
4.9732
5.8853
6.2227
4.5358
5.1106
5.2106
5.3105
6.6476
5.6229
4.0610
3.2113
3.9111
5.6104
31.2760
134.2007
233.0894
308.9365
397.0542
385.7958
369.5893
207.7862
60.3029
7.6472
6.9474
5.6479
3.8111
3.4237
3.1613
3.7611
3.5737
3.1613
3.5612
3.5737
3.0114
3.0739
4.1985
6.2227
46.4080
175.1357
300.1273
357.5812
360.3801
324.9806
252.8696
153.2312
39.6604
8.0096
7.3473
6.0978
7.1849
8.1720
7.9471
7.1974
6.5226
7.0224
5.8229
4.8107
5.3105
7.0599
7.1224
5.6854
18.1059
73.6854
132.3639
186.6065
200.5388
220.0567
200.8013
139.4363
51.1937
10.4087
9.8839
9.6964
9.4840
9.2591
8.6968
9.1092
9.0342
9.0342
7.9846
7.2598
8.5968
8.5469
8.3594
9.8964
123.2422
533.3416
1113.7035
1558.0028
1856.4807
1855.9933
1442.3078
764.8816
216.3830
21.8795
11.2959
10.1213
8.2970
8.8967
10.8460
9.0092
7.9471
7.0474
7.5597
8.4094
10.0338
9.4465
10.6836
11.0085
92.0412
310.1611
518.0847
694.9947
928.3840
920.4494
759.0712
418.0090
122.8049
11.2084
7.3098
6.2727
5.3605
4.7732
5.2481
4.3609
4.3609
4.0110
4.9357
4.6858
4.8357
5.9603
7.8596
6.4976
19.5803
76.1470
168.1258
289.0189
438.9263
436.7396
406.9630
253.0820
76.0721
9.5090
5.9603
3.1988
2.8365
2.5241
1.1246
1.0746
1.2370
0.7872
0.9122
0.5998
0.3374
0.5248
0.8122
3.6612
100.7755
421.6326
876.6655
1151.3147
1289.3140
1099.2213
918.1753
490.1700
149.6700
7.8846
2.0368
1.2995
0.9247
0.6872
0.6248
0.9621
1.1371
1.1621
1.0996
1.8243
0.5873
0.5748
1.3370
7.6222
186.4315
655.3468
1008.9045
1189.6006
1048.4774
797.8695
486.5213
257.6054
92.2161
11.3833
11.1209
14.5572
14.9070
14.4822
11.6082
11.9706
11.6957
10.5336
8.5344
6.7350
6.2227
4.1110
3.7361
11.9831
295.2541
1031.2213
1920.5821
2547.9517
2814.4288
2725.3740
2287.1225
1464.2997
513.8613
29.5766
2.3366
1.6244
1.1496
0.8497
0.6623
0.5998
0.5123
0.4623
0.5873
0.5248
0.5248
0.6373
0.9871
15.6318
387.2828
1234.1592
2111.3371
2663.9716
2823.9753
2671.1939
2172.1147
1365.6359
481.1233
35.1996
6.6101
4.7233
1.9493
1.6744
1.5619
1.4120
2.3366
2.7240
3.3613
3.0489
2.2242
4.1610
4.0985
20.4175
406.5507
1290.8884
2132.6417
2586.7874
2708.2053
2590.7485
2226.5198
1466.8987
551.7973
39.1481
2.5116
1.7619
1.3120
1.1746
1.5369
1.2620
1.7119
2.1367
2.0492
1.4620
2.1867
4.0485
5.7479
21.8920
386.8704
1245.2551
2142.5631
2741.2807
3001.0728
2921.9144
2355.6723
1645.4832
616.9234
38.7108
8.8717
8.0970
4.6483
4.4609
4.2234
4.1860
4.5108
5.1731
5.3230
4.1860
3.8986
4.0360
6.4851
38.4609
399.7157
1042.3297
1861.7537
2096.9423
2313.2254
1884.5828
1188.9133
645.5004
204.1875
25.6781
17.3436
18.7056
17.9309
17.4311
17.5561
17.8310
13.9449
13.2076
9.0342
6.3102
4.7483
3.9485
5.2231
7.6347
63.6266
164.2022
295.8288
393.8429
393.9803
371.3261
342.9865
318.2331
140.7108
28.2271
12.5329
14.3072
14.7821
17.0312
17.2437
17.3436
17.4561
17.1187
15.5568
12.3080
11.5333
9.2216
6.7725
36.6990
267.5267
723.8966
1166.4841
1253.2272
1090.4870
835.4931
576.3133
314.2596
91.6788
18.0559
9.0842
5.1356
2.6115
1.4994
1.5244
1.5619
1.9368
1.4495
1.0746
1.4994
2.5241
2.1867
2.2242
12.5704
168.4506
492.9814
923.2359
1416.3423
1688.7673
1586.8797
1240.1320
703.2542
178.0596
28.1896
16.7064
17.9059
17.2936
17.1937
17.8559
17.9059
17.9434
17.8809
17.9559
17.7060
17.7810
15.0945
15.4443
31.5259
191.4297
366.0281
480.8859
523.9326
501.2159
419.7208
269.9259
158.7167
65.3135
12.7453
6.7600
4.5233
3.9236
4.4734
5.5105
6.9724
5.1356
3.3863
2.1742
1.5869
2.2992
3.4112
3.0614
10.4087
113.0085
309.3739
563.6305
826.3340
995.6718
905.0301
587.0719
292.5800
137.9743
34.9247
6.7225
10.4712
4.4734
3.6362
2.7615
2.8989
2.7115
4.4983
3.7111
2.8739
2.4241
3.0489
7.3223
17.4186
131.5392
326.6300
553.2093
812.7140
1146.3915
1275.0817
1189.7505
811.0146
394.6176
60.0030
3.0364
2.9864
3.5112
2.6240
1.8993
1.1746
0.6997
0.5498
0.3999
0.6498
0.6248
1.1621
1.4370
18.9181
199.5767
426.4309
628.1068
764.7941
902.9809
852.5369
733.2307
552.5471
263.9406
39.0607
2.6740
2.4491
1.7993
1.2745
2.1242
1.7494
1.2745
0.4873
0.4498
0.4373
0.5498
0.5998
0.9122
17.3561
158.8167
414.4603
710.3016
1252.2026
1646.4453
1751.4692
1586.8172
1162.4106
609.9510
106.1860
2.2117
2.2242
2.5866
1.0496
0.6997
0.7997
1.2745
0.9122
0.8622
1.6869
1.8243
2.1367
2.1742
41.3473
255.7436
644.9006
1018.7633
1506.1968
1960.1926
2178.4749
1991.7685
1329.3368
601.7915
93.7031
8.2970
8.2470
8.1970
8.7343
9.1092
8.1970
8.2345
5.0232
4.7108
5.9978
3.9985
5.4105
6.3102
65.5759
439.0762
1095.2852
1820.5314
2178.2625
1932.2278
1457.8771
1255.5264
893.7592
477.4746
139.3738
17.8060
16.7938
16.1941
13.3951
14.8071
17.3311
16.4939
11.6707
13.3201
13.8574
14.1198
11.0210
10.8585
68.5123
368.4522
651.9106
1164.4848
1516.6430
1651.4934
1524.3152
1410.6944
905.6174
437.8017
85.1562
12.5829
12.3330
15.0445
12.5954
11.3708
12.6329
13.6450
12.2455
10.5961
12.9203
12.0456
11.4333
12.2080
68.7622
317.1960
625.9701
796.3575
1152.3393
1381.2052
1432.7988
1353.4404
921.2741
471.7767
125.2165
20.0052
18.7306
18.5432
18.4932
18.3183
18.0184
18.2058
17.9684
17.8310
18.0309
18.0559
17.8559
18.4307
81.4826
293.5922
700.0929
1039.1808
1280.9171
947.6894
973.3925
1340.9450
1127.3734
646.4751
191.5671
16.9813
17.2687
18.3433
18.2433
17.8559
17.2437
12.8578
12.2580
12.5954
11.9206
12.4079
12.3705
12.5454
177.4348
915.2264
1888.7188
2669.8069
3046.4811
2649.8143
2675.7173
2712.3538
2028.6924
1049.4271
211.9971
11.5832
7.4972
6.0728
7.0724
6.0478
7.1224
7.1349
6.7100
7.3473
8.9467
8.3844
6.7600
8.8343
220.9439
867.0316
1725.1789
2486.7867
2897.4483
2647.1903
2396.0325
2187.9589
1593.7022
675.4019
166.2264
8.8218
6.1602
4.9482
4.2234
2.8240
1.1371
0.8997
1.0871
0.7747
0.5623
0.6623
1.1496
3.4362
183.4826
810.4398
1629.6390
2406.3787
2727.2733
2419.5114
2411.4143
2070.4271
1775.8728
1005.8056
226.1919
9.1466
2.2867
2.0368
1.7993
2.0118
2.1242
2.1242
1.6369
1.2870
1.3245
1.2370
1.9368
6.1602
207.3488
836.1679
1698.9510
2421.1608
2358.4213
2000.3403
1887.5692
2085.4341
1772.1991
980.8897
263.9531
10.5586
5.1606
5.0357
3.8736
4.0235
3.5612
2.9239
3.1363
3.1613
2.7865
2.1867
2.1492
6.5976
182.9078
721.0227
1442.8451
2095.4429
2583.7511
2871.8203
2803.0330
2437.8546
1765.2142
820.1363
164.2772
6.3852
2.6365
1.7244
1.1871
0.8997
0.7122
0.6623
0.5873
0.4623
0.6872
1.2620
1.3120
1.6994
34.9996
110.0971
225.6046
319.6701
400.0281
389.8193
374.3500
287.8818
225.1673
113.3709
36.2242
4.9732
3.5737
4.5108
2.6490
0.5123
0.4248
0.4248
0.5748
0.7747
0.9122
0.9996
1.1371
3.9485
82.6696
329.7664
682.4743
865.9070
1107.6057
1224.1254
1354.6775
1281.1545
783.7372
406.0509
132.8012
13.1452
8.5719
7.0224
6.0603
5.2481
6.5351
6.7850
10.3837
8.5469
10.1338
5.6854
3.8361
8.9967
146.6336
408.8998
686.1980
1109.8049
1194.7487
1303.4963
1075.7174
926.1973
725.3961
441.8002
125.5164
14.6696
9.7089
9.6465
5.5854
4.7608
4.6983
6.4226
4.2359
2.7615
2.0243
2.6490
3.0364
10.3212
265.8149
891.3351
1593.5772
2332.9557
2596.1590
2704.4942
2770.7824
2561.7966
2033.5031
1287.7270
413.9605
22.7666
4.7358
3.0489
2.4366
2.0492
1.6744
2.5366
2.2992
2.3491
2.3491
2.4366
2.9364
23.9037
483.3725
1471.9469
2459.5842
3122.3033
3354.6929
3419.5191
3305.3235
2903.2962
2328.0325
1378.7811
440.1009
32.6505
11.7082
9.7464
11.2209
10.6336
10.1088
9.3965
9.4090
9.4215
9.8839
10.1088
11.7332
27.0776
296.2537
781.1006
1433.7859
1934.8644
2133.3915
2000.8276
2032.2661
2145.8244
1871.0253
1196.8604
427.8054
36.7990
11.9956
8.6593
10.4087
8.1470
5.1606
4.4359
4.7608
3.9485
4.3984
4.3859
3.5737
41.0224
584.8227
1617.2685
2712.3788
3436.3629
3702.2652
3894.0073
3807.5891
3408.8605
2651.8385
1617.9433
568.7036
54.6174
16.4690
16.5689
17.1562
14.1073
12.4204
12.2580
11.8706
12.2830
13.0827
10.6086
10.3337
37.7486
395.7796
1025.4484
1583.8058
1808.0609
1571.5603
1340.9825
1510.8451
1546.3071
1045.3286
621.2843
224.5175
25.0658
10.2712
10.2212
9.1216
7.7097
7.8471
6.2227
6.5726
6.3602
5.7854
5.8603
5.5230
35.5619
464.2170
1494.7510
2594.6970
3432.8517
3464.0153
3015.2301
3235.0369
3014.5303
2823.2256
1771.6618
595.9811
40.6976
3.6362
2.1992
1.5244
1.1996
1.5869
2.3866
2.4616
2.4241
2.4741
2.6115
2.3117
53.0805
486.5463
1348.2298
2324.6462
2921.0022
3398.8392
3273.0104
3261.8395
3153.4918
2574.7169
1574.7966
521.3460
42.4594
4.3734
3.6487
2.5116
1.5494
1.3995
2.2617
2.4491
1.9368
1.4495
1.6619
2.2867
51.1687
543.5504
1524.6400
2648.4398
3494.1667
3918.4733
2896.2738
2985.4660
2745.0168
2494.1590
1617.3435
561.2189
58.3286
9.3716
11.9331
16.4440
16.4939
15.3069
14.8321
13.9449
12.7078
12.7578
15.4943
16.6439
67.0004
554.1965
1640.5350
2274.7770
2729.8974
2229.9935
1980.9974
1992.8681
1859.4921
2234.6168
1492.6268
640.9021
70.3742
20.0676
18.7556
18.0059
17.3811
15.8442
15.9691
15.9067
15.1319
16.0066
16.2440
17.7685
63.5766
436.7146
1161.7358
1977.5987
2505.5298
2513.8267
2472.4169
2538.6676
2334.1302
1728.2153
1074.4179
336.4889
41.8721
13.1952
10.7960
9.2966
9.0717
9.0217
4.9482
1.8618
2.0742
1.4745
2.6740
3.8361
52.2683
445.3739
1270.8457
2207.3018
2895.4741
3435.9381
3623.8815
3401.7006
3061.9879
2418.3368
1507.6713
537.9524
52.4682
2.9114
2.8490
2.8989
4.5733
4.6608
4.4983
4.1485
5.2856
5.4355
8.0221
10.3337
39.8978
189.0806
414.5602
616.1987
918.0253
1084.1268
1135.4080
1109.1676
834.4560
616.8609
364.9909
168.7880
33.7001
11.0210
12.6828
11.6957
13.8699
12.3580
15.1319
13.1577
11.8706
12.4829
12.7703
12.3080
84.5315
603.0285
1578.6952
2592.9852
3227.6271
3708.5879
3837.6530
3687.4832
3504.9752
2680.3781
1627.2024
541.7260
66.2882
7.5222
5.7354
7.9346
9.1716
11.9706
12.9203
12.1081
9.0842
12.0831
8.7968
13.3076
59.1658
291.6554
644.2384
1030.2466
1595.7514
1896.4410
2098.3043
2094.1934
1894.5042
1515.6808
1088.3628
456.6198
65.7758
12.3580
12.5704
11.5583
12.7953
13.9824
13.0452
13.2951
14.6321
11.9581
12.4079
13.4950
127.1033
645.5504
1380.5555
1965.0533
2290.9336
2501.0314
2416.7124
2193.9067
1983.4715
1692.6658
1005.2058
332.1780
41.0099
7.2099
5.5605
5.2606
5.5480
5.4230
3.3738
3.5112
2.7490
2.7990
3.7986
5.0481
106.4359
580.7117
1504.1601
2382.6624
2753.9760
2925.5505
2847.6666
2673.2182
2344.2390
2209.3511
1628.7643
592.2325
93.3282
9.8339
10.4087
12.3330
15.0820
17.5561
16.6314
10.2212
13.8949
17.0937
13.8449
10.6961
38.0485
194.4286
486.5463
639.7150
789.8099
1033.8453
1094.5480
985.4256
741.3527
857.1102
673.6901
275.8612
55.4421
11.5458
8.7718
7.6847
5.4105
7.3348
2.6990
1.5369
1.7868
1.3370
1.2745
3.2113
133.4260
822.6479
1854.5814
2808.4310
3398.8517
3735.2281
3776.5630
3619.2083
3482.5459
2980.4054
2068.2404
876.5781
122.7299
3.4237
1.8868
1.5494
1.5744
1.2121
1.2495
1.8493
1.3495
1.3370
1.1371
3.3613
182.7579
881.3638
1865.3774
2858.8125
3721.7831
3668.7151
3763.7302
3639.9631
3830.4182
3064.3370
2012.2110
861.6960
120.0809
3.1488
2.0742
1.6369
1.5369
1.5119
0.9996
0.9621
1.0496
0.9996
0.9746
4.4484
186.3691
963.2087
2112.2867
3067.0361
2849.1911
2472.8293
2448.8756
2482.8881
2372.3162
2098.7292
2059.6186
891.8100
129.8148
6.3602
4.5608
4.3109
2.1492
1.0121
0.9122
0.7747
0.7997
0.8122
0.9746
7.8846
235.0137
1086.1636
2259.8325
3208.6091
2675.8672
3194.3393
2629.2468
2185.8472
2986.1533
3123.8652
2047.2731
916.5634
140.3609
6.8225
4.6483
2.5866
2.0617
1.3245
1.3370
1.5244
1.6369
1.8743
1.9118
8.7718
239.8744
1048.3775
2067.0283
3052.8538
3909.4392
3525.9300
2872.9948
2942.0195
3045.1816
2973.2205
1998.4910
950.1510
160.8659
9.2591
6.1852
5.3855
5.6479
6.3977
6.7100
6.2852
4.6983
6.3477
4.9732
10.9085
217.7450
987.3374
2121.8582
2608.0921
2496.0458
2055.3576
2000.7277
2119.1467
2018.3212
1988.0948
1598.5629
891.5226
174.8608
9.2466
7.5972
3.2988
2.7615
1.2370
1.8868
2.7865
2.2992
1.4870
1.5494
11.5083
299.1776
1170.0578
2051.4965
2661.3850
2697.0719
2425.0218
2532.9822
2001.9023
1573.7845
1681.1451
1792.5042
962.5715
179.7590
6.7850
4.3484
4.4109
3.9860
6.4351
3.8486
3.7736
2.9864
2.8365
2.8115
12.6329
231.6524
817.8621
1493.1391
2251.7480
3065.9614
3526.1674
3152.3547
3241.7219
3688.0705
3180.5194
2176.7755
980.6898
185.5943
8.2595
2.5990
2.9239
4.4234
3.2863
3.2613
1.7993
3.0239
1.9243
2.2117
17.8185
306.2750
1129.9600
2203.8406
3273.9601
3967.5303
3825.7324
3515.9712
3343.0472
3363.6771
2827.3991
1978.3234
900.3568
180.7211
10.8085
3.3488
2.4366
2.8739
3.3113
3.9985
4.7108
6.7600
3.8611
3.1114
13.8449
183.4826
646.3626
1321.0023
2042.0750
2775.6056
3260.1651
3434.0638
3643.5618
3597.8411
2847.0419
1955.9441
912.6023
196.6153
7.3973
1.9868
1.5619
1.2121
1.2121
1.1996
1.1371
1.1621
1.3870
1.2995
19.8552
286.3823
899.1448
1689.0547
2688.8874
3298.4761
3508.8488
3519.0450
3283.2192
3075.5704
2870.5832
1560.2145
557.1829
113.5208
20.0551
16.3690
16.4690
16.6189
15.5818
17.1937
15.1569
16.3690
17.9559
18.0434
27.9023
131.3393
363.9163
779.2638
1292.5128
1440.2460
1612.7702
1492.9892
1298.2857
1641.6845
1319.8278
908.2789
418.1714
95.4399
12.8453
12.9952
12.8828
11.0584
12.6953
10.7835
9.3091
7.3348
4.5483
3.6861
11.1334
126.3786
409.5496
752.4861
1178.2797
1436.5849
1222.8759
1268.3842
1497.7999
1544.2328
2349.7120
2335.1424
1135.3080
246.7094
13.5075
1.9493
1.8743
6.4976
7.7846
4.4484
4.3984
4.7608
6.0103
8.4469
42.8218
395.9546
1302.4466
2000.9901
1903.5384
1791.3671
1213.1294
1045.6035
573.1270
481.7731
695.0572
928.3216
489.6702
147.4084
16.7563
9.2466
9.2716
4.3734
4.7608
3.2863
3.3363
2.3366
1.9618
1.4245
21.9794
186.2191
393.3055
630.9058
781.3255
1168.9707
1411.0942
1999.0158
2546.1524
2982.8170
2691.3115
2030.4918
1087.1007
258.8674
12.7578
1.8493
1.2870
2.2992
3.5862
4.8232
3.7861
4.5983
4.6358
4.6733
45.9206
355.4445
1061.7475
1986.5329
2402.1178
2621.7871
2657.7114
2571.1307
3060.3760
3318.9560
2316.5867
1473.0965
942.9787
232.2772
20.5550
13.5325
13.8574
12.9827
13.2326
9.1216
5.2106
3.5612
2.3117
3.5987
16.7813
179.8589
599.4673
1178.5422
2204.6028
3149.4308
3759.2568
3837.9529
3766.2917
3452.1446
2833.0845
1914.1970
911.4153
216.2206
16.0316
1.8743
1.7743
1.7369
2.5241
0.8997
1.9118
1.4370
0.8372
0.9871
31.6009
185.1445
444.6242
753.8231
1083.5645
1383.6043
1525.1523
1577.8705
1546.5070
1353.7528
958.2730
559.0947
268.9137
70.5491
4.5233
1.5494
1.3495
1.2745
1.3745
1.1246
2.1492
1.0871
1.7119
2.0492
21.4546
162.1779
340.2875
508.3258
685.7731
942.9162
1139.8314
1091.0618
1079.8534
1211.0802
1241.5565
1069.3697
603.0160
205.6745
35.6994
3.7861
4.1860
3.6737
3.2863
2.7490
2.1242
2.0867
4.4234
1.9493
17.8060
134.0633
314.7094
475.5004
561.7187
601.1167
518.2347
524.8697
468.5654
353.1203
293.0799
237.0130
128.8902
47.3951
18.1183
15.5818
14.9945
13.9699
12.8828
12.5704
11.8706
12.6329
12.5954
12.7953
22.2043
94.5028
237.5003
426.6683
550.1729
691.7834
730.9565
746.5633
726.2833
563.7929
453.0836
343.9487
201.1386
65.1136
7.7971
3.7111
3.2988
2.7990
2.3616
2.1492
2.1117
1.5369
1.0621
1.5744
29.8390
136.4874
317.0960
509.9752
768.3928
856.8103
919.7497
1004.8310
967.0948
925.6475
801.9555
672.3656
389.4820
148.5454
18.2933
1.7743
1.2246
0.8497
0.6997
0.6498
0.8622
0.7122
0.5873
0.6373
40.7350
227.4914
545.5371
866.3818
1175.3808
1325.2133
1455.2030
1497.1876
1433.9234
1477.0450
1205.0824
805.3667
496.4552
197.5025
29.7141
3.0489
1.3870
1.3245
1.3495
1.1621
0.8372
0.6872
0.5998
1.0871
59.9405
286.4448
716.9867
1275.0692
1741.8103
1980.5351
1779.6964
2002.9144
2042.7248
2114.5734
1836.6879
1487.8286
928.7464
352.4705
49.4943
3.0739
2.8490
2.2617
1.3995
0.8872
0.7872
0.7247
0.8372
2.0617
96.8644
423.0821
933.8945
1637.5486
2444.8271
3182.2437
3379.4338
3504.9877
3424.3173
3234.1497
2869.0963
2279.2754
1238.8575
373.8502
51.1187
2.7865
2.5990
1.6744
1.2495
1.8743
3.2863
1.3870
1.5244
2.3991
100.1882
510.8374
1184.3025
1969.7765
2895.0617
3437.1626
3779.5993
3972.8909
3866.0176
3827.9691
3272.1607
2371.2416
1419.1163
453.9083
66.6380
6.7225
6.3602
6.2352
7.0224
4.2734
5.0981
5.1356
2.8490
4.4983
142.5851
644.0385
1649.0443
2746.0539
3602.5144
3324.1416
2953.0154
2711.3542
2338.9909
2208.4014
2244.3632
2471.8422
1420.4033
461.2431
64.8512
3.7736
2.7615
3.0489
3.2988
2.6740
3.7361
4.4484
4.1110
8.5094
108.8600
528.9432
1635.4993
1847.9713
1863.8904
2008.1500
2091.2444
2122.4455
2042.6498
1864.3153
1960.5299
1786.2814
1337.6962
470.8521
58.7659
4.4859
3.5362
3.1863
3.1488
3.4987
3.8486
3.3488
4.3359
8.9342
184.5447
694.8198
1565.7374
2509.7907
3399.7014
3097.8123
2194.7189
1952.4829
2004.5263
2537.4930
2814.1914
2165.9670
1227.6241
435.2152
75.6347
8.7468
7.1849
5.5230
3.5487
3.3488
3.6861
3.0239
2.7490
5.3980
130.5895
542.4008
1273.7822
2244.6006
3352.1313
3266.4128
3074.0710
2706.7309
2815.0286
3034.5980
3456.9429
2473.5415
1376.3695
455.7201
78.3462
3.4612
2.3991
2.3866
1.4620
1.5369
1.3495
0.8872
0.8997
4.6108
142.7726
524.7073
1194.3613
2169.9905
3178.6326
3067.1610
2618.9881
2615.5644
2291.3085
2829.8981
3346.5709
2398.3317
1366.4981
489.9576
94.6902
4.4859
3.5862
3.2738
3.6362
3.3738
2.3366
2.4491
1.7244
9.1591
169.5127
609.0763
1518.7922
2330.6440
2873.7945
3201.1368
3432.0020
3481.1090
3227.1023
2901.7468
2025.1187
2592.7103
1419.4787
445.7738
105.9486
8.1470
5.3230
4.5983
5.1731
5.9353
4.7358
1.6744
1.8868
9.6465
129.1776
412.9358
980.5899
1744.1469
1972.0132
1987.3701
2055.0327
2113.4113
2025.3436
2410.7271
2469.6680
2347.9627
1348.9671
469.7275
91.3415
15.1819
12.8078
12.8578
13.1702
13.8074
11.1334
13.6700
11.7582
15.8067
147.6833
549.7481
983.2139
1296.8612
1403.3346
1436.5224
1262.6987
1165.4345
1098.7964
1088.1503
989.1367
1007.0301
783.4872
318.1082
91.5914
7.5597
7.4473
8.2095
7.9471
9.9089
10.1963
8.1095
6.2977
14.5072
152.0442
522.8705
1152.3268
1551.2303
2024.9313
2396.2824
2579.0028
2195.3937
2075.8376
2112.9490
2251.8105
2113.0614
1340.6701
545.5371
117.9317
8.4344
5.7854
4.3234
4.8982
3.6362
3.5862
3.3488
3.8111
22.2793
232.3772
869.8180
2010.7740
2975.7821
3675.5751
4121.6362
4329.0351
4250.9137
4116.8005
4053.4238
3614.9723
2674.1429
1563.2509
505.8017
87.1430
16.3940
15.6318
16.0691
16.6439
14.6946
12.1330
11.2709
15.4818
28.2396
195.8031
783.5622
1795.0657
2926.9375
3784.4601
4191.2232
4285.0387
4276.1420
4326.1611
4194.5220
3527.8543
2611.5783
1522.8657
560.9565
133.3135
6.5351
2.9239
2.7990
1.6994
1.0246
0.8872
0.7997
0.7747
23.0165
232.9894
876.3656
1931.9529
2924.8258
3784.1352
4159.3349
4247.5900
4074.0662
4032.1441
3791.2951
3329.9895
2452.1744
1502.0358
588.0715
145.3591
11.5083
4.4484
2.7365
2.1492
2.1367
1.6619
0.9871
0.9372
24.1661
223.0931
776.1899
1798.2520
2935.9842
3855.3340
4136.5807
3862.5314
3814.5865
3596.7290
3489.4309
3100.1489
2343.0395
1291.6006
568.9285
135.8876
7.6972
3.2363
3.3613
2.9114
3.0739
3.5987
2.9989
2.5990
21.8670
198.7270
647.3372
1323.0016
1990.1566
2472.0421
2226.2449
2094.6807
2121.9582
2050.6344
2196.1559
2107.6509
1744.3094
1051.4263
473.8010
138.9989
10.9585
4.4734
4.2110
5.4730
5.3605
5.0856
3.7861
3.6861
32.3506
267.8266
687.5225
1364.1115
2242.9262
2850.1157
3160.0394
3513.6720
3308.0350
2998.9486
2285.1232
2233.7421
2220.4595
1401.6852
578.3501
140.1485
7.9346
1.8243
1.2620
1.2495
0.9247
0.8622
1.1996
0.8747
22.9791
193.1666
639.7900
1332.6980
2079.6487
2768.1208
3086.8413
3304.4738
2660.9477
2374.4904
2491.5224
2329.7568
2234.6543
1592.0778
619.5974
133.4635
10.0838
3.3613
2.6865
2.4741
2.0492
2.1367
3.3488
2.4741
37.7736
276.2235
1002.8817
2101.0533
3099.9989
3672.9010
4093.9964
3761.4060
4015.3877
3857.3208
3507.0370
3542.5489
2805.8195
1733.2384
682.3619
156.9549
11.4333
3.4862
2.0617
1.0246
0.9621
0.8622
0.8372
0.7747
40.7475
298.3529
1026.9978
2138.1397
3083.3801
3750.4226
2572.0054
2566.1450
2519.9245
2461.2335
2393.6959
2947.4550
2574.0546
1535.5610
631.3306
196.4778
18.2808
9.7339
10.8335
8.5719
9.8464
9.8839
5.9728
4.6108
45.7082
311.4481
954.9493
1758.8540
2768.0334
3131.5499
2506.3420
2262.7814
2166.1544
1879.3348
2317.1740
1989.3069
1677.3714
984.5259
474.7881
173.1989
15.2194
3.6861
2.9864
3.4362
4.2734
5.0856
6.4976
8.2220
57.7038
327.3048
1119.3264
2225.2202
3235.0743
3698.0543
3410.7973
2642.6169
2592.3354
2282.8990
2546.0274
2601.7444
2625.7856
1691.2538
699.8180
171.5120
19.6428
4.8107
4.2609
3.7736
3.8486
3.9985
3.7486
2.1367
47.7700
297.5282
943.0162
2043.4495
2982.4046
3468.1887
2742.1679
2143.0504
2135.0409
2150.2603
2667.0080
2927.2624
2757.3873
1742.5975
701.3424
184.9696
24.1286
7.3973
6.1477
5.3730
7.5972
6.2977
6.6101
6.7975
51.4561
285.5451
890.3730
1871.9750
2461.9208
2703.7195
2099.8538
1934.0522
1884.9327
1629.3016
1567.6617
1566.2997
1974.4498
1287.6896
582.7485
163.8023
27.0401
6.9474
3.2863
6.5726
9.0467
4.7233
5.2356
4.4484
48.7321
299.6275
989.5491
1873.6119
2647.5776
2661.9723
2499.8069
2227.6318
1602.8113
1566.3122
1428.3004
1875.4237
2033.4157
1232.8847
554.1215
195.6906
22.5292
3.1863
3.2988
5.0731
5.1231
4.5983
6.3727
6.6975
66.6255
343.8862
926.1349
1782.9202
2791.4748
3695.7801
4328.2478
4496.8234
4474.0568
4546.3053
4298.7212
3825.9823
3009.7321
1882.6086
776.5398
211.6473
24.7409
3.9735
4.3984
4.2110
5.8354
6.9849
6.0478
6.1727
70.3367
369.1269
1138.4194
2260.3573
3262.9016
4008.2404
4089.9354
3312.6458
3570.9260
3465.5022
3630.8290
3090.7024
2487.8613
1409.5323
525.2321
142.3602
19.5053
9.2716
8.6718
9.1216
9.8714
7.6222
8.9092
12.5079
52.6682
228.7660
560.4442
1095.0853
1788.9180
2554.3494
2744.3546
3037.3595
2903.1338
2836.1209
2608.9543
2526.7470
2066.1037
977.0162
475.6753
161.7781
42.2970
19.7427
19.3679
18.5682
16.4939
18.6806
15.1819
17.6560
61.4024
209.9854
501.5408
952.6876
1341.4573
1849.6207
2229.2937
2402.0803
2168.3786
1888.8438
1800.9885
1524.3152
1314.9421
1112.3790
605.5776
215.9457
34.5498
3.3863
3.1863
1.8368
2.3491
1.4120
2.5866
3.1114
64.7512
313.3724
987.4998
1960.5050
2536.4184
2740.6684
2943.0066
2955.2271
2338.7660
2313.7377
2270.4036
2071.1268
1709.2972
1006.5178
553.0969
169.4253
26.3153
3.7611
3.8486
3.7361
4.3984
4.0610
2.9739
3.3238
63.5392
313.2350
762.2825
1422.4651
1685.5309
1858.0301
2056.9070
2226.4823
2541.5166
2498.0325
2323.3467
2240.5271
1600.1873
987.9247
427.2431
120.1934
18.0559
12.9452
17.2687
15.6692
14.9320
11.7832
7.8596
5.5979
17.7560
75.1849
165.2518
245.9972
350.5463
494.3934
518.9219
680.1877
671.0660
629.5813
599.3174
910.8030
881.3638
711.4512
475.7003
165.6267
29.7766
7.6722
7.7597
8.8967
8.1470
7.4473
5.7354
7.1974
96.2022
400.2030
1101.8453
1929.7413
2597.9333
2893.8622
2744.2421
2350.0619
2254.1096
2071.4892
2123.4951
2321.1975
2252.3728
1256.0512
659.2954
240.1118
39.8479
10.0463
10.5336
10.3087
11.0459
7.5097
9.1716
12.3705
69.4245
231.4775
462.0803
680.1252
830.9698
908.9662
1242.8560
1582.2939
1994.2551
2237.3033
2679.6158
2515.5511
2002.5020
1210.5429
560.1693
190.7799
29.6141
3.9111
4.1360
3.8361
3.0364
2.8864
1.8993
2.0368
56.5667
244.0229
622.1965
1147.3286
1613.8948
1920.8320
2300.1552
2373.6032
2372.2787
2416.8748
2563.2586
2237.8531
2118.4844
1455.6654
821.6357
272.5999
48.7571
6.0603
6.0603
6.0603
6.4726
5.3855
4.5733
7.5722
110.1096
431.0417
1224.2379
2169.9280
3104.4348
3736.4652
3563.4412
3346.7708
2399.7436
1765.2892
1441.3706
1064.2341
1031.2338
621.8966
282.4463
94.9151
19.3429
17.7185
16.1941
14.9070
14.2198
13.3576
10.8085
9.8839
68.8747
290.7182
699.9429
1411.8565
1884.5454
1778.7092
1716.3571
1369.7594
1033.1830
1153.8637
1233.8843
1215.9034
1035.7571
704.2913
369.2519
144.3845
27.3774
6.6601
3.6362
2.8365
3.8111
4.6608
3.7486
5.6729
97.1393
367.6275
836.6052
1528.9634
2113.7237
2698.8338
2534.1193
2417.7745
2102.2904
2028.3675
2490.7977
2522.7360
2510.1156
1581.8940
765.7063
268.1890
43.7964
3.1363
2.2867
2.7365
3.1363
3.5237
3.8736
5.1981
91.0541
306.1251
662.3817
1061.5351
1167.8711
1050.6391
1336.8215
1621.3920
1679.7081
1557.2531
1193.6991
969.7188
1025.3859
936.4436
683.3615
288.8189
64.8137
7.4098
6.7975
5.1481
7.0474
11.1459
8.6843
8.9717
113.2834
432.2912
1011.3161
1740.9981
2341.7899
2647.7900
2934.1099
2967.8975
3291.9285
3357.7293
3060.0011
2961.4248
2516.8006
1758.6541
862.5207
305.3628
65.1511
6.4351
4.7982
4.7358
4.3234
4.2484
4.5483
11.7832
131.1018
480.6610
1310.8935
2360.3456
3139.2470
3180.3944
3009.2198
2361.2453
2282.1993
2166.1794
2362.4573
2434.9182
1735.2377
1097.2970
542.1634
190.3551
35.7369
15.6692
13.4326
13.7949
10.3087
12.2330
10.4587
12.8828
67.3128
274.1368
726.2957
1269.9336
1825.1672
2351.0115
2638.1186
2765.2469
2647.0653
2643.2042
2423.6349
2216.0611
1546.6570
978.1408
625.8701
320.9571
81.6325
11.3833
8.7468
8.6468
8.5344
5.3855
3.6112
8.2470
123.1923
415.1725
938.9551
1752.3064
2186.6969
2648.2399
3192.0276
3239.8351
2687.8628
1984.7585
1753.9683
1345.6558
1122.7376
736.6045
373.3879
142.1353
32.7505
4.7982
3.7486
3.4612
2.8240
2.4741
4.1360
6.2602
45.8582
125.4164
182.3080
295.7164
471.9267
1099.3712
1663.2641
1831.7397
2151.2474
1724.8790
1616.4938
1911.9228
1561.5015
1018.7134
431.7414
187.3937
55.3047
10.0213
8.0970
7.5847
7.2848
5.9478
6.1352
12.3080
142.9600
417.3842
1040.3679
1906.0000
2540.6794
2999.4984
3376.2350
2948.1172
2604.7683
2257.2710
2022.4447
1521.9535
1175.5557
803.5174
501.5158
214.1588
49.9691
2.1992
1.4245
2.7865
1.7868
1.5744
0.9372
3.2613
69.4495
312.5477
638.4530
1008.7920
1085.2764
1237.5455
1129.4602
1591.6154
1865.3274
1903.2010
2027.1055
1939.6126
1594.2645
1105.3440
724.9462
316.9586
82.6197
15.6942
13.0202
12.9452
10.4836
12.1081
12.9952
19.5178
145.3841
491.1571
1065.2837
1815.1583
2219.5348
2477.6900
2400.7308
2227.7943
2182.3985
2239.4900
2337.1666
2020.7828
1883.6832
1390.2144
733.4056
275.2864
58.2036
5.3980
4.9857
5.4980
3.1114
2.8115
2.2367
3.6861
41.5597
132.5638
291.6429
503.4026
796.0326
987.9871
1102.0702
1116.1526
1180.0416
1219.9644
1169.7079
1077.3293
913.0522
725.1337
494.1935
222.3433
67.5252
8.4719
7.2973
9.2716
10.1088
10.9210
12.7328
11.9956
133.0261
474.5382
1139.8189
2044.4741
2924.0261
3694.2182
3558.2431
2810.8052
2909.1440
2414.0759
2655.6621
3074.6208
3003.9967
2020.9827
1047.1279
365.1909
85.8685
7.4348
5.3230
4.5608
2.7365
1.4870
1.3245
8.5094
121.1430
450.8719
1235.1464
2373.8406
3415.2082
3346.2960
3666.3534
3209.2963
3622.5945
3891.6457
3809.5883
2562.9462
3073.3587
2064.5667
1028.5222
339.6253
75.1099
9.4340
7.7721
7.6347
6.2727
7.6972
8.5843
14.9070
130.6395
467.4533
1294.6120
2329.6569
3080.3312
3739.6765
3715.5479
3242.6591
2955.4395
2865.6225
3077.6572
2977.9563
2963.6615
1977.4737
986.8376
360.4926
87.3304
7.3098
5.4980
7.5097
5.9478
4.9732
5.0107
14.5821
126.0037
483.1850
1320.9898
2292.7579
2612.0407
2484.4000
2170.4653
2255.1967
2229.0688
2102.8652
2104.0647
2590.6360
2577.8032
1826.4167
859.5968
296.8660
58.2036
8.5594
4.9107
4.5858
3.4237
3.4987
2.9614
7.1349
88.5675
289.2563
679.0006
1164.8222
1473.7712
1590.8657
2055.9199
1869.9632
1374.3452
1418.6290
1388.9524
1340.6576
1370.3842
973.3925
627.5195
255.8310
61.1650
8.0470
5.1981
5.2606
6.9974
5.6229
5.8603
10.5336
96.9394
355.6694
822.5104
1664.5387
2437.3298
2819.5769
2998.5112
2560.7220
2863.5108
3045.0066
2929.7365
2964.6612
2316.9116
1594.4769
766.9558
266.2022
65.8508
6.4351
5.7729
6.2477
6.7475
5.4230
5.8978
13.2576
112.8835
372.2633
941.3418
1825.0547
2666.1583
3150.3430
2728.0481
2649.1895
2491.0351
2590.5611
2296.6940
2793.9738
2508.9410
1575.9712
769.7423
267.1144
50.3690
8.1095
6.6351
7.2723
5.4105
5.9353
4.4109
11.7457
89.7170
278.1978
781.0256
1445.2442
2115.9854
2811.4299
2850.4656
2805.0573
2758.1620
2556.3611
2479.6143
2696.0473
2346.3757
1890.0183
1048.7023
365.4408
84.4190
15.2819
13.5075
11.2959
13.8949
14.7321
15.1944
19.5178
137.2746
468.7903
1125.9365
1956.1316
2203.5282
2216.4235
2248.5742
2062.9923
2322.8344
2302.6543
2050.6968
1910.6608
2640.5552
1914.1220
916.6508
367.3276
110.5594
16.4690
10.0713
6.4351
5.1731
4.9232
5.1856
10.8460
127.9655
459.9936
1265.6976
2324.0089
3317.7065
4094.7586
4503.8458
3869.9037
3335.6249
3352.1813
3531.5779
4016.7497
3179.5697
2129.5929
1030.8464
372.5132
94.4653
8.7843
5.4730
6.4601
6.3727
6.0978
6.6351
13.8199
138.5866
447.1233
988.7868
1856.7056
2625.0734
3185.0052
3146.7693
2222.3338
2211.2379
2143.9126
2595.4717
2991.2014
2935.3469
1983.1591
1027.5351
336.1141
81.4826
6.1228
2.6240
2.0617
1.6244
1.6994
2.8365
10.9460
148.0081
458.9689
1060.2356
1676.0594
2173.6142
1732.5512
1751.8816
1705.7735
1450.3423
1054.1253
829.7702
1019.2257
1105.1316
659.3203
284.1706
185.1195
82.0074
8.6968
3.7111
4.2484
3.4237
4.2859
7.7097
11.8956
81.9574
243.1482
525.2571
975.2418
1326.1005
1157.2500
1184.8898
1431.5242
1257.7006
1457.5897
1402.2850
1375.6573
1131.1596
1046.7905
725.4960
287.2445
81.6200
22.2793
19.8552
18.4932
17.9059
15.9441
17.1312
20.3800
82.7196
273.0872
592.4574
970.9559
982.8765
1286.0402
1388.2526
1356.0645
1495.8756
1504.6474
1061.7101
712.6508
616.8110
483.7223
237.2379
121.7303
33.2128
3.5362
2.8864
3.4737
4.1110
4.0360
3.5987
7.8096
76.8218
283.4209
721.5475
1162.4606
1793.9536
2202.2537
2904.1084
2846.1547
3082.2680
3388.1931
3375.1854
3479.0347
2682.9521
1998.0537
1026.3480
346.9101
93.7531
7.9596
3.6737
2.6740
2.1867
1.7119
1.5869
10.7086
154.7182
501.1284
1074.0180
1715.9198
2395.3203
3051.4043
3366.9009
3006.9081
2453.0990
1717.2568
938.1429
623.2336
355.8818
258.9549
151.1445
71.1489
19.1680
7.5097
6.2477
7.1474
9.9463
9.7214
9.4340
8.9217
56.1294
263.5907
711.8261
1179.5293
1767.7882
2265.0681
2992.5509
3345.0839
3124.3275
3028.7626
2771.4696
2374.5279
2337.3915
1739.4986
848.5259
298.2280
78.5462
13.8699
12.8078
12.1081
10.1963
9.6090
11.3958
11.8207
51.2812
206.7366
620.2347
1157.1875
1642.7467
1667.9124
1702.8746
1494.9759
1351.4661
1094.6979
1095.7351
853.3991
702.4295
380.9351
241.7862
143.1349
63.8141
16.3315
12.3455
15.7942
15.0445
13.3576
13.3951
14.2073
93.8280
362.3044
1097.3220
2036.5895
2330.1817
2755.6254
2625.4232
2104.8769
2100.5910
2058.0441
2043.1996
2079.6737
2112.3617
1601.4868
871.4674
344.9733
110.0096
19.3179
13.7824
12.4329
5.2356
4.3484
3.9860
9.1966
100.8255
387.0079
1098.3841
2068.0280
3059.7012
3989.5972
4497.6356
4646.8808
4615.3924
4606.8580
4489.6136
3993.3708
3151.0927
2108.5631
1049.4646
356.0942
83.7193
5.1481
1.8868
1.9618
2.0243
2.5616
2.9114
10.2962
109.3348
390.2192
1128.7479
2148.4234
3095.1757
3878.1631
4317.7767
4479.0674
4529.1616
4472.7198
4234.4698
3612.9855
2832.3722
1922.9937
954.1121
321.0446
70.5491
6.0228
1.9368
1.3245
1.0371
0.9497
1.2121
5.5355
91.6413
303.0012
871.2175
1600.4247
2190.0332
2583.1388
3133.5366
3122.7656
2640.1803
2725.0117
2860.7493
2347.9127
1252.6899
617.7481
361.2423
155.1055
19.1055
3.1988
4.6483
5.2481
10.0213
9.1966
10.7960
18.2558
73.8604
263.1034
682.9367
1409.6073
1685.9308
2122.4580
2411.4268
2819.0396
2886.7523
2875.2190
2502.8932
2985.4160
2453.1740
1808.8357
996.4715
356.6440
97.8391
11.2709
5.6229
4.0735
4.6108
6.4976
6.0103
10.5586
109.7222
389.3820
991.8232
1714.0580
2310.3015
2819.9768
2645.8532
1873.1995
1540.1968
1509.6081
1197.9725
1094.8479
973.2301
749.5622
467.5408
243.8354
59.7531
12.5079
13.9449
14.7946
12.9827
14.1573
14.4197
16.1691
32.1382
117.2569
292.5925
505.4893
495.3931
626.8448
800.7684
838.1922
715.7996
731.1315
634.7794
608.1267
636.8911
563.3556
342.5367
151.0320
42.5719
13.5075
10.2837
7.0599
3.9111
4.0360
3.1114
3.8361
63.5017
196.9277
466.0413
859.8717
1333.0479
1970.4638
2186.5344
2318.9858
2581.5644
2876.4186
2504.3552
2040.1757
1736.3373
1021.8747
516.0355
192.2669
39.8978
3.5612
2.7240
2.9739
1.9993
2.2617
1.5244
2.3117
48.4572
230.4903
596.8933
1153.9512
1782.4828
2213.1747
2399.1688
2541.6290
2787.8386
2879.5674
2666.3332
2275.5767
1695.1899
1142.3929
584.5353
230.6403
48.8820
5.7479
1.7868
1.6744
1.6244
1.8118
3.6737
4.6233
64.4513
273.2746
720.5729
1195.6109
1810.9599
2287.4099
2602.5192
2774.9933
2719.1138
2606.5927
2550.8631
2447.7885
2088.8953
1479.8940
814.4384
297.8031
68.5873
6.5601
4.4734
3.9236
4.3609
4.1610
2.3366
2.6240
48.4197
208.8358
501.7907
879.8768
1514.8186
2065.1290
2417.9869
2645.5159
2723.1374
2938.3333
3048.0555
2367.4805
1731.0892
1205.3198
654.4596
284.8329
72.1610
4.6733
2.9739
3.6612
3.1863
2.4241
2.2992
2.9114
66.3256
299.0527
758.4964
1412.0189
2106.4514
2518.7374
2645.6158
2825.6997
2933.2227
2863.2359
2779.9040
2621.7996
2176.3382
1587.5919
816.7500
285.4702
55.1547
3.7236
1.7868
1.3995
1.1496
1.0996
0.8997
1.7619
47.6700
227.8913
574.6764
1116.3025
2154.5087
3293.6903
3985.1114
4256.3867
4200.3698
4043.1775
3841.6266
3296.0394
2448.1883
1687.7051
871.4050
342.1119
89.4297
9.5965
5.5480
7.8721
5.8978
6.9849
6.4601
8.2970
68.4499
290.5058
817.9871
1428.3754
1487.7536
1711.6339
1530.4379
1441.3206
1512.3321
2006.0757
2023.7817
2034.3029
1556.8532
1113.7160
598.2803
247.0093
45.2459
6.2102
5.4105
5.9853
4.4734
3.1239
2.6490
2.8739
49.8567
250.1206
678.8882
1116.7773
1298.1732
1422.6275
1442.0954
1496.1005
1577.6206
1922.3690
1961.2922
1991.0937
1650.0690
1317.5286
681.2123
261.5664
63.9140
6.4101
4.0485
4.5608
3.0364
2.9489
2.7490
3.4862
61.8648
297.6407
790.3472
1394.5878
1889.8309
2514.0267
3166.8744
3191.9402
3357.5044
3238.1357
2919.5777
2423.2975
1805.5993
1181.9034
723.9216
264.9402
59.0658
2.8240
1.8243
1.2995
1.0371
0.9746
0.8622
1.5744
71.8486
307.0872
666.6801
1355.3147
1720.9929
1772.0867
1535.9109
1518.9171
1431.4493
981.8269
1011.0537
974.3047
873.2293
646.8749
357.7311
157.2422
36.0493
6.0228
3.9610
3.8861
4.5608
3.1988
2.6990
2.0368
27.3400
147.2084
383.1968
795.4079
1155.5881
1544.2828
1767.6258
2245.3878
2612.4280
2484.5375
2588.9741
2232.4176
1609.0340
952.4627
509.7878
235.0262
52.0059
5.2856
5.0107
3.8236
3.0989
3.6986
2.9239
3.3488
52.5182
269.0012
692.1708
1367.8101
1929.1790
2626.5728
3379.0090
3428.1784
3523.2685
3482.2461
3482.3710
3186.5672
2394.9329
1552.6423
748.7375
278.5852
64.5763
6.2227
2.3741
1.8368
1.1621
0.9497
0.8997
1.0246
58.5660
306.2625
901.3814
1557.9528
2309.8267
3035.7350
3799.2046
3828.5814
3797.3428
3512.9223
3302.9619
2724.1745
1934.0022
1206.5444
733.1307
322.4816
65.8758
3.1988
1.8868
1.7993
1.4745
1.3120
1.0246
1.0496
38.6608
244.9225
693.8577
1300.3349
2361.6826
3245.8704
3118.3297
2952.0783
2916.9037
2966.3980
3121.3411
3038.9839
2395.5077
1556.2284
790.8970
251.6951
42.0096
5.8728
5.5480
2.9989
2.1992
3.5237
3.7361
5.3355
61.2400
320.4823
896.2583
1703.0495
2363.1071
2939.8453
2782.4656
2898.8603
2708.8176
2854.1018
3041.3080
2559.8098
1871.5001
1266.4474
500.0039
184.1449
27.5274
4.0610
4.3609
3.9860
5.4480
7.8471
9.8839
12.2205
22.5667
81.6200
168.9754
401.2151
689.3093
877.8901
1080.7031
1084.8266
1131.1845
1127.0611
853.1492
656.5714
513.8738
362.0920
232.6895
98.9137
11.0085
1.1246
0.9497
1.0996
1.2995
1.3620
0.9247
1.0246
5.9728
61.8898
189.4054
355.1696
486.1090
650.8735
794.7581
969.8188
1076.6921
998.6957
1112.9287
892.4722
824.0598
460.6933
217.7450
86.9306
18.4057
7.5097
6.6476
5.9728
4.4234
4.0610
3.3488
2.7115
28.9644
184.3948
509.1005
866.8316
1238.0453
1514.6437
2084.6219
2507.1167
2681.4402
2714.7279
2571.2681
2320.5602
1903.9882
1321.4896
696.7566
256.6682
48.3073
5.3480
5.4105
5.7479
3.6737
2.4366
1.6744
1.7743
32.4131
197.6524
593.3696
1219.6396
1760.5409
2406.2787
3131.0001
3457.5301
3317.6190
2963.1617
2814.2289
2315.9994
1892.1301
1520.9164
736.0297
306.3250
47.0952
3.5112
2.9489
2.0992
2.0617
3.3113
3.7986
2.8989
18.9930
142.1728
382.4345
656.8088
972.9926
1283.5911
1526.9517
1673.5354
1786.9062
1952.9952
1795.8404
1648.7195
1168.7707
654.8470
324.9182
119.5686
23.9287
8.4844
7.9346
8.1470
6.9974
5.6479
5.6479
6.6975
22.9666
207.2614
573.1395
989.7990
1483.7176
2066.8784
2711.3667
3238.1982
2957.5513
2714.0657
2486.9241
2264.0810
1567.6492
958.0481
423.3195
126.6535
17.4186
4.5858
2.4741
1.6494
1.2870
1.1746
1.1496
1.8118
16.5814
213.7215
687.6349
1290.1512
1695.8771
2273.5650
2816.6530
2964.0114
2607.2424
2603.2439
2773.7563
2638.7434
2106.6388
1525.4522
748.9124
248.5337
37.5362
6.0728
5.1106
5.8728
5.8479
5.4855
4.5608
5.8603
37.6487
262.0787
775.6276
1630.3637
2413.9884
3123.0280
3399.3640
3785.9845
3790.7827
3673.2134
3546.4725
3277.4213
2822.8507
1794.8158
812.1517
223.3430
32.3881
8.8468
8.5219
12.3580
11.0834
10.8460
14.0074
14.6071
38.2734
246.5969
834.7309
1657.3413
2184.8476
2778.6545
3064.7369
3141.6462
2971.0463
2966.4605
2746.7787
2497.3203
1967.9397
1318.6282
630.2435
160.0162
22.6417
12.6079
8.5968
4.8982
2.2617
2.8490
2.2242
3.2613
20.6299
171.7619
461.0307
970.7560
1716.7945
2400.0560
2649.5769
2793.0992
2734.3083
2559.8473
2353.4856
2061.2305
1602.1741
1120.1636
611.1880
220.6565
25.3907
2.3241
4.0485
3.7361
3.5112
3.5612
2.8365
3.1863
21.8170
198.0773
658.1458
1363.9116
2091.4694
2655.4872
2894.6369
3020.8405
2874.8691
2570.2185
2304.9410
1956.3065
1656.2417
1134.6833
525.5570
158.3169
16.4565
3.5362
2.1492
1.7369
1.0621
1.0996
1.0871
2.6990
26.0529
235.6010
610.1509
1277.7432
1730.0646
2258.6455
2689.7246
2769.0080
2694.7978
2219.1100
2279.4378
2128.0684
1685.3060
1171.5697
550.9726
178.5969
17.8310
2.8989
2.7865
2.8240
2.2492
1.5494
1.1746
0.9497
11.1459
190.2676
537.0777
1016.1143
1468.6731
1875.5612
1982.8218
1944.6108
1532.4622
1444.6694
1309.0817
1289.6014
1084.6017
651.9980
227.2041
66.5256
4.2359
1.8243
1.4245
1.6619
2.9489
5.2106
3.9111
1.7993
11.2084
113.5583
339.9751
591.3953
647.5997
724.0091
935.9562
1109.9923
1058.5112
913.8894
820.6736
690.7588
682.5618
472.8888
209.7855
65.8258
8.5968
3.7986
1.5369
0.7872
1.9493
2.0118
4.0610
4.0985
9.8089
138.8615
528.6558
1080.2532
1733.9382
2211.7752
2621.6121
2661.0976
2533.8694
2046.8357
1558.7150
1046.5156
598.3178
275.1989
123.8670
41.1849
17.3686
3.1488
1.4370
1.3620
1.4370
1.7993
1.0996
0.8997
8.3344
135.0754
500.9910
1158.3871
1531.7749
1831.8647
1894.4667
1881.2716
1905.8500
1804.5497
1791.4046
1514.9436
1315.0045
886.6494
425.4437
142.0478
20.4300
16.7938
16.9938
16.3815
16.1691
15.5568
15.7192
9.6714
21.1297
155.3305
593.1447
1443.7697
1739.8985
1797.2899
1836.4755
1519.5169
1531.2251
1374.4077
1338.6334
1298.0608
1369.5345
897.2080
478.6617
118.5565
18.6432
11.3958
10.8210
7.5472
7.7472
5.3605
4.8857
4.0485
7.6222
134.5256
435.2901
814.7133
1054.5627
1390.9891
1561.3516
1803.4002
1970.6637
1696.3520
1616.3813
1509.0208
1173.2441
746.9382
405.7135
125.5914
18.1183
10.0338
8.0595
7.4598
7.6472
6.0978
4.6733
4.3984
11.1709
160.7035
623.2086
1107.3558
1566.2623
2317.5988
2845.7173
2821.9636
2927.9746
3140.9089
3045.6064
3226.7899
2435.2556
1482.3931
545.4747
129.7024
16.2440
6.2227
6.8475
5.2731
3.8611
3.5862
3.9111
3.9236
9.8589
167.0262
671.6658
1663.4765
2605.8055
2297.9060
2286.0854
1981.5972
1932.1154
1790.0551
1843.0481
2010.6490
1697.6890
1116.5899
442.9998
132.7512
14.4572
12.2580
11.9456
10.9710
10.5586
9.3716
10.4212
11.8207
18.0809
158.4293
665.5805
1625.0906
1590.8282
1672.4358
1596.4012
1573.5596
1568.0741
1453.2038
1418.9039
1659.1656
1984.7835
1449.1178
552.8220
110.4844
8.2970
3.5237
1.7619
1.5619
1.7119
3.2238
2.0492
2.5241
6.6226
132.6888
532.2420
1080.2782
1511.8197
1988.7071
1985.3583
2229.1438
2160.2191
2022.6821
2433.5437
2053.1834
1417.8668
783.8371
267.7392
79.6333
6.2602
4.3609
2.0992
3.0864
2.1367
1.6494
1.4245
0.8497
5.4855
135.5877
466.8910
871.3050
1416.2923
2006.2631
2077.6369
2099.8913
2157.1202
2054.5829
1785.9066
1613.0576
1275.6690
903.6181
400.7528
89.7670
4.1860
3.0364
1.2620
0.9871
0.8872
1.0246
1.0746
1.2745
4.6733
138.7615
601.8664
1475.1457
2449.8252
3109.5205
3799.6795
4124.5227
4237.6186
4018.4366
3995.3826
3368.8252
2405.5790
1296.0990
469.9774
107.3356
8.6593
5.1731
4.9357
3.8986
3.8986
5.3230
5.6229
4.7608
5.7604
86.3308
389.3195
819.6989
1410.1821
1997.2914
1907.6993
1593.8771
1463.0377
2198.6925
2548.1266
2434.3559
1874.8864
1085.2389
409.5496
87.9052
3.9361
1.7743
1.5244
1.1121
1.1246
1.0746
1.1996
0.7997
2.1992
89.5296
437.5143
1149.5403
2139.1893
2818.2524
3041.5454
2329.4569
2261.6693
2095.7803
2447.7760
2502.6933
1997.0040
1057.2492
353.7326
63.1393
13.7824
14.4197
13.7699
14.6821
14.3697
12.3205
10.6586
11.9456
12.3954
118.9063
598.3178
1514.5313
2648.8396
3520.9318
3786.3469
3288.7421
3076.2202
2976.5443
2755.0132
2668.8073
2494.7587
1403.7344
484.7095
83.2569
14.6196
13.1452
12.0331
11.1459
6.8850
4.5233
3.7736
3.0739
5.6854
121.7303
617.5482
1633.7000
2739.4689
3500.1395
3671.8639
3665.6787
3471.6624
3451.8822
3374.0733
3530.4284
2582.2516
1488.7782
479.9237
70.3492
5.7979
3.5987
2.1367
1.2745
0.9497
0.8872
0.7872
0.7247
1.6369
93.8780
607.3269
1623.2163
2733.1837
3615.4846
4110.3529
4391.1247
4441.0439
4314.1780
3973.1033
3404.2997
2539.8547
1442.4202
446.3736
63.3767
7.3598
5.7104
5.3855
5.8479
7.2223
7.5472
5.8728
6.4101
9.7214
74.6726
368.2772
890.9978
1533.0120
2373.3283
3086.0041
3637.1142
3798.6673
3704.4644
3547.1722
2974.9574
2032.0787
1119.1765
369.2144
56.8791
7.4848
4.7857
4.4609
4.8482
6.5226
6.7350
5.2231
5.4480
4.8232
74.9225
527.5562
1519.7044
2539.9421
3421.2809
4068.8931
4492.7124
4264.3463
4092.9468
4169.8560
3536.3387
2572.0928
1395.2251
417.7216
45.0709
3.8361
3.1239
3.9860
5.2231
5.4480
7.0474
6.2727
7.3223
7.8096
75.2848
466.0913
1270.2585
2070.7645
2507.4541
2732.9338
2704.1818
2739.3439
2862.3612
2752.0018
2442.1281
1945.3355
1021.8122
354.6947
46.5829
8.9467
7.4848
7.2598
8.7593
8.4094
11.9206
13.3201
12.1205
14.7946
73.6604
400.1280
914.8640
1616.9686
2230.8682
2504.2178
2888.2142
2730.6846
2722.9499
2823.8504
2398.7565
1708.5475
901.8813
293.2423
53.7303
15.3319
12.8703
12.7578
11.3333
10.9210
10.5336
11.8207
12.2580
10.1213
57.0665
431.3791
1376.2445
2297.2313
2917.9658
2974.4451
2848.8787
2909.6064
2595.1469
2650.1392
2806.7566
2492.2846
1371.9836
374.6499
41.5098
8.7343
7.8721
8.1470
9.2091
7.2848
9.6340
12.0956
9.6964
10.8460
69.3995
427.0681
1111.7542
1616.1689
1925.7802
2048.7850
2251.4356
1982.6468
1976.5741
1898.9276
1610.8584
1485.0546
714.5751
231.4650
31.7383
11.8332
10.6836
8.9467
9.5590
7.9721
9.8089
10.6711
10.6961
10.9585
42.2720
255.3687
664.1061
1250.2783
2138.1022
2929.3616
3283.9564
3208.3467
3329.9395
3236.9112
2903.1587
2219.2724
1110.7920
300.3147
31.3260
3.8986
2.0118
1.2870
1.1371
0.9247
0.9871
0.8372
1.0121
1.4245
39.4230
326.7425
855.5608
1396.2122
2070.9894
2646.2531
3044.8067
2928.3995
2786.6515
2489.5731
1901.0643
1364.6738
554.4839
170.7373
16.6814
3.0114
2.3241
2.3741
2.3117
2.5241
2.4991
3.4112
3.7361
3.3988
29.7766
255.6561
699.6305
1438.6216
2094.2558
2564.7580
2770.8823
2799.2719
2680.3156
2695.4475
2151.8597
1356.2144
708.7022
239.5245
26.5028
4.4484
3.6737
3.2113
1.9493
1.8993
1.6369
1.2870
2.1617
2.0742
33.5752
335.4143
916.1260
1479.1817
1959.4428
2407.6532
2254.8968
2407.6282
2193.9192
1647.3325
1189.4007
821.9231
475.5378
132.0265
11.0709
3.2238
2.6865
2.6615
2.6115
1.7993
0.9871
0.9621
0.8872
1.4994
20.8673
214.2963
719.1609
1511.2200
2379.9134
3142.8582
3173.4720
2856.2010
2438.2795
2212.3250
2098.5543
1702.7371
871.2925
242.8233
11.0834
3.0614
2.1492
3.8861
2.2992
2.5241
2.9489
2.8365
1.7619
2.8739
31.7134
256.4433
684.7985
1130.0350
1772.8239
2526.1722
2383.7245
2337.3041
2336.4044
2338.1538
2168.9784
1574.2218
854.9735
223.0556
20.3550
4.6483
3.6986
4.0735
5.5730
4.6358
4.3359
3.6737
3.7236
3.7486
39.7479
301.8142
776.4398
1262.7987
1408.5452
1724.7041
1843.7228
1894.5167
1653.0179
1392.4886
1165.6969
644.1759
291.2180
73.2731
6.3102
3.5362
2.5116
1.9243
1.6869
1.4745
2.7490
3.5362
2.5241
3.2863
30.2514
281.2342
648.9242
1025.4484
1470.9098
1564.6129
1479.0443
1229.0236
1151.1522
977.0162
621.5217
348.5720
290.7182
142.9850
11.1584
3.7236
3.4362
3.4362
4.1110
3.9111
3.4362
2.9114
4.7358
4.1985
20.7924
242.6609
626.7198
1169.0581
2025.2187
2709.2300
2770.1201
2612.3780
2488.3111
2356.3971
1946.0853
1352.9656
654.6596
168.8005
13.4451
3.4487
2.9239
3.2113
3.1863
3.5112
4.4859
5.0981
4.1110
3.8611
31.5134
314.0097
1042.3922
2005.8258
2694.8353
2586.4001
2553.2248
2083.8222
1749.0076
1333.5602
1012.8030
574.4765
313.7848
96.9644
16.4939
14.6946
12.6204
12.5579
13.2451
13.7574
13.0327
13.1952
13.1952
11.3458
23.9787
279.9347
861.1087
1565.2751
2052.7211
2346.7631
2265.0306
2370.0295
2498.7698
2326.2956
1993.3429
1179.0295
502.3655
125.9662
11.4833
4.7982
4.2984
3.8361
2.9239
2.2242
3.6237
2.6115
3.3738
3.2238
3.8736
42.6843
162.7777
560.5066
1081.9901
1730.2145
2081.5480
2246.6624
2409.7650
2396.7197
2223.1460
1707.7603
783.9746
139.3738
10.9460
6.3352
5.4855
5.8229
3.3613
3.8111
3.1738
3.6487
3.3863
3.0239
15.1194
318.5080
1298.0732
2350.2868
2834.8463
2911.4182
2965.5983
2727.1109
2532.2700
2234.1669
2748.1407
1849.5582
853.7614
128.5403
5.8603
2.8240
1.6619
1.3495
1.4495
1.1496
1.0871
2.7240
4.0985
3.8361
18.4432
321.0196
971.8181
1720.1307
2137.4525
1902.5512
2075.5002
2143.0879
2001.8148
2118.5844
2339.9781
1624.1035
608.6015
94.4278
8.3969
7.9221
6.6351
6.9225
7.3473
5.8603
7.3348
6.5976
6.2227
6.4726
19.0305
275.7487
1149.1904
2169.8156
2897.6233
3462.3908
3723.1076
3753.8838
3667.1656
3407.7484
2629.0719
1585.9425
525.3071
82.6946
10.8585
4.4859
2.9114
3.0114
1.8993
1.2246
2.3366
1.5369
1.4120
1.6619
9.1591
181.2334
657.3461
1374.1078
2153.1467
2675.0050
2942.8567
3044.7567
2970.9713
2426.1839
1719.3935
1013.0654
378.8359
73.8604
6.0103
4.8607
5.1481
4.0485
5.1606
5.3480
4.7483
3.2488
2.4366
4.0860
16.7439
148.0956
366.2405
692.6206
936.4311
1254.7642
1288.5892
1220.6517
1405.5838
1076.6296
740.3156
437.8267
171.6994
34.3624
3.3863
1.8493
2.3741
1.7868
2.5241
3.2363
3.9860
2.8365
1.7369
2.4116
4.6983
179.5466
1022.5619
2154.3962
3009.4572
2766.4839
2276.4389
1913.0974
1888.1440
1406.8583
1458.8767
979.0529
400.2280
86.1059
11.2209
10.2712
3.5112
4.9232
5.1606
6.0978
7.4598
3.9485
5.4230
5.6854
7.9846
194.7160
755.3101
1344.5687
1771.4119
1791.6795
1400.1733
1282.7914
1202.6958
1299.3728
1219.8270
1016.1643
388.4073
52.2808
9.4840
6.3977
4.0985
4.2359
4.5358
6.4226
5.4355
4.1110
6.1352
6.2352
13.7574
209.9104
837.3924
1585.3677
1785.0819
2253.6223
2204.0155
1901.6766
1579.6823
1167.8336
943.5160
734.2678
320.7197
32.7005
8.2845
4.4734
3.3613
3.7236
3.5362
4.4609
5.3855
4.0985
4.4609
2.0368
2.1367
89.4546
498.6544
1205.6197
2013.6854
2503.4430
2678.3038
2083.5348
2088.3580
1942.3116
2062.5800
1356.9266
451.7841
34.1999
3.8486
2.2992
1.5369
1.0746
1.0246
2.7365
1.1746
0.9372
0.9996
1.4745
1.8243
45.2959
169.0879
440.6132
858.6346
1244.0431
1435.9226
1611.5206
1454.6907
1197.2478
1117.9644
677.7261
199.9516
21.6795
4.0360
3.7361
3.3238
2.6365
3.1863
1.9993
1.9368
2.1617
1.5619
1.8868
4.0860
107.9978
438.6514
905.2925
1491.0524
1787.1561
1957.7935
2372.4412
2189.3709
2014.7100
1448.2556
929.6336
379.4356
31.4759
3.0239
2.9114
2.6365
2.2617
2.1117
1.9118
1.4370
1.1371
1.2495
1.5244
15.7692
129.3400
625.2828
1422.4901
2028.2426
2370.4169
2352.4610
2447.0762
2407.8906
2423.5099
1862.3410
1216.7531
417.7591
34.5623
7.6472
4.6858
4.7732
3.7236
4.8232
5.1231
5.9478
9.4840
6.6975
3.7111
9.8214
99.0011
475.3254
1188.1386
1799.9889
2161.6061
2291.5209
2367.8803
2233.1673
1960.9173
1514.2813
895.4711
292.4926
33.7501
13.9074
2.7240
1.8368
1.7119
1.5244
1.4994
1.2870
1.2995
1.5244
1.6619
2.7615
76.0096
350.1964
722.2098
1319.5404
1570.7606
1556.0160
1359.7756
1103.2573
1145.6292
1121.6630
651.5982
166.0015
26.4403
12.7953
7.0099
5.7729
2.0243
2.8490
1.2995
1.8493
0.9621
0.6748
0.8497
2.6490
124.1294
593.0072
1092.6112
1592.8150
2184.5852
2378.0641
2290.4838
2254.3345
1816.9952
948.8015
285.7076
46.8453
8.2845
6.4601
8.8592
6.9225
6.7975
3.9361
7.6972
4.4859
6.9350
12.6828
15.9691
16.2190
57.1290
395.9171
948.6391
946.4149
859.6718
976.4164
981.0272
1032.3333
1096.6722
904.1554
542.7632
240.9490
29.4017
13.5825
12.7703
11.7582
9.3841
4.7233
9.9588
9.7714
8.8343
9.9713
9.7089
10.3962
103.0122
726.7831
1653.1428
2408.3155
2661.8974
2836.3708
2865.4226
2502.8932
2246.3500
1771.6743
996.0842
290.4683
16.2440
4.0235
4.1985
3.7861
4.9357
3.2488
4.3984
5.0357
5.3230
3.4112
3.5237
4.0610
117.0070
838.8044
1889.3186
2862.9485
3364.2394
3702.0903
3734.7283
3578.2358
3207.9218
2442.4405
1339.4830
321.6819
17.0812
2.6615
2.0243
1.6869
1.3495
1.4245
1.4870
1.3620
0.9372
0.9871
0.8997
1.2370
99.9633
793.3086
1901.7765
2821.2513
3354.9053
3704.4270
3631.9036
3424.1799
3046.2187
2285.6230
1227.8365
299.6524
10.1213
2.8864
2.4241
1.8618
1.4870
1.5494
1.0621
2.0617
0.9372
1.3370
1.1246
1.2995
79.3084
706.9778
1743.5721
2599.3703
3083.0927
3185.1302
3269.0119
3191.6028
2938.7582
2157.4201
1159.9115
256.5558
8.1595
4.7358
2.2617
1.7868
1.1996
1.0371
0.8622
0.7872
0.7872
0.7497
0.8247
1.1621
76.0596
687.6599
1715.9448
2472.5919
2571.1557
2838.0826
2592.2104
2626.8352
2339.2658
1695.4148
995.7718
248.4587
10.5086
3.5362
3.4487
4.8357
1.9118
2.4491
2.4491
4.1110
6.5351
1.6994
3.1738
3.3113
69.1371
622.5713
1498.5621
2319.4106
2581.5769
2834.5215
2876.0937
2804.4075
2406.0038
2030.2169
1049.2271
185.1695
9.4465
3.5612
2.7615
2.0867
1.4870
2.4366
1.4994
1.1746
0.6748
0.7122
0.9372
1.0621
63.2018
577.8128
1549.0561
2455.9730
2972.1584
3265.8380
3309.3845
3004.5590
2601.0947
1961.4671
977.0037
191.6046
4.4484
3.6237
2.7865
2.2117
3.4612
2.4366
2.7865
4.0735
4.3484
3.5737
3.4862
4.1235
43.0592
423.5569
1147.2536
1842.0610
2281.0747
2230.9681
2217.3981
1949.4590
1629.1017
1092.3738
523.4577
118.3440
21.4046
6.2727
4.6483
5.0481
6.1977
4.3859
5.2856
5.5355
3.9610
3.7861
6.4726
4.2359
44.9335
438.7763
1101.3955
1459.6389
1752.3689
2076.6748
2181.0240
1892.6049
1685.9183
1244.5679
597.1182
95.8023
18.9305
5.1606
5.4605
2.9614
3.5612
4.0360
2.8115
2.6365
2.3866
2.2492
2.7490
2.9239
36.8740
487.6459
1407.0207
2144.0500
2588.9616
2808.3561
2660.1480
2409.1277
2215.8237
1770.5497
817.4498
119.3312
14.4947
4.0860
3.0864
5.1106
6.0353
8.0096
6.1477
6.0228
5.3105
5.3855
5.3855
5.7104
47.2826
447.4732
1209.7682
1810.9474
2186.8593
2540.7169
2587.3372
2548.1266
2285.9354
1619.3428
695.1572
94.5403
9.1966
5.0856
5.6854
6.8475
6.5601
5.2856
5.8853
5.3355
5.9478
6.5101
4.9107
4.9357
53.9052
528.6683
1329.6616
1991.9559
2419.0740
2760.8485
2682.2399
2284.8358
1749.7449
1091.5491
382.6470
56.4168
15.6318
16.2690
15.1569
14.4572
14.7071
4.8482
2.0492
2.6365
2.1992
2.3366
2.5116
2.4241
3.9860
13.1452
58.3036
231.5650
532.6169
618.6603
485.8216
482.2729
558.6198
544.5500
256.6557
30.4513
3.5737
1.6119
1.2995
7.3473
12.2830
15.9316
15.2194
14.1073
13.1202
13.3201
13.4576
13.1952
19.5053
164.5396
521.8583
797.4946
752.8735
891.7225
780.6508
622.3339
432.4412
370.3640
177.3724
28.9644
10.7211
14.8445
15.1944
14.5946
14.2448
14.0074
13.9949
13.5450
12.3455
11.8456
11.1709
9.7339
31.8633
298.4029
1049.5770
1817.0451
2350.9615
2582.9763
2587.4247
2357.0593
1711.0091
957.1984
352.2581
49.2069
4.6733
3.4237
1.8868
1.3745
1.9743
2.7490
3.4487
2.2867
1.2870
2.3991
3.7736
5.0232
11.0709
114.4580
265.6774
323.2063
438.7389
490.0325
640.3398
645.3255
532.9043
314.7844
123.3922
17.9434
5.9228
6.4476
5.8603
6.5601
7.3723
7.0974
7.1349
8.3844
8.1220
4.7608
4.7982
5.0232
5.9853
141.0607
593.4320
1225.6124
1615.7941
1708.4850
1767.1510
1605.2854
1265.7851
873.4667
334.1398
30.0140
5.7104
3.9236
4.6608
4.2234
3.7986
3.9111
4.5358
4.4609
4.3109
6.4101
7.0349
6.1602
21.9794
296.1912
864.1201
1230.6480
1422.4526
1267.7469
1071.9063
674.0899
514.9484
316.3838
136.1750
19.7303
6.8975
10.3337
13.0827
12.8203
12.9203
12.2330
11.0085
10.6586
10.3712
10.8085
10.8460
10.8960
15.6193
149.4076
481.9480
813.9011
917.9754
994.1349
904.8927
642.7015
416.1971
314.1846
165.6767
23.0790
11.2959
13.2201
12.4079
10.8710
10.3837
5.2731
8.7343
10.3837
10.2712
10.5586
10.0338
10.0838
11.5957
147.2959
523.3203
1064.8964
1453.3162
1645.9705
1670.2990
1441.9954
1090.3370
641.7893
226.3044
21.8420
8.5594
8.1345
11.8082
12.2705
9.7714
9.9339
11.2084
11.7707
12.0331
11.7707
10.2837
11.1334
12.5829
166.1765
569.8032
1148.8531
1688.4674
2058.3315
2329.1820
2200.5293
1813.1716
1157.5499
432.8660
27.2275
5.0606
2.8490
2.1117
1.0246
1.2620
2.3491
1.1746
0.9247
0.7997
0.8122
0.7122
1.5244
8.2220
235.8759
865.6946
1484.5298
1938.4755
2087.0960
1904.3506
1616.0315
1295.4117
878.3899
264.6653
25.7156
14.0948
7.7721
6.6226
7.5972
9.1716
10.0463
6.9225
5.8853
6.3727
5.6229
4.0360
3.7111
4.5233
68.6873
279.7972
640.3898
1174.6811
1717.2693
1943.9110
1884.5578
1442.7451
922.9985
315.7965
22.4667
11.9831
2.6115
1.2870
1.7619
1.4870
1.7743
1.8118
2.3741
2.5741
2.9989
4.4734
5.6854
9.6964
75.9721
248.5962
462.1178
649.4240
727.1080
762.7823
778.3766
645.8628
383.6466
131.2768
14.7321
9.6590
6.4226
6.5226
6.7725
7.1224
6.6601
7.3223
9.2841
11.9456
12.7078
10.8335
9.1341
10.6211
149.3951
630.5809
1067.7328
1556.1410
1542.2461
1564.7503
1310.8810
1137.7071
593.4570
154.8556
13.8324
10.1463
8.7718
12.7578
10.2088
12.7078
11.1459
10.0963
7.3723
3.7611
3.8611
5.1231
9.9089
13.2951
170.5624
686.5104
1177.4051
1623.3663
1917.5457
2018.1088
1928.0294
1591.3405
1003.4065
266.1772
13.3201
7.6472
5.0981
2.5866
1.4245
0.7122
0.6872
0.5373
0.7497
0.5373
0.5873
0.5873
0.6997
2.3741
229.6407
1089.3749
1996.9041
2632.6456
2910.5310
2958.1385
2710.1421
2183.4856
1241.4940
299.6649
9.2466
4.7483
3.9361
3.9735
3.4487
3.5362
3.9610
3.6861
3.9610
4.6983
5.3355
5.1606
4.7358
7.8721
176.5227
927.8467
1902.5262
2684.4391
2969.7093
2956.9265
2746.4538
2197.9677
1224.9501
299.5650
8.4719
5.5979
5.8728
5.3480
5.4105
6.2727
5.2231
5.2231
5.6979
6.9849
7.3223
6.6601
7.6847
11.4958
160.2911
561.6312
907.3917
1067.9953
1169.4455
1175.7682
812.6515
408.5749
179.1342
31.7633
5.6979
4.8482
4.0235
4.0235
4.4109
2.8115
2.2742
2.4116
2.4741
1.6744
2.6990
2.9614
3.9985
3.7611
31.7134
171.9119
344.6484
511.1373
576.7882
562.0936
395.1049
275.8612
139.8112
57.7413
3.3113
2.1617
4.7358
5.1106
7.7721
10.2587
5.1856
5.0856
4.5233
4.9857
3.5237
3.9985
6.3727
7.8596
39.1106
200.0890
359.2930
538.9895
727.1454
981.7019
839.0418
687.2476
423.6069
101.4003
10.1838
4.6483
1.5244
1.0246
0.9372
1.0746
1.8493
1.6619
1.6119
2.4991
1.2995
1.5744
2.2867
3.8986
33.5377
155.8178
241.5613
244.7851
220.0817
185.7068
164.9644
102.8497
54.8174
25.7281
6.5601
2.9239
4.9357
3.1738
4.0735
3.1239
2.4991
3.7611
3.1863
2.7115
2.0118
2.5491
3.2988
4.3734
23.2415
197.5399
480.8984
642.6640
792.3840
752.5986
644.2384
542.0884
267.3143
57.0041
5.6604
10.9335
12.1455
7.6097
1.8743
1.8743
1.6494
1.3370
1.9743
1.2495
1.6494
1.8243
2.0368
2.8115
23.0041
105.0239
300.4147
462.4552
664.7683
607.5019
424.9314
297.9281
104.6116
25.7780
8.6218
9.7464
9.6215
10.3837
9.4340
8.1595
7.0099
1.5119
0.9372
2.1867
1.3745
1.0371
1.3120
2.4116
25.0408
178.4220
433.0909
720.5978
964.9581
1013.6902
936.0187
909.5160
440.7881
70.8990
3.8361
2.3117
4.3359
8.3094
12.5579
12.4954
2.5741
1.5494
0.6248
0.6248
0.7497
0.5998
0.7747
2.6615
48.5947
367.6400
833.4064
1359.5257
1771.7243
1611.8705
1493.8264
1156.2878
593.6320
87.2430
4.1235
3.3113
1.9243
4.5733
2.8739
5.6979
11.7332
15.2069
14.5197
14.0573
13.0452
12.7578
9.8839
9.3216
56.4668
258.9674
460.4559
483.8098
547.9612
626.9447
701.2549
491.2696
235.5885
43.6340
3.0614
1.8993
1.8243
2.0992
1.0246
1.1996
0.9746
0.9871
1.0746
1.3245
1.6619
1.3620
1.9118
2.8115
54.7924
336.5014
593.8319
812.1642
679.1006
596.0811
399.6157
247.4966
92.7659
15.7692
3.9735
2.4116
2.3117
2.0492
2.2367
2.1367
1.3495
0.8747
1.4745
0.4748
0.4498
1.0371
4.8357
4.6983
7.9971
89.0548
413.3232
850.7875
1307.6822
1447.5434
1460.1887
1152.5767
520.7088
54.8424
5.0357
3.4862
2.7490
3.0364
2.8365
3.7236
2.8115
2.7865
2.4866
1.0246
0.5998
0.5123
1.0246
1.4120
36.9989
262.4536
614.5493
1159.0368
1370.1468
1422.0277
986.7751
721.8599
339.4628
50.2815
4.0235
4.1235
4.7483
6.0478
4.9982
4.1360
4.0235
5.9853
6.9849
6.0853
5.7729
4.6483
4.2859
7.1599
33.8626
252.0074
605.8275
699.7805
699.4431
539.8017
355.6319
222.8307
79.0835
13.2326
10.5586
12.3580
12.4329
8.1470
11.7832
8.2720
6.6725
8.1095
3.4862
2.2242
1.0121
2.2992
4.6733
2.7865
12.2205
144.2220
558.7073
913.1896
1201.7586
1122.5377
989.9489
792.9338
375.3621
37.7736
3.4487
4.0610
3.3988
3.6112
2.9989
3.8736
2.9614
3.3738
2.8115
0.8247
3.3613
4.9857
4.4359
5.4730
21.6046
255.8310
826.0216
1314.7296
1393.0009
1090.7619
591.9326
305.1504
95.0026
18.7681
14.4322
14.7821
15.5443
15.1319
15.0695
14.4697
15.0195
13.8574
14.0074
14.5696
15.1944
15.0320
14.9695
15.3694
16.4065
58.4160
180.0464
284.4705
326.5676
327.0424
312.5102
240.0368
120.8431
21.1047
15.4068
15.3069
15.1194
14.6571
14.5572
14.4572
14.3947
15.5568
13.6825
11.0584
8.5219
9.4090
9.7214
9.2091
15.2944
86.4557
238.6374
432.6786
522.2707
650.5486
514.6735
390.3566
214.5337
29.6391
10.8960
7.1724
4.4234
4.6483
6.1228
4.9232
3.9860
5.3855
4.8857
5.1481
4.2359
3.0864
3.3988
4.8607
20.0426
217.5826
770.2421
1325.0134
1662.7643
1812.5218
1626.3152
986.0254
300.1523
19.7677
3.0864
2.7490
2.9989
3.9361
3.1738
3.4112
4.6858
4.5358
3.6112
2.3491
1.8243
1.4495
2.4366
4.3484
17.5311
216.1956
627.7319
981.7644
1256.6884
1224.1879
1034.2701
596.4684
156.5425
9.2091
2.5616
1.6744
1.4120
0.8122
0.5998
0.4873
0.9372
0.4373
0.3374
1.0246
0.3249
0.3249
0.4623
0.7372
2.1492
34.2124
100.2632
157.5171
183.1327
197.3525
177.3973
109.1849
34.3374
3.4362
1.5869
1.8993
0.9372
0.8247
0.5623
0.3624
0.2999
0.2499
0.2499
0.3374
0.3374
0.4248
0.3749
0.5998
2.0867
37.9985
135.0754
236.8755
318.9329
339.6253
285.7575
183.0953
70.2992
3.7486
1.6744
1.5869
0.8497
0.9996
0.4248
0.4498
0.7247
0.8247
0.9871
0.8372
1.9993
2.4241
1.9743
2.6240
4.1735
109.4848
402.6646
650.1112
850.1128
821.9106
690.7713
430.4669
122.2551
6.8725
5.7729
4.5983
3.0239
2.9114
2.2742
3.3238
3.6487
4.8982
3.1988
4.4234
5.2356
4.8857
4.8357
3.0614
4.7108
40.6226
138.7740
238.6998
328.9292
472.7014
457.5570
313.7348
119.6685
11.6207
5.1106
4.6733
4.0985
2.9614
4.8232
7.6597
7.3348
11.1959
9.8089
9.6964
11.0210
11.8207
12.9702
13.0202
16.8813
66.2257
172.8740
263.0409
261.5414
278.0229
250.8704
156.2301
46.7078
12.4329
14.0823
13.9199
15.5068
13.7325
12.2330
11.5708
6.9225
3.6362
3.1738
2.5116
2.2742
1.0496
0.9746
1.8368
3.4362
101.2128
345.5481
447.3857
456.5198
355.6444
291.2680
172.4117
73.3356
9.8839
5.4480
6.3852
6.2727
4.6108
8.2470
6.0103
6.2102
2.9614
3.0489
3.8611
3.1738
2.5366
1.9993
2.9114
3.0239
78.0463
268.3639
489.0204
616.3361
689.4093
690.7463
335.9016
90.5667
6.0978
5.5979
4.1360
4.1110
5.1231
5.6729
6.4101
6.2477
6.2227
5.7604
6.6601
6.9849
6.8100
8.1220
6.9599
8.1595
156.9923
750.5493
1424.6268
1757.0047
1855.8809
1613.6324
967.5571
265.0651
10.2337
4.8982
4.7982
3.6487
2.0867
1.0121
0.8497
0.9996
0.5373
0.4123
0.4748
0.4623
0.5123
0.4998
0.6872
3.3863
136.6498
575.4886
1052.2385
1202.3834
1116.9398
756.5097
424.6315
102.2499
7.5597
7.2848
8.6593
10.8335
14.1698
13.4950
10.5836
8.8842
9.3716
10.4087
13.9449
13.4201
8.6093
5.4605
8.5719
11.1959
134.0008
610.0384
1177.4550
1462.3004
1530.6253
1298.5481
796.7699
203.2628
15.7567
13.3326
14.2448
12.1081
11.2209
8.2095
8.1970
7.7472
8.7093
9.5340
9.4215
9.7339
7.2598
10.2712
8.7843
7.2723
97.8266
380.6102
561.3438
694.5699
772.7412
646.9374
367.4026
101.0629
6.7725
4.5358
3.1738
1.6744
0.9247
0.9372
0.8872
0.5623
2.0368
0.5748
0.6623
0.4498
0.4998
0.9996
2.4491
4.5983
57.9912
270.9880
510.4250
572.0399
657.1461
616.0737
352.2831
107.5105
5.2106
3.7486
4.0360
2.9239
2.0243
2.6615
1.8118
2.0742
1.5619
2.8240
2.5366
3.6737
3.3988
3.2738
3.5112
1.8743
59.5156
372.2883
741.5776
939.9798
889.9481
742.0400
461.3930
125.0541
7.6347
6.3602
6.9724
5.9353
3.2238
3.2238
2.2617
1.1871
1.1371
1.2495
1.4745
1.4870
0.6123
0.4623
0.7622
3.0864
81.8449
540.5890
1142.1930
1450.6172
1502.5981
1298.0857
751.1116
174.2610
8.2970
5.2481
3.2988
5.6729
1.5494
1.4994
1.7494
2.2367
4.3234
7.9721
9.7339
11.1584
6.2727
10.6336
14.5447
17.0687
95.7148
330.4037
540.4140
656.3839
705.7408
585.1101
365.5907
105.2363
15.8942
15.7692
15.8317
15.8067
16.1066
16.0191
15.7317
15.7442
15.5568
14.6446
11.7582
9.9713
7.1974
8.6593
11.0584
15.4068
79.0085
414.2604
789.1602
876.5156
776.3649
616.6735
278.1603
76.7093
7.8221
9.1216
6.9849
6.2852
5.6854
3.1488
2.1117
2.1742
3.7611
2.3366
5.8354
6.0603
8.3344
9.8464
9.9838
11.3208
13.6575
31.5384
64.2514
101.5877
125.8288
101.4003
68.4499
23.6538
9.9588
9.8964
10.1088
11.1084
12.1455
12.5204
13.5700
12.6703
11.8456
12.0831
10.5461
9.4965
12.6079
13.7075
12.1580
9.9588
27.6523
126.1787
225.4547
291.3805
315.0218
227.1416
135.5752
39.1856
10.3212
9.9089
7.4598
6.4226
5.0981
3.8111
2.9114
1.7119
3.0114
0.8247
1.1871
0.5623
0.7872
1.5244
2.2617
2.9239
27.0026
235.2636
551.9098
774.4406
831.8570
724.9088
386.7954
77.0092
4.1235
6.7100
4.7358
4.0610
2.9114
2.6240
2.8115
4.2609
4.4983
5.9353
8.0595
11.0959
10.9335
11.0959
13.1702
13.6700
37.6237
109.7972
135.0879
145.6715
143.5973
113.5708
66.1132
20.2676
9.1092
10.7086
11.8207
12.0206
13.6200
13.8949
13.4825
13.1702
13.3826
13.1952
13.4701
13.1077
12.4454
12.1830
11.9206
11.3583
20.0926
105.7487
246.3595
311.1482
339.8627
265.7899
159.4664
44.8585
13.9324
15.1694
14.7071
13.1202
15.0320
14.8445
15.2819
15.3943
16.2440
14.9320
14.8570
14.6446
14.4322
14.3822
14.2947
14.7196
41.2973
267.9516
503.6275
577.1005
456.7447
256.0685
104.2492
15.9192
8.3594
14.1448
11.7832
8.7093
7.5097
6.5851
6.0353
5.4980
4.8607
5.7479
4.5608
3.8486
5.8728
8.6843
9.2341
13.0577
17.3186
109.1599
324.5433
504.7771
635.9039
455.3328
240.5616
60.0030
15.3069
16.9438
16.5064
16.0316
15.7567
15.3819
15.2819
15.3444
15.0570
14.8445
14.4447
14.0448
12.2705
10.6586
7.4848
6.8850
31.5509
229.8156
495.9803
614.0870
526.1568
343.6738
169.2503
42.4594
12.6703
8.8468
8.8343
8.6843
8.0470
9.0217
8.2595
8.5219
7.4098
7.2973
13.3951
15.0695
14.9820
9.3466
9.8714
11.9581
25.4906
130.0147
239.1247
300.3022
315.6841
205.8744
88.0552
19.8052
6.2977
7.2723
6.1477
6.6476
5.3230
4.5608
3.6112
2.1117
2.0742
2.1367
1.8243
1.3120
1.5994
1.9368
2.6865
3.9111
13.3326
60.9901
134.7380
185.8068
175.2606
129.0401
63.6766
10.5711
4.5108
4.0110
2.1867
2.4491
2.2742
1.9868
1.4370
1.3870
0.7372
0.8247
1.4745
1.4370
1.2620
2.2867
1.8118
5.9353
9.0217
43.9339
85.5186
109.4848
123.7421
109.3848
85.1812
12.8578
2.2117
2.8365
2.0118
1.5744
0.8247
0.6498
1.0246
1.1246
1.4745
2.5116
3.6737
2.4991
2.4616
3.5612
2.9239
3.4737
4.0985
18.0434
51.9934
80.9578
113.6083
96.6270
48.7571
6.1602
1.4620
1.9368
1.3745
0.9996
0.6872
0.8497
0.4623
0.9996
0.5123
0.4498
0.9621
1.2370
0.8747
2.2617
3.4487
5.2856
9.1716
108.5601
259.4172
289.0688
279.5223
176.2603
88.3426
18.9555
4.7108
6.2227
5.4355
4.2734
4.4609
4.1610
4.3609
4.7857
5.0606
5.3480
4.6233
4.2484
4.1985
3.4737
2.5990
2.1117
4.1735
41.9346
101.7126
139.9986
186.8189
151.5318
87.8177
13.4076
3.1239
3.2363
3.3863
3.8361
5.1606
5.8229
5.4730
4.4609
5.8229
6.1852
6.8225
13.3576
15.0195
14.7821
14.8820
16.5064
18.9056
127.1158
282.6462
396.5918
451.9465
246.3220
111.6090
24.8159
10.0838
13.9949
11.4583
12.1081
13.3326
13.8699
13.1202
12.9952
14.2198
12.6454
10.0088
9.2966
7.5097
5.2106
3.8861
5.7479
6.2602
48.5447
121.5179
180.8711
190.5300
156.6800
68.5623
12.7578
4.5733
8.3969
11.0959
13.3826
13.6325
14.5821
14.9070
15.0570
15.2944
14.5322
13.7699
14.7446
14.7571
14.9070
13.4201
15.4943
20.6924
87.8302
264.2280
397.5040
364.4287
292.7925
169.4003
28.4021
11.1584
12.1205
14.8321
15.4318
15.3819
15.1319
15.2319
15.3069
16.3815
15.6942
15.0695
14.8321
14.8570
14.8570
15.9566
16.9438
16.8938
48.7821
145.0842
199.9016
215.0085
183.8200
142.3727
38.1860
11.4333
10.1963
9.1341
7.0224
6.6101
9.9214
9.8339
12.0206
9.7339
7.6722
5.8728
5.8603
5.1356
5.2481
6.9724
7.3223
3.9111
37.7486
111.7590
171.9493
192.8292
144.4719
81.4576
12.1455
1.4120
2.0867
1.5244
2.8739
3.3613
2.7240
3.1114
3.3238
3.5612
3.5237
3.9236
3.0864
3.9236
5.1481
8.2845
7.1849
7.8846
51.3187
206.0118
513.8613
615.8488
552.0348
283.9707
45.3583
3.2613
4.3234
4.4983
4.5983
6.0978
6.7850
9.0217
9.3965
11.3458
11.6332
11.7707
11.9081
12.6079
12.6329
12.9702
13.4825
17.1687
84.8064
174.6109
254.7439
241.8612
187.8560
99.4885
22.9291
12.2830
13.0952
12.5704
12.0831
12.3830
12.2705
12.4329
12.6579
13.0827
12.5704
12.4079
12.4579
12.3705
12.4204
12.7953
12.5079
13.1952
50.2066
138.5866
263.7906
293.8171
262.3661
140.3110
28.9269
9.4715
9.9214
5.5480
7.9596
7.1974
6.4601
5.9228
5.3605
1.9868
0.8997
0.4748
0.5748
0.5123
0.5373
0.6872
2.0243
7.1974
113.6333
303.6510
489.3078
566.1671
498.5419
210.8101
29.3267
1.7369
5.0606
4.1235
3.6362
3.9610
4.2110
6.2477
9.0592
10.0338
6.9849
1.3120
0.3374
0.3874
0.4498
1.1121
3.2363
8.0096
53.3804
260.5418
471.1395
511.3997
397.2416
173.2739
32.4256
3.9111
5.2356
4.5608
4.6858
4.0860
4.9232
7.3473
9.4840
10.5211
12.3455
13.8574
14.6821
15.2694
15.8567
18.5432
16.5189
24.0537
93.2657
193.5914
281.3592
297.3408
185.0071
70.9489
16.0566
9.1591
9.3965
5.9353
7.4723
7.9221
8.8218
9.5340
9.4465
9.5090
9.8089
9.2591
9.4840
9.5965
9.5215
8.7843
8.5843
11.2834
54.4550
141.6605
203.9751
198.6645
225.2423
162.3029
32.5630
5.6354
3.5112
3.9735
2.4866
1.7868
6.5101
7.7347
7.4972
8.1970
8.3719
7.7721
6.5476
5.7354
3.8486
3.2863
1.1621
3.3113
101.4502
354.9946
566.1296
607.0895
506.2016
229.2408
27.3649
2.7240
2.4491
1.8243
1.3870
1.1871
2.8864
0.7247
1.6244
0.5623
0.3124
0.3999
0.3624
0.3874
0.4998
1.0371
3.8486
4.1360
38.1985
124.2294
191.2048
252.0324
205.5370
101.6877
18.5932
9.0717
11.1209
11.7457
12.3330
9.3216
8.1470
13.7574
10.1588
6.1602
6.7475
5.8978
4.8482
4.1360
3.8861
3.8986
5.7854
5.4230
59.4157
206.9240
327.4922
384.4713
335.9391
169.4128
35.8243
13.4701
13.3201
12.2330
10.6211
14.3072
9.6340
8.9842
9.1966
6.5851
7.9846
8.9842
9.2716
9.8839
9.0842
10.5836
10.2212
12.8703
76.8343
228.0412
353.7201
413.7230
337.2761
182.2581
35.4620
4.8232
7.4848
9.0467
7.9846
5.2856
4.2484
3.7361
2.2367
1.9118
2.0742
2.2367
1.8743
1.7494
0.9871
1.0996
1.2370
4.6233
76.1720
286.8072
524.0075
586.2222
473.9134
238.7998
39.1731
1.3495
2.5990
1.5619
1.6744
1.0371
0.4873
0.4623
0.5623
0.5998
0.5123
0.6623
0.7997
0.5748
0.7247
1.7369
2.0243
6.0728
159.4040
494.0560
742.3024
764.1319
610.4508
353.3452
91.2540
6.6850
6.2477
3.6362
2.3241
2.3241
1.6244
3.3488
3.1488
2.6615
3.2863
2.8864
1.2121
0.8497
1.5744
2.8490
2.8365
3.5362
74.5476
304.8380
518.5595
590.7705
487.1711
253.9692
45.1709
2.1867
4.2734
4.0735
3.5362
3.3363
3.5862
4.0860
5.0606
9.6964
7.4848
6.4976
7.5222
13.1327
13.3826
12.6953
12.4579
15.4318
111.3591
438.4515
785.2616
945.0279
850.8750
421.2703
70.2242
8.1970
7.5472
7.6347
5.5480
4.7233
2.7615
2.2742
2.1867
1.6994
0.7997
0.2874
0.3374
0.2999
0.5873
1.0621
1.3745
8.5219
175.5980
638.1906
1018.7633
1064.3091
817.3498
423.8068
96.6770
12.1455
16.0441
16.5314
16.4565
16.3565
15.9067
15.6817
15.5693
15.2319
15.1319
15.0695
14.6196
10.0963
13.9199
15.9316
15.2819
21.1047
191.7796
635.5291
985.3256
1063.8093
893.6343
453.4210
73.2481
5.3605
12.8828
10.2837
11.6582
8.2345
6.0728
3.8736
4.2984
0.4873
0.5123
0.3499
0.3499
0.4123
0.6123
0.7372
0.8122
17.9559
176.1478
631.0807
1034.4576
1148.9405
976.9162
551.7474
115.4451
14.1323
14.8820
14.1573
13.9824
13.0202
12.6953
11.1834
0.6623
0.4748
0.4748
0.5873
0.7497
0.8747
0.7872
0.7747
3.6986
6.1477
118.6064
464.0421
783.8121
913.0397
788.7103
433.5158
119.9934
4.1485
4.4484
3.4112
1.3620
1.0246
0.9621
1.0371
1.0246
1.0371
