2134.5840
4237.5066
6298.8323
8290.9783
10213.1958
12097.2680
13812.7093
15586.4544
17282.7869
18874.5085
19722.2996
20535.8579
21405.2492
22418.8671
23498.8227
24028.1619
24401.6794
24599.8955
25194.7989
25461.9523
25533.3926
25582.9401
25618.3179
26125.1793
26727.5802
27466.5645
27703.9360
27717.1597
27084.9867
26422.9900
25596.7169
24632.0017
23746.5786
23294.9818
23288.8515
23532.5715
23688.6300
23544.1114
23122.8937
22760.7636
22561.4178
22316.0577
21952.7472
21482.2350
20863.7876
20087.5056
19186.9267
18302.2723
17736.1682
17560.9221
17862.8276
18513.5558
19235.2334
19969.7997
20662.7531
21303.1162
21889.6661
22510.5815
23530.6178
24848.9370
26184.1002
27233.8619
27907.1285
28333.0087
28528.4686
28439.0020
28047.1397
27956.2888
28272.2164
28442.1588
28488.7187
28419.1319
27765.5038
27090.9700
26458.7635
25362.3786
24294.2932
23308.1867
22360.6503
21448.1272
20562.5647
19812.3149
19262.6846
18705.3570
18072.6645
17259.2612
16337.6204
15348.2566
14315.5095
13220.9933
12104.2808
10950.0748
9815.9340
8709.9622
7612.4778
6537.3269
5449.3715
4822.4858
4053.5894
3459.8644
2912.6781
2403.2318
1925.6218
1462.1773
1023.5579
629.6369
310.7626
0.0000
0.0000
0.0000
0.0000
215.4501
0.0000
57.1805
405.6679
933.8508
1632.5623
2511.1738
3413.3020
4270.5454
4988.2921
5581.6421
6076.0884
6497.9885
6902.6116
7369.8136
7836.8749
8315.3857
8315.3857
8315.3857
8315.3857
1183.2686
-0.0000
0.0000
0.0000
781.7115
1553.8739
2368.9869
3351.0373
4467.4188
5633.9595
6780.1294
7876.0856
8887.3814
9876.9502
10818.0133
11681.1523
12483.1913
13262.3937
14038.1573
14772.5965
15544.5404
16391.3679
9259.2507
8279.7964
8279.7964
8279.7964
8279.7964
9337.7746
10327.6034
11287.8670
12245.6648
13223.0848
14235.4256
15261.5511
16283.8001
17105.7013
18144.8253
19200.5257
20230.7931
21206.3877
22081.1876
22844.7360
23481.0278
24021.0522
24514.3495
24996.2274
25565.8977
26261.0182
26924.6299
27573.2057
28043.8818
28311.0157
28431.8078
28504.1237
28528.4686
28443.7289
28196.4548
28156.9059
28159.4991
28528.4686
28528.4686
28528.4686
28518.5703
28379.2778
28145.5010
27852.2448
26511.0996
25147.9709
23752.6618
22422.9215
21312.4407
20371.1981
19542.2831
18695.3485
17593.3701
16199.0297
14709.4097
13228.2618
11759.5469
10317.9365
9388.4081
8940.6191
8491.2536
8057.6228
7623.5937
7172.0532
6738.7392
6322.8456
5931.7431
5554.8795
5227.8574
3936.3606
2692.8574
1581.1375
757.2341
728.0162
1372.5844
2071.0290
2239.0356
1764.6858
1270.5231
890.5945
566.5903
273.3023
0.0000
0.0000
238.8127
505.5774
1303.4913
2105.2746
2888.1760
3631.8701
4346.2687
5064.3097
5838.6160
6686.0728
7104.0262
8199.9653
9666.6363
11545.1502
13616.5847
15695.0625
17406.4451
18021.8569
17911.6970
17811.5102
17652.8512
17387.6539
17526.6556
17612.4961
17606.2235
17547.1258
17959.1959
18314.2410
18636.1698
18918.2257
19148.1983
19316.1735
19427.6872
18892.8689
17823.8565
16930.7517
16509.2770
16474.7008
16563.6635
17016.1218
16501.2290
15375.5735
14006.4500
12623.0462
11217.2464
9790.0907
8328.5931
6875.7333
5459.5548
4123.2193
2946.4492
2005.9974
1238.6254
1033.0235
902.0352
1391.7716
926.4272
505.9509
157.6266
0.0000
56.4833
373.0392
825.8456
1418.8233
2102.7651
2834.5320
3607.7361
4440.2126
5318.5325
6173.2966
7997.7951
9829.5783
11651.5031
13436.4762
15234.2754
16991.8223
18622.1388
20171.0739
21660.2855
23049.9063
23974.8902
24467.3494
24926.0667
25321.3063
25756.9658
26191.1788
26665.7091
27173.6740
27539.5226
27782.8044
27833.8267
27896.6511
28089.8575
28336.3328
28511.7484
28528.4686
28528.4686
28528.4686
28528.4686
28302.0611
28528.4686
28528.4686
28115.4477
27048.5425
25902.8115
24721.2113
23494.9822
22298.0039
21349.4836
20573.9080
19882.7900
19177.5146
18415.0420
17508.0875
16630.5192
15841.0673
15119.4521
14364.9997
13625.4822
12982.5242
12389.1224
12305.2609
11789.6615
11326.3535
11384.4054
11944.1507
12522.2033
13065.4985
12577.7695
12155.2716
11780.1151
11455.9964
11272.8085
12271.0389
13404.5675
14573.8515
15550.9928
15701.8856
15329.5121
14976.9371
14675.9660
14396.9761
14674.2319
15517.2171
16417.4170
17308.5081
18193.0242
18990.5202
19740.1418
20508.3319
21280.4995
22084.4318
21941.0609
21812.8934
21711.6278
21737.0950
22443.4787
23772.8389
25157.0498
26557.7871
27889.9970
28504.2042
28528.4686
28385.5785
28025.1428
27569.0026
27161.8167
26818.3578
26967.6221
27573.5732
27595.5422
27882.7292
28095.9107
28223.8234
28336.5124
28412.0396
28500.2454
28528.4686
28469.0667
28348.0438
28242.0576
28142.8851
28058.4058
28009.6371
27950.3831
27844.5630
27680.0485
27470.2432
27233.3751
27002.7468
26777.6937
26524.7158
26239.1724
25924.7115
25583.9431
25212.0711
24821.6965
24420.9650
24006.3921
23576.6932
23133.0122
22678.9697
22224.2377
21894.5281
21830.8894
22028.4305
22488.2687
23026.2893
23344.6341
23216.3541
22856.1149
22529.2010
22241.4024
22012.4901
21810.7915
21583.8665
21336.3401
21101.9305
20892.7324
20714.9423
20551.3604
20375.0616
20206.8812
20008.8328
19804.9525
18607.6414
17359.6077
16210.8533
15344.7479
15611.8796
15889.0350
16020.6283
15871.7649
14517.4635
13101.7110
11691.9260
10301.2142
8939.0032
7586.5244
7229.5308
6910.7303
6636.6170
6412.2849
6223.5406
6065.3344
5931.8581
5851.0920
5799.0935
5786.4273
5803.4908
4895.8492
4556.7034
4320.8672
4645.0765
5008.8556
5413.2648
5787.3868
6028.6546
5684.6375
4841.0856
4073.3847
3864.9460
4156.3754
4411.1858
4642.7928
4826.6696
4935.6299
4980.9529
4982.1236
4907.0783
4779.9984
4586.1352
4371.0156
3660.8445
2446.1186
1779.7145
1688.4571
1760.5435
1881.0226
1962.9126
1970.4132
1894.6925
1334.2574
846.3932
884.3967
989.5049
1122.9489
1298.1533
1484.0803
1619.4050
1661.5786
1655.4986
1563.2103
1418.5343
1234.2682
1008.8606
756.7005
479.2019
202.3864
2.4589
0.0000
0.0000
0.0000
3.7644
148.2715
891.8897
1014.7526
941.0674
696.0763
358.0510
3.0720
0.0000
0.0000
0.0000
125.1056
146.6978
0.0000
0.0000
82.4311
0.0000
91.1383
335.4205
608.6344
1094.8812
1878.3263
2859.2533
3862.5961
4910.1919
6104.1745
7286.5062
8233.1407
9446.1240
11030.7482
12676.0915
14311.2855
15913.7721
17732.8746
19587.8270
21066.8174
22465.9439
23701.7865
24825.1066
25876.3951
26892.1583
27293.3912
27531.2426
27662.4123
27807.2148
28056.4333
28258.8180
28320.6618
28464.6087
28528.4686
28526.0133
28412.7401
28302.0349
28253.0045
28157.6283
28022.7596
27963.1117
27808.6375
27396.6789
26737.2692
25907.2535
24927.3593
23784.7787
22551.8239
21250.2596
19904.1783
18599.2340
17361.8355
16218.3974
15211.2358
14310.4609
13455.9028
12479.9392
11592.6499
10576.7495
9342.2370
8124.3395
6974.5837
5867.7966
4855.2939
3983.7382
3665.5707
3897.4877
4294.5602
4943.0532
5719.3275
6784.3229
8083.9841
9519.6881
11024.3121
12119.1422
12777.2788
13983.0346
15483.5634
17400.8664
19473.3780
21581.9754
23569.2890
24662.0480
24769.9893
24678.8760
24530.9556
24394.4505
24701.4949
25026.9588
25384.6417
26229.9346
26513.8344
27204.0482
27784.1450
28372.7316
28483.1519
28528.4686
28528.4686
28458.8757
27928.5756
27424.1735
27166.3343
27627.4301
28179.4362
28528.4686
28528.4686
28528.4686
27969.0615
27443.6405
27388.8532
27210.4912
27016.9190
26842.5023
26686.8289
26526.5374
26336.5131
26101.2323
25890.9893
25733.6292
25561.2237
25386.1936
25198.2217
24484.9579
23761.9940
23618.3590
23586.5331
23693.4476
23742.8716
23690.1567
23492.8153
23182.2862
22399.1216
21207.4737
20161.4736
19684.3555
19753.5908
19851.5514
19994.7389
20158.0871
20329.7706
20468.1016
20609.8329
20834.5652
21133.3202
21445.7724
21825.3205
21764.1596
21341.1481
21593.6755
22634.2862
24009.3589
25473.1140
26900.8906
28234.9930
28528.4686
28528.4686
27980.8101
27330.6529
27133.2231
27384.0439
27570.7592
27711.2028
27842.8487
27936.4401
27962.3622
27916.9499
27810.3251
27673.6346
27534.8839
27423.9627
26827.6349
25852.1808
25436.2307
25792.2327
26394.7947
27166.4781
27869.9305
28337.0187
28528.4686
27961.2289
26846.0071
25730.2025
24589.3510
23952.9889
23786.7803
23559.0002
23322.8245
23106.5972
22888.4004
22648.2518
22408.9789
22129.4037
21823.9811
21493.4086
21134.4115
20796.8145
20718.9742
21043.1093
21685.9600
22311.5282
22816.7288
23132.0232
23116.6980
22748.6683
21785.7799
20814.6799
19844.5541
19050.2137
18623.1089
18231.2783
17829.3384
17433.5962
17043.1091
16646.3129
16230.8733
15815.2997
15421.9756
15060.6355
14703.5091
14365.2563
14155.5177
14144.3424
14260.2711
14455.1092
14628.5165
14658.0599
14542.1769
14291.9184
13530.2081
12285.4307
11014.6772
10246.1759
10005.2130
9766.1094
9510.5963
9264.7508
9035.2840
8807.1607
8532.2808
8219.9574
7913.1163
7159.9876
5934.8165
4751.8975
3807.7732
4126.0884
4564.9401
5014.6480
5373.9429
5521.0360
5448.1241
4227.2411
3014.7705
1871.7319
804.5284
277.8505
276.4124
302.9785
314.2448
280.8976
258.1492
257.5661
297.2625
369.3313
547.3478
799.9324
602.2835
0.0000
0.0000
0.0000
0.0000
141.3892
721.6960
1154.7125
1473.3559
1193.1184
926.2316
785.5507
791.4101
1438.0335
2685.9378
4052.4077
5517.6098
7044.6050
8653.3813
10289.7192
11807.5114
13141.7681
14361.5774
15207.9109
15546.5667
15777.9487
16280.6026
17873.2805
20241.5723
22671.1122
24922.8563
26756.7330
26972.1694
26524.0449
25719.4939
24871.1885
24004.7516
23111.1565
22218.9137
21322.2981
20916.3692
20042.2811
19160.2848
18294.3153
17441.7783
16562.7322
15685.9166
14858.4396
13980.8025
13086.5253
12687.9924
12866.7666
13433.3774
14216.2330
14884.8054
15206.6961
14873.8333
13846.0062
12720.4808
11719.8027
10790.3759
9910.1766
9048.8474
8177.2181
7283.8210
6418.1194
5528.9929
4561.0634
3546.7467
3522.5602
3036.6598
2119.4302
1253.7740
535.8784
80.0395
0.0000
89.3494
758.2860
2004.3304
3225.7170
4075.3233
3679.0740
3247.4549
2923.3109
3145.1338
3869.2389
4556.1539
5184.3371
5789.9532
6407.5130
7052.3354
7768.9165
8538.3891
9343.0499
10120.3524
10818.5976
11455.5767
11998.4507
12643.8463
13439.1826
14362.9984
15396.9301
16385.2206
17340.9717
17600.7204
17627.8524
17054.9032
16415.4259
15663.0336
14794.6879
13797.9236
12703.3947
11565.5666
10443.6606
9303.5562
8187.7775
7098.2268
6028.3459
5015.6196
4050.3092
3082.4580
2141.4825
1327.6746
685.1076
199.9956
315.4853
1000.8145
1233.6997
900.5102
535.3514
271.0332
123.9572
0.0000
0.0000
0.0000
0.0000
0.0000
0.0000
0.0000
133.1433
99.1382
66.5054
58.7374
22.1178
0.0000
38.3694
38.3694
378.2896
378.2896
0.0000
0.0000
0.0000
0.0000
0.0000
-0.0000
604.6496
1349.2318
2121.8409
2831.9676
3464.0166
4091.9601
4788.3145
5515.1571
6221.3579
6924.3534
7626.4034
8317.5751
9009.9427
9645.7403
10379.6965
10379.6965
10379.6965
11343.4906
13973.7261
16597.6885
18794.9261
20244.7398
21065.8971
21604.0156
22069.0034
22508.4681
22934.6389
23362.8068
23687.1836
23880.8060
24049.9513
24165.1251
24290.0996
24427.7676
24598.3052
24742.1216
24823.3439
24806.6530
24833.3775
25131.0293
25672.2636
26362.1435
27196.7624
27921.4786
28430.0579
28528.4686
28219.9384
27685.4215
27041.1616
26287.8883
25411.7090
24975.2606
24992.7918
24955.6281
24881.9113
24801.6502
24804.0813
24911.7717
25101.1274
25337.1767
25557.4695
24744.2694
23890.0080
23084.5424
22373.0818
21780.0520
21311.6550
21870.7682
22458.3868
22450.2097
22318.6847
21585.5964
20837.4213
20004.8936
19585.5408
19577.9614
19460.5290
19278.9493
19069.5789
18803.6001
18507.1354
18197.0359
17869.4195
17531.0534
16662.5955
15265.2796
13939.6229
12913.1333
12335.6553
12461.9307
12768.1149
13378.3805
13305.8247
12301.8283
10953.7746
9463.7129
7970.8203
6484.1274
5006.6749
3551.9157
2623.5070
2231.1644
1893.6288
1576.8342
1273.5245
1006.9340
769.0286
591.2625
476.5504
406.7501
0.0000
16.8830
855.1362
1905.2858
2854.2410
3646.5482
4203.3349
4150.4817
4009.0336
3472.4974
3090.7699
2861.5610
2712.1116
3037.5210
3710.0066
4304.3242
4331.3869
4233.7263
4513.7419
4709.2838
4800.2350
4781.3909
4719.6151
4637.3112
4261.9102
4530.3073
6130.1837
8360.0069
10825.8773
13165.1163
15033.5534
15552.0413
15104.7260
13667.4307
12206.7913
10746.8297
9312.9902
8425.7413
7578.6061
6784.2276
6018.8938
5779.2416
5592.4110
5449.3489
4823.5821
4210.5823
3105.7488
1992.0408
1238.9204
1298.9570
2695.0066
5236.4704
8025.7398
10707.0933
12909.2559
13757.4567
13092.3532
11899.3134
10653.5652
9412.3420
8169.0527
6912.2683
6173.2185
5457.9718
4769.2113
4576.5247
4359.8820
4118.7353
3846.3640
3559.6434
2736.7502
1411.2778
435.7886
324.3816
2025.5794
4177.4091
6456.1472
8604.0616
10385.9542
11426.7358
11055.5914
9694.8437
8318.6409
6929.6264
5538.6219
4646.4304
4246.0151
3839.5053
3451.2722
3093.4207
2772.4981
2463.5541
2177.7275
1935.8771
1768.6283
691.3573
0.0000
70.8976
956.3489
2472.7789
4324.4732
6117.2842
7400.0687
8082.2523
7814.4383
7104.6802
6531.3614
6095.1389
5748.1577
5416.6079
5088.0916
4833.4549
4624.2007
4482.4594
4304.7103
4148.2231
3978.4259
3837.7414
3794.1333
3896.4908
4433.0729
5610.7168
7739.2472
10142.8658
12776.4180
14887.3339
16273.4025
17163.8719
17630.8976
18006.9301
18523.7068
19137.1877
19814.6726
21020.5578
22132.6571
23525.9651
24267.9265
24792.1556
25042.1710
24950.5074
24627.8501
23751.9961
22870.4935
21999.1581
21216.5764
20571.0670
20075.5166
19703.0345
19390.3783
19093.3786
18835.7735
18665.8670
18446.8962
18241.4131
18181.6734
18274.3912
18446.6257
18684.7304
19413.1052
20073.6392
20649.4109
21101.6454
21392.2581
21604.6272
21720.9066
21726.6728
21593.8485
21010.2728
20670.5940
20770.2656
21294.2945
22433.4428
23404.6061
23640.1764
23569.7431
23231.6524
22786.6473
22307.2473
21771.2664
21155.5038
20371.7530
19426.1217
18335.6114
17194.7112
16046.3628
14852.3604
13647.6590
12435.6277
11239.1498
10063.6299
8862.7088
7679.1767
6668.3657
5979.4842
5712.5860
5983.4033
6694.6671
7866.9319
8841.2487
8837.1886
8349.6477
7838.5640
7458.1783
7215.0444
7109.9871
7152.3709
7349.4798
8203.5022
9624.6782
11079.8166
12505.0530
13862.3984
15265.1491
16750.6391
18288.7465
19336.6032
20046.6091
20885.7075
21805.5530
23243.9267
24625.4766
25905.3752
26948.0823
27818.9704
28504.5589
28528.4686
28528.4686
28528.4686
28528.4686
28528.4686
28528.4686
28298.3707
28455.9095
28523.9751
28528.4686
28444.2289
28307.4325
28175.1353
27535.2035
26419.2419
25421.8045
24797.7700
25235.6982
25966.4729
26944.5569
27895.1612
28528.4686
28528.4686
27627.8914
26583.8282
25448.8126
24287.0927
23591.0588
23367.0111
23120.1048
22848.9400
22551.3859
22224.9403
21882.4426
21529.9897
21158.2447
20770.0815
20377.0004
19495.5248
18242.7485
17704.7105
17895.8594
18331.5770
19063.1017
19906.2261
20683.4952
21088.8919
20570.3302
19698.7770
18270.8863
16858.2919
16179.9725
15759.5265
15311.3973
14847.7215
14372.9060
13901.1775
13436.3451
12984.6626
12551.4021
12137.9981
11750.7916
10895.6957
10207.0672
10227.7365
10442.1528
10792.8028
11283.6805
11725.7677
12040.2444
12172.4667
11998.4494
11099.0236
9679.6702
8253.6521
7809.6751
7376.2332
6959.9347
6541.1010
6106.7459
5669.7157
5234.3039
4805.7759
4387.3641
3992.0014
3602.8456
2751.6185
1551.6011
1589.3121
1895.9602
2740.9076
3968.3737
5301.1699
6470.9650
7206.4726
7386.9313
6565.3852
5633.7734
4700.0956
4276.4774
3835.6143
3380.7927
2934.1598
2506.3807
2080.9990
1659.8332
1267.8067
915.0466
556.5818
234.9938
0.0000
0.0000
0.0000
0.0000
363.5763
1261.4122
2495.7504
3675.6944
4313.5705
4179.9735
3469.2100
2746.7052
2154.9687
1604.1102
1165.8403
809.3380
428.4677
58.9811
0.0000
79.3073
61.1120
543.4041
601.3580
595.5573
98.6616
0.0000
0.0000
-0.0000
-0.0000
0.0000
0.0000
0.0000
0.0000
0.0000
0.0000
-0.0000
0.0000
-0.0000
225.3836
577.9143
577.9143
1121.7600
1582.5026
1898.8532
2222.9578
2625.8554
3130.6786
3742.7428
3742.7428
-0.0000
-0.0000
-0.0000
-0.0000
0.0000
0.0000
0.0000
0.0000
0.0000
0.0000
-0.0000
-0.0000
0.0000
145.2286
326.9505
578.4890
578.4890
777.4544
958.6877
1174.9896
1341.8699
1540.8337
1765.1389
1765.1389
-0.0000
-0.0000
-0.0000
-0.0000
-0.0000
-0.0000
0.0000
0.0000
0.0000
0.0000
-0.0000
697.3791
697.3791
697.3791
697.3791
1732.1276
0.0000
-0.0000
0.0000
987.4478
1941.2024
2759.9998
3711.0833
4663.4243
4663.4243
0.0000
0.0000
-0.0000
-0.0000
129.7816
2873.5603
2873.5603
4440.4665
5465.5702
6318.1445
7194.9185
8062.7296
8935.7288
9710.2864
10366.4221
10894.0578
11316.1430
11615.8772
11800.3706
11903.2844
11987.1958
11995.7773
12079.8879
12760.1549
14269.4656
16512.3654
19060.8347
21683.3235
24372.8901
26662.6640
28179.1101
28528.4686
27891.8245
27029.7270
26174.2002
25344.1112
24597.3756
23855.7414
23114.4938
22360.9858
21619.4552
20863.0318
20093.5094
19302.9674
18486.5748
17688.3667
17146.3579
17210.3155
17991.5328
19443.2601
21479.4348
24161.7794
26655.3544
27961.1577
28528.4686
28017.9910
26987.4759
25838.5597
24714.8048
23531.9208
22275.9894
20959.8965
20078.4890
18671.6166
17238.5323
15790.8387
14339.4639
12887.6645
11425.7082
9962.7343
8672.4367
9007.6617
10161.6193
12080.7764
14324.4608
16269.9954
18214.3471
19817.5001
21134.0999
21204.7477
20040.1262
18740.5934
17512.2042
16867.9492
16244.5680
15640.5141
15515.7067
15349.1671
15140.7350
14909.4446
14646.9607
14390.8087
13654.3282
12952.0223
12975.5427
13587.2851
14954.9902
16974.3745
18913.2543
20503.1174
22020.2564
23790.4598
25297.6259
26029.2363
25558.0521
24407.9566
23320.5726
22259.5311
21213.1028
20635.8117
19997.5928
19801.8557
19580.8379
19348.0492
19109.8633
18864.0584
18112.0352
16870.6222
15816.7653
15258.7618
16289.3650
17942.6260
20089.6534
22548.2978
24969.3026
27073.8107
28528.4686
28528.4686
27966.1151
26781.7793
25568.7115
25312.8834
25066.3171
24820.8466
24570.3776
24296.1985
23983.9808
23625.6129
23224.1296
22804.8493
22375.9220
21931.3884
20494.8704
19132.5129
18887.3628
18736.4855
18675.1165
18607.2563
18530.4842
18371.8704
18152.8594
17831.2294
16440.3670
15026.0869
13639.4505
12275.7760
11407.7246
11024.9016
10637.9501
10255.2986
9885.0700
9544.2076
9214.8697
8873.2850
8542.6048
7729.8584
6509.0852
5527.8148
5920.4360
6528.4541
7393.5538
8385.1461
9512.0684
10550.7793
11102.5851
11236.5747
10164.2282
8973.3321
7807.4771
6629.5506
5916.2688
5696.5389
5483.4253
5263.7950
5022.9596
4808.7647
4595.2646
4350.9015
4071.9789
3260.0708
2080.0515
1177.3266
562.5376
1385.2226
2360.2401
3540.1179
4596.5832
5574.6853
6413.1708
7007.3915
6815.3540
5981.3805
5083.6422
4103.2903
3576.2785
3481.3256
3322.6285
3129.9142
2921.5402
2692.5561
2468.5860
2284.1313
2093.1201
1389.2387
404.5706
0.0000
318.4151
1922.4027
3823.6210
5880.5226
7993.2459
9908.9578
11310.1495
11440.6166
10611.9918
9332.2028
8027.1878
6691.2239
5816.6224
4404.9782
3488.0662
2532.6945
1646.7184
1293.5225
968.8248
672.6926
402.3762
200.1904
0.0000
0.0000
1208.6390
1208.6390
3494.1441
3494.1441
3494.1441
5254.2563
6705.5480
7248.1848
6837.8503
5953.8545
5062.5183
4236.3086
3435.3224
2684.9803
2027.0224
1475.7624
1053.7796
709.6446
416.1066
206.2987
65.3886
0.0000
0.0000
0.0000
1280.1810
2236.3366
2236.3366
4655.9204
7041.5675
9021.6331
10818.6782
11955.9321
12365.5622
12257.8012
12012.5098
11702.8776
11369.3249
10957.9437
10414.3582
9819.0275
9124.3049
8240.7641
7185.3068
6018.1198
4726.8525
3406.2501
2566.7992
2716.1645
3959.7508
5966.9889
8308.6459
10988.7344
13790.7241
16396.2827
18407.1575
19504.2796
19540.4795
18943.8014
18303.4156
17719.8402
17171.3473
16594.7203
16042.3216
15495.3959
14929.5064
14336.5056
13701.7889
12994.6735
12261.7015
11538.0947
11106.8667
11309.2641
12197.6566
13388.0071
14856.6573
15942.6443
17284.6906
18320.5252
18981.1122
19167.4391
18843.4785
18192.5843
17435.2083
16655.8941
15898.4449
15179.6253
14435.0958
13690.1815
12962.4355
12283.7937
11632.9934
10940.2498
10164.3110
9318.5268
8791.3102
9286.6441
10895.1356
13216.5610
15956.4682
18183.7989
20646.6529
22387.1443
23942.3686
24394.8082
23632.9063
22296.0874
20922.9789
19548.5011
18172.1422
16783.5534
15418.6032
14096.7097
12822.1568
11592.3650
10416.8804
9232.6472
8012.6375
6824.4755
6044.9975
6052.1719
6961.7906
8466.9138
10456.7939
12811.7143
14653.3886
16382.2034
17524.7117
17674.7683
16770.8459
15422.9440
14094.1723
12785.4667
11464.6864
10112.4827
8781.4653
7502.4873
6260.7611
5024.8530
3785.5477
2595.8192
1461.7974
470.4957
0.0000
0.0000
-0.0000
2344.4488
2344.4488
-0.0000
-0.0000
0.0000
0.0000
0.0000
0.0000
0.0000
46.8730
163.3020
163.3020
487.7202
950.4374
1513.5754
1513.5754
2067.4264
2591.1799
3136.0292
3687.4391
4315.7029
4315.7029
-0.0000
0.0000
-0.0000
0.0000
0.0000
0.0000
0.0000
0.0000
0.0000
0.0000
0.0000
-0.0000
793.5229
793.5229
1571.1695
2188.6571
2188.6571
2188.6571
2741.0487
3268.2566
3815.6412
4412.2524
4412.2524
4412.2524
4412.2524
4412.2524
4412.2524
4412.2524
4890.6256
7802.7228
10535.6694
12651.6445
13966.0919
14286.2843
14180.9063
13948.7131
13633.9471
13244.1526
12761.7418
12102.0014
11223.1744
10186.5092
9021.8141
7788.4624
6553.0260
5371.4828
4258.7832
3494.8778
3421.9789
4213.5886
5658.8371
7620.1224
9757.7790
11685.2111
13278.3686
14235.1171
14288.0906
13373.3855
11987.9781
10591.9430
9261.5714
8044.4253
6900.0091
5838.9266
4829.8126
3825.8889
2872.1331
2016.7040
1223.8164
611.5500
202.1094
0.0000
0.0000
0.0000
0.0000
0.0000
0.0000
885.8536
885.8536
1247.4341
1372.2671
1355.8479
1401.2439
1499.8126
1604.9026
1675.9274
1727.4638
1770.5233
1659.3512
1450.3375
1158.9845
894.7797
588.4011
290.5961
0.0000
-0.0000
0.0000
0.0000
-0.0000
-0.0000
0.0000
2868.7471
5352.5402
7235.0867
8047.6492
7703.7550
6660.2910
5543.5546
4492.2287
3521.9058
2716.9548
2007.1746
1411.6492
1009.0754
629.7195
333.2023
139.8270
56.7252
0.0000
0.0000
0.0000
-0.0000
0.0000
0.0000
0.0000
0.0000
1343.1494
2791.0531
3711.6623
3857.1122
3507.1467
3076.2019
2598.2723
2092.3447
1679.7869
1409.7155
1191.1376
986.6091
768.1194
503.3828
196.0284
0.0000
38.9692
38.9692
1442.6099
1529.6384
4050.7970
6750.6649
9654.4800
12176.4354
14013.1223
15434.5454
15947.4091
15477.7864
14499.5056
13390.3479
12234.2578
11064.4500
9931.1419
8799.4057
7604.0436
6343.3996
5101.9324
3884.2707
2711.3308
1594.7294
577.8924
0.0000
335.8413
1638.4488
1638.4488
3668.6897
5670.6134
5670.6134
7416.2650
8980.9124
9905.8006
9641.6633
8751.5143
7753.8638
6906.8713
6230.2177
5709.2726
5419.9134
5234.2048
5412.9437
5855.4881
6503.8280
7591.8532
8571.3557
9236.0897
9736.8079
10369.6099
10950.1653
11527.0258
12391.4697
13446.4183
14443.4002
15274.2095
16285.9466
16798.4080
16854.9078
16777.6872
16682.9624
16560.0038
16404.7676
16153.9180
15814.3671
15359.5180
14759.0795
14066.8132
13263.4155
12384.3073
11498.0869
10711.1782
10473.6806
11172.3626
12802.8347
15035.1947
17697.5750
20457.2710
23064.5706
25540.8883
27506.6861
28528.4686
28271.3831
27109.5116
25830.1424
24589.1211
23329.4586
22056.7508
20771.4758
19477.7064
18182.4177
16851.3708
15478.7018
14081.4097
12646.8182
11375.3260
10778.6220
11150.6621
12514.6704
14743.5272
16920.8186
19196.7536
21356.1871
23718.8798
25327.1576
25896.6285
25319.7814
24012.0529
22612.8071
21225.0592
19840.3559
18445.0379
17030.6551
15600.7066
14179.5863
12766.4583
11368.4698
9984.4943
8615.3193
7423.7621
6984.3659
7656.8203
9273.9243
11189.7477
12732.6936
14250.4242
15813.0679
17281.9020
18494.7178
19219.5058
18768.4854
17538.3052
16212.5567
14884.4018
13510.6326
12117.5285
10733.0862
9371.3384
8025.7672
6658.0328
5274.0856
3890.9687
2507.4929
1341.3243
1006.8367
1805.9431
3549.7008
5259.2920
7501.1369
9682.4715
11090.6052
13190.3322
14965.4383
15693.0936
15276.1636
14082.8983
12825.2396
11593.0797
10385.5022
9175.9073
7961.5816
6721.2847
5466.0675
4242.0098
3029.7401
1864.3986
794.1674
0.0000
0.0000
-0.0000
1735.0572
4722.1417
7718.0951
10005.0114
12422.6799
15067.6155
17324.6885
18569.1852
18661.2481
17852.7235
16869.4287
15890.6572
14935.2296
14008.8422
13161.7285
12372.3259
11660.5655
11023.7651
10410.1349
9846.1296
9288.8793
8907.1306
9201.1872
10868.2480
13489.3841
15644.5941
17633.9797
19108.7055
20757.9036
22781.6366
24384.1932
25790.0324
25990.1653
25360.2311
24457.6418
23507.1660
22455.8764
21331.1885
20109.4089
18852.5847
17577.0688
16278.5367
14976.7729
13648.4132
12279.8743
11177.2973
10906.7711
11985.0860
13679.9451
15413.9847
16895.3834
18527.3541
20168.5666
21442.3641
22438.6879
23290.3390
23354.2663
22520.4623
21422.9550
20326.3493
19251.0266
18180.3489
17150.8344
16098.4661
15019.4939
13900.6734
12764.4349
11636.7986
10491.2722
9540.8212
9122.5037
9407.1490
10450.3260
12253.9519
14497.2560
16357.6597
18342.9765
20813.0348
22798.2966
23816.2163
23604.1531
22505.8817
21206.7630
19914.2822
18616.7771
17291.2922
15970.3669
14670.2963
13339.4744
11975.6140
10577.2217
9158.9323
7744.1589
6596.7822
6255.9365
6965.7715
8754.5938
11255.3489
13614.4992
15676.3004
17594.5814
19584.8123
21077.1429
21765.4764
21407.7033
20317.0140
19021.2221
17712.5640
16434.6947
15182.7968
13975.5081
12790.5839
11617.0028
10457.2948
9242.1606
7980.8099
6675.7142
5521.1618
4809.5212
4782.5563
5472.4589
6906.1377
8825.3423
10916.8930
13241.6485
15579.2462
17189.5458
17875.4526
17475.0039
16363.5585
15035.0791
13686.3658
12318.8078
10959.6225
9636.4042
8419.9228
7173.2111
5880.6149
4537.8163
3133.9607
1719.0850
553.9217
0.0000
273.5645
1733.9727
0.0000
-0.0000
0.0000
-0.0000
-0.0000
0.0000
-0.0000
0.0000
0.0000
0.0000
1022.0999
2008.0330
2955.4641
3783.2784
4634.4161
4634.4161
5170.7916
5902.9879
6643.9262
7371.8706
8200.7638
9140.5673
10318.6670
11806.6101
13249.6601
14651.8928
16362.5630
17839.7266
19398.1783
20799.7176
21669.7292
22028.8147
22028.0965
21838.8390
21602.5683
21348.8558
21170.3361
20897.4917
20512.0331
20051.2847
19526.8354
18948.1901
18323.6588
17554.9200
16805.4195
16336.8025
16251.1923
16599.0626
17574.7888
18084.0346
19050.9506
20182.8564
21310.7622
22762.0071
23672.4487
23340.0534
22102.6243
20636.9818
19175.3553
17750.1455
16479.9093
15511.7056
14793.5966
14143.5964
13603.6587
13177.5741
12835.7489
12602.0221
12727.8039
13697.7701
15334.4890
17342.2828
19141.3621
20185.4815
20920.1431
21040.9117
21230.9358
21856.6701
22235.6079
22206.5893
21910.9631
21550.5190
21257.7745
20860.8611
20235.8247
19444.3359
18578.4705
17648.6259
16591.2970
15395.1903
14120.4381
12822.6822
11648.9039
10652.6217
9903.5357
9299.8750
9096.9788
9145.0406
9781.6416
10966.1610
12578.7488
13873.2769
14461.4910
14076.1914
12847.4624
11376.8109
9937.6950
8557.9366
7298.6152
6162.0091
5080.5365
4034.1366
3023.1805
2056.0860
1163.2665
365.2696
0.0000
-0.0000
-0.0000
0.0000
-0.0000
2093.0418
5449.9642
9608.9116
13582.2442
16537.0288
18405.2379
19843.0670
20315.5400
20505.2293
20656.8946
20814.9226
20885.3064
20788.3030
20469.0750
19948.5726
19268.3098
18460.0266
17559.9376
16598.1849
15653.7042
15021.9170
14912.2164
15771.7451
17518.3176
19840.9822
22235.5467
24572.7307
26578.2150
27989.9338
28528.4686
28034.9182
26841.0848
25432.3402
24018.9400
22662.2525
21400.4060
20694.1289
20012.1561
19820.1017
19611.5446
19423.5671
18713.4356
18067.9662
17061.8541
16285.5254
15845.2553
15770.6222
16020.1735
17263.2996
18201.3802
19691.8240
21140.0049
21848.3934
22305.1461
22040.3698
21505.2380
20722.6160
19889.5559
19458.2009
18942.1482
18407.1421
18369.5826
18314.8057
18287.3965
18304.8181
18347.5796
18454.1697
18180.7235
18124.8047
18340.2792
18850.1542
20184.6162
21723.1709
23186.9497
24640.1980
26225.8056
27766.4692
28528.4686
28528.4686
27645.1245
26541.8480
25455.8489
24943.3832
24912.5374
24817.3770
24690.9048
24541.1222
24313.3303
24057.3331
23756.4543
23451.6615
23277.2761
23290.5252
23492.9583
23827.1243
24281.8550
24708.4046
25160.5356
25590.3624
25940.2244
26351.8702
26833.6838
26771.8461
26681.5724
26123.6703
25544.7703
25389.7507
25645.8057
25348.8602
25520.0782
25090.6546
25100.9694
24623.9763
24173.4735
23756.6289
23904.3033
24174.5774
24614.7473
25163.4423
25834.4877
26435.7682
26989.4557
27484.4093
27789.0240
27977.4695
28052.0091
27470.5135
26240.5537
24936.5704
23611.7632
22293.8420
21474.0306
20627.3209
20281.9457
19906.1742
19522.6930
19140.1747
18760.7045
18475.6150
18321.0452
18351.4419
18583.2841
19047.2477
19560.2760
20103.3566
20716.1517
21275.4775
21785.3629
22162.3648
22403.8746
21863.6778
20568.3407
19135.3636
17679.4022
16226.3730
15278.9043
14837.9910
14393.9681
13938.1981
13489.8764
13042.7925
12583.8128
11165.0392
9922.5465
8992.8521
8383.7099
9086.2894
9949.6798
10973.0174
12063.6689
13119.2412
14251.7081
15155.5814
15149.8253
14321.9203
13144.0827
11752.1732
10315.1432
8882.9040
7955.0659
7035.7845
6113.0856
5680.9847
5233.3467
4275.5833
3319.0435
1927.3249
752.3567
0.0000
304.6303
1574.3387
3075.2297
4367.1016
5878.1811
7431.1008
9060.9282
9922.5394
10453.3128
9950.0727
8875.7283
7518.6042
6165.6903
5346.7194
4671.3893
4303.7575
3936.2265
3558.0261
3147.9804
2724.7589
2283.5998
1447.6865
453.2644
0.0000
239.9368
1271.8328
3044.3871
5518.5218
8131.5185
10703.8611
13128.7499
14712.3394
15741.4773
15770.1444
14911.9659
13712.6418
12476.8341
11246.6994
9997.9152
8730.4772
7409.3387
6373.6074
4990.3851
3587.6472
2195.5767
946.9567
107.7749
0.0000
-0.0000
1755.7348
3876.7863
3876.7863
6784.5650
9507.7712
12166.8784
14286.0541
15520.3359
15798.2961
15044.6518
13841.1649
12547.5346
11256.3084
9995.8066
8727.1584
7426.3897
6105.4573
4757.3657
3375.5036
1989.3083
751.8405
0.0000
214.1745
1535.4958
2595.6154
4977.2807
6975.5096
8737.7922
10124.5257
11393.9161
12716.7727
13800.4837
13839.5536
12912.0553
11592.7809
10255.4226
8967.2203
7705.9367
6465.6668
5299.8476
4243.5984
3263.9072
2310.6733
1374.8821
510.3416
0.0000
-0.0000
1215.4756
2396.7226
3646.1436
4938.0712
6777.0536
8555.5407
10177.5039
11530.3879
12280.1657
12645.8434
12099.7913
11079.6860
9965.3502
8822.5747
7663.4691
6501.9614
5329.0964
4190.2178
3111.3998
2083.5811
1108.4385
308.1996
0.0000
533.5040
533.5040
0.0000
-0.0000
1919.3150
1919.3150
3797.8733
4743.2214
4743.2214
6656.5715
7521.4551
7392.5658
6786.3622
6135.8599
5567.4433
4992.3556
4406.8430
3775.3505
3099.1174
2387.4338
1687.8026
967.0182
321.0720
0.0000
-0.0000
0.0000
0.0000
-0.0000
2522.7155
2522.7155
4917.0694
7656.9749
10005.2373
11772.4885
12329.2517
11926.3641
11090.3342
10140.4504
9183.7050
8259.6500
7323.8145
6295.5469
5209.8566
4074.5780
2910.5002
1754.3392
724.4793
36.7639
0.0000
997.0333
757.5298
3237.1208
5247.4338
7307.7409
9071.1917
11524.8642
14095.2486
15628.8623
15941.5429
15229.0907
14032.7035
12735.0572
11449.0973
10129.5837
8784.6601
7428.8297
6061.5697
4683.0283
3300.0822
1938.8632
747.9507
0.0000
-0.0000
0.0000
0.0000
2442.4086
5192.4128
7974.3604
7974.3604
8489.0226
9838.8480
11380.0076
11693.2343
10922.4577
9847.4074
8817.6019
7880.8381
6989.4768
6139.0801
5349.2637
4521.7966
3496.4468
2394.5984
1347.2803
565.6620
0.0000
0.0000
-0.0000
0.0000
-0.0000
-0.0000
0.0000
-0.0000
0.0000
1694.6378
1694.6378
3204.9670
3681.3784
3610.8888
3358.0792
3090.1107
2904.0141
2646.6298
2345.5614
2005.8375
1621.3309
1159.0118
624.0451
88.8501
0.0000
446.4954
779.9395
2186.5075
3509.4254
4560.7710
5428.8015
6291.7826
7106.3278
7810.0861
8011.4909
8002.6376
7609.0967
6862.1141
5935.8265
5036.6435
4097.6562
3241.0120
2477.0723
1787.6711
1185.5344
639.0726
264.8484
0.0000
0.0000
0.0000
-0.0000
0.0000
433.5194
433.5194
2623.4052
4632.2092
6850.0394
9286.6623
11092.6691
11947.6193
11779.5223
10919.1636
9917.7554
8912.5524
7830.4095
6734.1494
5660.0075
4624.0382
3592.7106
2558.7449
1466.6922
489.7763
0.0000
546.1043
2062.4052
4333.1985
4333.1985
4333.1985
4333.1985
642.1638
642.1638
3848.9039
3848.9039
3848.9039
4315.7165
4219.5818
3962.4308
3708.3812
3459.1576
3161.7784
2769.0154
2297.9603
1781.5984
1241.7614
626.1180
64.2417
0.0000
0.0000
0.0000
0.0000
3118.0377
6247.3085
6247.3085
9494.9098
12656.7051
13988.4381
15602.3816
16089.0408
15526.3862
14422.3331
13158.3901
11826.1172
10458.1749
9067.8509
7636.3123
6185.6782
4730.3433
3274.0633
1838.3628
601.4380
0.0000
445.0767
1891.2766
4216.7007
6007.6211
6007.6211
8698.7648
11352.7227
13781.3324
15769.2389
16904.3989
17090.7582
16327.5133
15087.9004
13700.7715
12264.6916
10806.2513
9336.0954
7868.4961
6397.3007
4914.3364
3428.6371
1967.4826
707.8607
0.0000
308.6549
1761.9553
4147.6774
6845.1768
6845.1768
9307.7910
10084.4259
12318.3693
14225.5245
14225.5245
14302.6244
13573.4927
12331.7649
10962.0101
9605.4902
8284.4013
6986.6656
5710.4764
4481.3689
3292.2555
2149.7623
1088.6099
287.6612
0.0000
-0.0000
371.4725
2260.4234
3915.6350
5445.5846
7057.3161
8647.0244
10533.6514
12413.9826
13926.2287
14626.4769
14568.1800
13929.3375
12992.4255
11979.9951
10971.3024
9982.3667
8951.5728
7876.7751
6752.2603
5572.0323
4386.6915
3410.8162
2834.5118
2917.4112
3803.4184
5267.0983
7043.7043
9190.3565
11148.9622
12791.4248
14219.8810
15106.6775
15986.5997
16027.0347
15225.9623
13971.5286
12579.9595
11191.4504
9800.9615
8414.7532
7041.6173
5679.4447
4346.0739
3034.1096
1773.5592
685.6087
5.2686
0.0000
727.1476
2103.3480
2255.0028
4181.6365
5996.2185
7560.2525
9286.2160
10384.6595
11460.4561
11913.3685
11404.2492
10422.6735
9391.0164
8379.1500
7337.5856
6262.9490
5193.9865
4176.5338
3221.2426
2210.0424
1160.3451
283.6660
0.0000
0.0000
-0.0000
0.0000
2810.8925
5298.8329
5878.5198
8471.8098
10722.7106
12983.3691
14487.8861
14903.7639
14232.8566
12996.4272
11624.4878
10243.3245
8857.6084
7467.3113
6081.6606
4733.5736
3431.0781
2190.1165
1037.0398
155.6276
0.0000
1019.9882
-0.0000
0.0000
-0.0000
-0.0000
0.0000
1527.7392
3824.0969
3824.0969
6191.5407
7423.9167
7594.9431
7175.8994
6507.7918
5830.9439
5187.0742
4492.8248
3796.5044
3087.8327
2293.8220
1450.0249
614.5470
0.0000
0.0000
0.0000
0.0000
-0.0000
-0.0000
-0.0000
1465.6687
2895.6123
4819.1147
4819.1147
5786.3971
6005.6460
5611.9651
4899.0100
4080.2103
3317.1807
2616.3832
1969.2299
1503.0694
1179.4361
886.2246
550.5936
214.8029
0.0000
0.0000
-0.0000
-0.0000
0.0000
-0.0000
-0.0000
0.0000
2135.6976
4600.3817
7386.1716
8003.9535
9570.3741
9863.8126
9266.9590
8336.4580
7362.3969
6377.3393
5393.1366
4431.0470
3405.1736
2327.3008
1298.9858
466.9263
0.0000
0.0000
0.0000
-0.0000
0.0000
-0.0000
0.0000
0.0000
194.5285
3031.8921
3031.8921
5470.7579
6738.8379
6770.2226
6076.3608
5208.7951
4467.0184
3794.1745
3176.5506
2661.5702
2147.7500
1568.8297
974.1236
403.7491
0.0000
0.0000
-0.0000
0.0000
0.0000
905.1491
2812.3347
4655.7202
6089.9502
7546.0188
9121.2739
10805.5996
11755.0116
11829.1527
11144.2574
10104.2870
8970.6003
7766.8847
6539.8594
5409.1585
4313.2822
3178.9257
2050.7871
938.3186
102.2167
0.0000
0.0000
0.0000
0.0000
2500.1343
4534.4675
5861.0651
7017.3556
7985.9667
9591.1858
10902.1969
11305.2825
10907.5234
10024.7207
8949.6203
7853.8489
6755.8458
5688.8791
4697.5764
3773.4986
2850.7323
1878.9130
894.1801
174.3807
0.0000
731.1237
-0.0000
-0.0000
-0.0000
-0.0000
0.0000
1019.1668
4097.1209
6686.9404
8551.2629
9412.0431
9199.7571
8346.6542
7291.4499
6281.0478
5359.7616
4454.2952
3587.4293
2761.8304
1969.3394
1201.9963
477.3310
0.0000
0.0000
0.0000
0.0000
-0.0000
-0.0000
0.0000
-0.0000
-0.0000
0.0000
1078.8026
3084.3986
3962.9233
3923.6028
3487.5973
2946.0541
2447.8224
1987.5609
1589.3799
1237.1087
899.8078
586.9433
277.9990
16.2739
0.0000
0.0000
-0.0000
-0.0000
0.0000
0.0000
0.0000
0.0000
-0.0000
-0.0000
-0.0000
-0.0000
0.0000
32.2001
187.3909
267.1863
143.9036
0.0000
0.0000
0.0000
168.8427
436.2944
801.1130
801.1130
801.1130
-0.0000
-0.0000
-0.0000
0.0000
0.0000
321.3675
3257.2208
5752.6816
7986.4819
9800.7697
10803.4948
11326.4591
11235.9351
10656.3259
9777.5282
8787.9498
7727.5798
6593.8781
5470.5972
4379.8722
3255.8816
2087.4946
1027.9714
204.2901
0.0000
-0.0000
0.0000
2161.6635
4586.0589
4856.5451
4856.5451
6655.5042
8315.6780
9813.7048
10937.4312
11301.1019
11072.4423
10262.2240
9240.3980
8189.7208
7118.7353
6097.7921
5057.1768
4082.7474
3097.8947
2083.1695
1110.7910
352.2689
0.0000
-0.0000
-0.0000
0.0000
1512.2650
3187.0997
3187.0997
4254.0692
6112.8208
7934.1178
8604.2459
8651.6797
8037.6496
7096.8932
6179.8171
5526.2911
5056.9728
4690.4666
4298.2886
3920.0721
3391.3913
2739.9197
1993.5539
1763.8165
1586.6542
1494.0315
1489.2073
1610.7630
1852.6536
2360.6484
2931.2552
3434.3664
3939.8389
4734.7836
5643.0371
5921.5564
6084.3552
5958.2150
5632.6290
5097.1983
4511.7752
3901.2878
3272.5030
2608.9661
1855.4414
1093.7095
410.9526
0.0000
0.0000
0.0000
-0.0000
0.0000
-0.0000
0.0000
-0.0000
-0.0000
2472.2441
2472.2441
4217.9576
5552.9332
6071.0504
5853.4789
5193.1051
4397.5677
3635.3228
2882.6863
2097.4439
1380.6322
774.7402
296.5220
0.0000
0.0000
-0.0000
0.0000
0.0000
0.0000
0.0000
-0.0000
2157.4919
5351.7697
8498.4646
11410.1235
13595.4789
14753.9293
14854.2554
14201.7707
13119.8764
11918.7347
10638.7901
9327.9278
7974.0291
6599.5369
5206.0533
3776.0996
2372.7607
1152.8629
312.7658
0.0000
168.2194
685.6291
1615.0910
2690.1766
3899.5189
5275.0085
5837.4132
7213.3591
8505.8037
9147.3126
9092.2358
8368.1684
7361.1660
6431.6611
5631.5776
4858.1252
4142.5386
3420.8421
2565.2389
1638.1119
748.6196
0.0000
-0.0000
0.0000
1999.7927
-0.0000
0.0000
1742.0223
1742.0223
1742.0223
2649.0821
2649.0821
2649.0821
2563.9041
2257.3171
1836.9674
1594.0852
1472.5393
1269.7181
1123.3829
971.6719
799.3500
618.1611
352.4263
98.7356
0.0000
0.0000
-0.0000
-0.0000
-0.0000
1846.0593
2764.1456
3801.1385
4979.5465
6300.8237
7687.4490
8484.1354
8852.3678
8821.1447
8465.3880
7921.5794
7309.1749
6663.9387
5943.4540
5187.6842
4392.1499
3536.5189
2611.3286
1708.7120
1001.0904
728.7355
1149.1311
2076.9387
4045.9404
5828.6817
7480.8941
9253.2536
10425.9689
12068.1930
13726.2492
14841.3360
14971.1183
14250.1675
13031.5536
11588.7818
10127.2388
8761.3940
7522.5788
6372.1935
5352.8096
4432.7225
3564.5581
2735.9725
2018.3398
1561.2248
1475.5879
2020.9487
2338.6993
2926.3283
3779.6542
4719.9085
6050.2210
7048.5095
7329.2199
7760.1870
7779.3812
7736.3619
7421.9141
6776.3263
6010.4251
5205.2527
4323.0140
3482.9763
2732.5947
1970.0128
1181.7073
460.4716
0.0000
0.0000
-0.0000
-0.0000
0.0000
-0.0000
-0.0000
0.0000
888.4545
3719.0901
6448.0377
8706.9913
10165.0668
10551.3501
10114.5307
9265.3356
8268.8101
7210.0321
6125.5690
5024.9110
3894.8347
2767.0005
1654.2470
682.6977
0.0000
86.9541
0.0000
-0.0000
-0.0000
0.0000
-0.0000
-0.0000
0.0000
254.7072
254.7072
2088.2398
3172.6870
3598.8279
3585.3518
3332.4353
3015.4707
2630.9038
2239.8030
1863.0282
1501.0917
1128.6713
664.2130
267.8108
0.0000
0.0000
0.0000
-0.0000
-0.0000
-0.0000
2153.9013
2153.9013
3474.2775
5409.1322
7201.3640
8338.4989
8922.4452
9044.7781
8725.1625
7999.7214
7117.3279
6210.7223
5240.0011
4239.8173
3169.6605
2126.0430
1203.1278
466.4472
0.0000
0.0000
0.0000
1537.5020
1537.5020
3228.7358
6204.2024
8642.9342
10311.3020
11712.0889
12607.6868
13109.3188
13104.0155
12610.0535
11754.2667
10768.9641
9740.0677
8647.4210
7540.2990
6490.6538
5420.5421
4306.3469
3178.9236
2128.0115
1239.2206
526.4233
95.1235
0.0000
0.0000
0.0000
-0.0000
0.0000
2579.3215
3511.5243
6447.5834
9155.1502
10572.6058
10990.2346
10979.0570
10583.8561
10049.0649
9542.2304
9071.6001
8515.1339
7858.8265
7108.2846
6246.9257
5369.8508
4647.4411
4480.8260
5199.5281
6561.3723
8373.0373
10554.7589
12779.6931
14598.8292
16045.0951
17236.6088
17903.6405
17717.1036
17119.3960
16178.8051
14926.8531
13502.2155
12042.4200
10605.8775
9181.0350
7751.0494
6322.3028
4878.8399
3427.2075
2025.8931
853.9350
0.0000
16.8566
115.2989
385.3442
596.9133
1406.9399
2702.6909
2702.6909
2702.6909
-0.0000
0.0000
0.0000
210.5072
435.7604
394.3396
338.6550
318.0547
295.6077
251.9992
163.2681
73.4755
0.0000
41.0168
41.0168
41.0168
0.0000
-0.0000
-0.0000
2736.0964
5086.4924
6441.9886
8795.6410
11291.5478
13473.0750
15066.8162
16076.5564
16188.5340
15601.5704
14664.9734
13640.1660
12608.4928
11572.4938
10457.6758
9292.9958
8110.5341
6948.6576
5876.8796
4957.1930
4232.0991
3718.6421
3492.4367
3449.8724
3530.5592
3619.0294
3739.0947
3859.2783
3869.7395
3803.5953
3714.4817
3638.0429
3503.4811
3125.7801
2611.3993
2043.9839
1568.8752
1208.9578
863.5341
577.5891
378.4063
188.2103
0.0000
-0.0000
0.0000
-0.0000
-0.0000
0.0000
0.0000
-0.0000
2460.4260
2460.4260
5178.7639
8314.6477
10998.3076
12549.0666
12804.0816
12137.6219
11079.4538
9911.5891
8762.1851
7622.2813
6462.0715
5239.7241
3934.6155
2570.1775
1263.4705
255.6534
0.0000
878.9763
2805.3986
5175.2141
6261.0804
8548.1026
11288.5976
11288.5976
4156.4805
5982.8319
5982.8319
5982.8319
6111.0207
5522.2953
4668.2269
3880.0432
3231.1963
2634.5133
2037.2311
1472.1210
970.4215
493.4936
94.3443
0.0000
0.0000
-0.0000
0.0000
0.0000
-0.0000
0.0000
-0.0000
-0.0000
0.0000
3325.3028
4284.8437
5992.1881
6476.5240
6152.9459
5494.7124
4777.6735
4031.6731
3291.8079
2620.0452
1967.3012
1336.3672
725.1272
210.8569
0.0000
-0.0000
0.0000
0.0000
318.1152
318.1152
318.1152
3052.9445
5570.7057
7708.8052
10668.4223
13158.9859
14740.9496
15111.9057
14725.9275
14089.7077
13378.2732
12560.8893
11606.0042
10582.6156
9498.6732
8351.7178
7164.6088
6008.8513
4934.8177
4191.4353
3924.6737
3947.4912
4615.7072
5768.5479
6762.2829
7282.7970
7890.6496
8526.6714
9183.0937
9385.4161
9176.1660
8623.6307
7750.7851
6762.5457
5760.7023
4758.5508
3783.0453
2925.0150
2158.6893
1414.5029
766.8101
226.4441
0.0000
0.0000
0.0000
-0.0000
-0.0000
0.0000
0.0000
0.0000
1214.9358
4764.9317
4764.9317
4764.9317
6484.7529
7207.7742
7278.7558
6949.3157
6327.7591
5573.9517
4778.9213
3950.5567
3084.4640
2192.0449
1307.5943
524.0283
0.0000
0.0000
0.0000
-0.0000
0.0000
-0.0000
-0.0000
0.0000
-0.0000
2182.9713
2182.9713
4517.3021
5716.4021
5943.4085
5579.8821
4948.9976
4322.3832
3809.1662
3356.6021
2860.3413
2349.5250
1781.4886
1126.9604
490.0245
0.0000
0.0000
0.0000
0.0000
-0.0000
-0.0000
0.0000
-0.0000
0.0000
-0.0000
-0.0000
0.0000
0.0000
970.2538
1284.7146
1136.3477
826.2939
568.5657
399.6670
266.3846
139.0369
57.7476
0.0000
157.5900
157.5900
-0.0000
-0.0000
-0.0000
0.0000
-0.0000
0.0000
-0.0000
1383.9110
1383.9110
3553.1578
3553.1578
5580.4605
6510.6507
6722.6141
6448.8751
5944.2822
5362.4186
4712.2206
4036.2824
3262.9669
2422.5592
1497.0170
628.9572
0.0000
-0.0000
0.0000
2157.2742
2157.2742
0.0000
-0.0000
2738.4234
5514.6426
5514.6426
6848.8810
8969.8716
10095.6034
10058.1460
9257.7187
8141.2793
6963.3503
5833.8106
4777.1448
3799.2014
2883.8060
2019.3824
1193.4790
467.0392
0.0000
-0.0000
0.0000
-0.0000
-0.0000
-0.0000
1772.1767
3891.1068
5987.4886
8162.8899
10961.0303
13194.2282
14338.3566
14418.9534
13747.8171
12736.7863
11618.5955
10436.4600
9155.6465
7789.4936
6398.6039
5007.7342
3692.0109
2599.5634
1863.7790
1694.0935
2552.7672
3906.5043
4818.1374
6288.6314
7285.2024
8129.0096
8631.3162
8996.2852
9553.8165
9983.6069
10365.6018
10314.4511
9872.2290
8973.2701
7858.3355
6743.5995
5638.3008
4573.9569
3523.5526
2598.4303
1691.1856
867.5998
252.7058
0.0000
0.0000
0.0000
0.0000
0.0000
-0.0000
0.0000
0.0000
0.0000
-0.0000
-0.0000
-0.0000
0.0000
0.0000
0.0000
575.4532
1191.4470
-0.0000
0.0000
633.5268
1238.4616
1797.0843
1797.0843
-0.0000
-0.0000
0.0000
-0.0000
0.0000
-0.0000
0.0000
1398.4079
1398.4079
3003.0063
4213.0828
4930.5834
5398.5606
5307.9172
4856.1203
4239.5708
3520.5697
2856.0209
2236.2789
1693.7083
1150.8719
637.0503
244.2828
0.0000
0.0000
-0.0000
0.0000
0.0000
0.0000
0.0000
3531.4659
7074.5755
7446.1837
10959.8825
14060.2982
16278.9084
17715.0076
18033.7360
17463.8484
16429.1113
15262.9642
14059.0772
12830.2237
11592.2487
10310.9695
8994.4091
7748.3654
6572.8623
5708.8472
5386.0064
5707.7195
6732.6564
8387.2768
10336.6630
11937.1441
13006.9034
13350.1931
12925.2951
12173.6590
11172.8960
10094.7327
8935.0899
7657.4689
6313.0765
5038.2648
3896.2459
2887.8397
2079.5000
1440.7191
897.6127
445.7241
82.6269
0.0000
0.0000
-0.0000
-0.0000
0.0000
0.0000
0.0000
0.0000
0.0000
0.0000
0.0000
2527.6436
4663.4306
5637.2730
5718.4909
5313.8906
4731.0907
4116.4881
3505.3764
2825.3588
2096.9022
1368.9791
709.0674
248.9676
0.0000
-0.0000
-0.0000
0.0000
-0.0000
-0.0000
-0.0000
-0.0000
-0.0000
497.1262
1468.3185
1468.3185
1733.4589
1882.1799
1985.6643
1962.2303
1902.0791
1744.0364
1568.7957
1385.4930
1137.2709
877.8492
616.2348
239.6508
0.0000
-0.0000
0.0000
0.0000
-0.0000
-0.0000
0.0000
-0.0000
-0.0000
0.0000
-0.0000
0.0000
-0.0000
1328.2153
2199.0578
2646.9851
2808.2198
2829.8960
2736.0110
2450.9139
2084.4703
1608.0322
1033.2598
437.3176
0.0000
0.0000
0.0000
0.0000
0.0000
0.0000
0.0000
2045.1376
5309.2247
8443.9749
11077.2056
12834.5448
13513.8505
13099.4412
11973.7148
10568.8412
9083.1360
7596.8875
6136.3502
4730.8686
3410.7652
2245.1153
1261.0384
516.3497
0.0000
-0.0000
-0.0000
0.0000
-0.0000
-0.0000
-0.0000
2653.4671
5843.0954
8789.4160
11153.4069
12755.7786
13408.4995
13063.1143
12039.1762
10764.3830
9472.0561
8274.8477
7095.5896
5922.4905
4782.7019
3670.4270
2490.2498
1381.5617
449.8266
0.0000
227.4083
227.4083
408.6502
2232.1986
4039.0643
5371.1494
6758.7156
8222.4087
9158.1294
9129.5920
8530.4837
7668.1228
6524.4835
5222.9805
4102.1578
3069.6020
1912.5180
993.3197
386.0761
21.1758
0.0000
-0.0000
-0.0000
-0.0000
-0.0000
0.0000
-0.0000
-0.0000
0.0000
-0.0000
-0.0000
3394.5675
3394.5675
4271.5524
6492.0041
7778.6146
8047.6342
7681.7476
7034.7241
6254.7148
5423.5527
4540.5653
3623.5460
2647.8228
1683.0755
733.6164
32.4031
0.0000
261.4406
1966.0295
4344.9253
6770.0234
8701.7568
10200.0370
11762.8357
13000.3312
13855.0370
14750.6736
15278.2119
15277.4093
14993.6661
14417.5602
13709.5780
13047.2596
12500.5748
12078.5687
11833.5794
11612.7988
11403.8604
11288.9430
11391.3732
11719.7930
12222.1852
12485.3125
13368.3625
14474.5177
15503.3727
16433.0947
17400.5460
18301.0939
19188.6982
19766.7914
20488.7633
20992.2374
21199.8493
21075.9543
20715.1905
20179.0536
19461.2400
18546.3898
17609.1836
16617.9060
15573.9411
14579.4119
13705.9082
13174.2062
13120.9949
13628.7667
14887.2659
16393.1224
18096.6808
20070.8749
22404.8852
24179.0069
25333.0681
26051.1010
25972.3545
25313.2331
24232.7440
22941.8592
21573.3982
20194.4776
18818.8054
17448.4821
16100.7934
14728.7685
13353.7218
12038.5258
10893.0257
10109.9504
9900.0711
10335.8385
11226.8386
12323.6683
13616.3955
15244.8245
17017.2926
18647.9767
19964.1765
20712.9760
20889.0052
20456.1208
19614.2280
18531.6753
17394.0288
16246.4096
15036.0660
13784.6287
12499.3812
11203.2734
9916.0476
8717.6853
7730.9458
7219.2467
7221.7987
7872.1841
9109.8536
10672.0283
12418.3853
14173.3376
15887.3531
17566.0513
19048.7598
20105.4871
20543.8591
20333.6736
19530.5963
18476.7571
17375.8969
16270.3598
15160.7905
14060.7287
12918.2443
11729.3816
10502.9585
9327.6816
8307.4069
7581.2168
7249.4935
7583.1379
8477.5112
9715.2402
11167.3918
12697.0739
14429.7617
16276.2682
17488.0069
18067.3140
18141.2699
17720.8994
16866.6319
15744.6789
14556.7975
13384.3342
12245.7179
11084.3295
9888.9851
8640.5260
7363.0226
6098.7852
5028.1455
4415.9656
4479.9034
5251.3415
6426.3866
7715.5804
9193.0796
10768.5823
12274.0894
13709.0559
14999.5169
15845.6344
16094.9598
15563.3766
14487.2048
13180.9436
11832.2709
10472.4340
9108.4820
7728.4635
6341.2602
4953.1687
3575.4731
2248.5660
1075.9473
255.3835
0.0000
579.7551
2582.7595
5289.9044
8274.1698
11217.6581
14044.4432
16729.0014
18951.9978
20341.7406
20965.9182
20728.5173
19895.0758
18856.4569
17785.9602
16766.3661
15864.2826
15057.6514
14346.5500
13724.5619
13161.9393
12737.3653
12460.4561
12633.9410
13666.6648
15070.3048
16657.4935
17654.4412
18983.5490
20334.9808
22204.8400
24120.9296
25685.8171
26799.9921
27367.3548
27200.7794
26530.3865
25582.9265
24587.2050
23642.9714
22646.1868
21584.9917
20526.8898
19459.9174
18421.4298
17515.2305
16837.3943
16629.5818
17047.1777
17789.7617
18659.7975
20030.2812
21389.3407
22753.8487
24399.0568
26035.2197
27247.1166
28119.5287
28528.4686
28184.4759
27335.4601
26303.0730
25204.5024
24149.2540
23083.1446
21965.7233
20847.7308
19733.9745
18563.3662
17406.1998
16403.2809
15814.0623
15839.7927
16361.7427
17518.3307
19355.1383
21239.7461
23305.5560
25239.6179
27046.2360
28116.8359
28528.4686
28284.6202
27548.9182
26341.5489
24939.4423
23477.8730
22018.5679
20568.2169
19104.3491
17635.2807
16149.3974
14666.5708
13250.5586
12068.8383
11247.3508
11113.2399
11355.4596
12176.4019
13315.6225
14511.4339
15851.3748
16798.8185
17662.9566
18504.6375
18304.8718
17986.3213
17396.9676
16561.5807
15514.9831
14397.3873
13292.6802
12215.6876
11121.2434
10002.4037
9337.7407
8573.0707
7365.0748
6245.1417
5319.1315
4784.1282
4598.7627
4803.6816
5228.5738
6629.3571
8431.6026
10626.6532
12937.7449
14412.2005
14726.1312
14346.3796
13507.8652
12380.4155
11081.4444
9802.5815
8580.3857
7374.7271
6133.9234
4909.8837
3728.2117
2592.1927
1516.1531
589.5360
0.0000
50.1076
701.9422
2105.0723
4317.2493
6635.7171
9608.8576
13044.7310
15714.1437
17694.1226
18790.3062
18979.0686
18303.6668
17123.0989
15728.2900
14275.2859
12811.7266
11347.3504
9880.4729
8413.5193
6948.5191
5484.3253
4075.6266
2909.2726
2324.3811
2391.2764
3207.6630
4751.3967
7067.4037
9430.9031
11775.0384
13857.9336
15783.8249
17160.4546
17704.0135
17468.8338
16729.4508
15575.4299
14161.1707
12679.7850
11192.0510
9702.4781
8208.0213
6711.9096
5215.3128
3717.6098
2257.2030
1003.1376
197.9536
0.0000
864.6270
3115.3810
5743.8960
8212.7642
10663.1965
13201.4435
15950.0307
17679.5275
18775.5364
19011.0289
18443.3830
17331.7830
16074.5209
14877.1543
13754.9539
12664.9304
11603.5730
10592.4278
9583.7780
8562.0633
7582.8055
6790.6050
6452.8487
6905.2829
8091.2083
10948.6900
13725.9704
16704.7826
19512.7490
22538.9955
25306.1521
27113.3265
28175.6554
28528.4686
28016.4705
27151.8023
26191.7426
25305.4863
24507.3145
23756.1560
23621.8228
23619.7130
24176.3986
24596.9575
24374.5119
23650.7075
23013.1211
22637.9010
22435.3067
22288.2252
22267.2493
22190.8257
22573.4333
22416.7054
21992.6970
21367.5570
20558.7457
19585.1427
18423.3070
17065.9402
15616.9875
14149.8136
12702.8742
11269.0187
9862.7031
8465.3702
7549.2414
6618.6501
5175.1885
3782.9258
2533.0139
1471.5230
565.3072
373.7910
897.5399
1681.4372
2601.5036
3474.1390
4498.1831
5340.6655
5721.6198
5395.1639
4923.4294
4352.7169
3725.4851
3201.0950
2655.7056
3067.7796
3437.7027
3724.1535
3882.9646
3916.4258
3888.3295
3424.8896
2741.1268
2428.2597
3011.4414
4389.4437
6383.8433
8789.7450
11284.4629
13712.4626
15933.9563
17899.7689
18958.8184
18976.5331
18346.0770
17242.1981
15925.5028
14620.2825
13346.1444
12108.8833
10809.9338
9451.7349
8070.1017
6686.8239
5333.4246
4132.7312
3299.8878
3066.1751
3373.9802
4346.9878
6072.0027
8158.0724
10641.9113
12411.1238
13964.9127
14982.4850
15534.6744
15741.2559
15172.2668
14108.7451
12803.0762
11507.1466
10258.3767
9028.5188
7753.4364
6468.2851
5276.6734
4140.2249
2964.0033
1913.0862
1135.7696
686.5113
593.8052
823.3477
1352.3100
2102.8559
3542.9953
5219.8140
6883.2071
8459.0114
9582.1689
9739.1848
9495.3634
8875.7976
8060.4561
7229.8970
6386.8761
5558.1261
4735.4154
3859.7485
2942.1586
2032.0925
1173.0751
426.6888
0.0000
69.3775
712.3233
1949.7517
3862.4721
6364.7297
8949.3079
10903.5437
12584.5262
13960.2475
14584.5457
14549.7988
13869.3956
12772.8068
11510.0878
10226.1092
8976.1759
7747.7626
6505.7529
5260.6733
4008.8427
2762.1586
1535.8366
518.4117
0.0000
-0.0000
0.0000
-0.0000
-0.0000
0.0000
1763.3008
3427.8266
5491.8998
7476.1075
8947.8771
9779.2126
9710.4097
8998.6921
7978.0392
6931.3099
5961.6307
5055.3599
4145.0503
3215.1136
2297.9150
1443.3402
647.5904
36.9682
0.0000
0.0000
-0.0000
-0.0000
-0.0000
0.0000
0.0000
0.0000
0.0000
0.0000
1595.9923
3526.9359
4327.7887
4265.3392
3823.3568
3310.6008
2817.3911
2342.5949
1888.8140
1393.9086
900.7344
466.7856
128.5946
0.0000
531.3685
2393.5656
2393.5656
5467.5301
8762.7739
12045.7633
15068.4804
18554.0914
21352.4554
23878.4865
25935.8142
27160.7410
27401.8236
26922.7965
26151.8112
25279.1949
24318.2298
23326.6679
22318.1787
21325.4596
20327.6726
19371.3467
18395.5761
17445.0878
16742.5014
16514.7634
17056.1656
18328.5048
19922.3651
21702.4186
23458.7571
25045.8532
26490.4961
27665.9119
28371.0710
28528.4686
28131.9698
27278.5976
26162.5014
25016.5985
23877.9131
23252.5987
22635.7275
21991.6890
20855.5997
19642.3187
18396.3951
17259.1950
16505.5749
16419.6627
17071.6679
18308.1108
19800.6732
21463.3584
23546.7805
25870.9276
27430.2095
28140.3977
28528.4686
28388.5241
27624.9544
26455.2387
25103.9839
23726.7480
22346.1281
20958.0154
19562.3110
18159.1958
16749.8669
15350.7367
13959.0492
12772.1046
11930.9500
11761.2474
12053.0880
12880.3504
14170.1633
15603.3414
17507.5202
19471.4443
21479.0676
22308.3216
22673.5531
22516.9039
21719.8261
20501.7065
19102.2578
17664.8870
16225.5977
14798.9052
13389.6211
11995.2288
10590.4918
9176.0031
7762.3508
6518.2555
5600.1200
5143.9543
5641.1944
7056.8263
8590.6360
10097.0984
11218.4429
12274.2771
13199.2913
14145.9376
14436.0788
13824.5588
12707.7042
11380.6938
10007.3676
8689.4570
7462.9516
6266.5925
5158.7604
4174.3256
3722.9497
3297.0124
2911.4319
3186.7913
3720.7569
4486.3590
5264.3592
6027.7650
7036.3045
8234.4252
9361.0478
10337.5232
11283.0172
12164.0696
13031.1096
12666.8892
11956.6642
11084.0274
10153.2234
9119.6336
7966.4286
6770.9664
5659.3509
5062.1865
3949.9402
2823.3801
1689.3189
658.6200
0.0000
-0.0000
-0.0000
-0.0000
-0.0000
-0.0000
0.0000
-0.0000
-0.0000
0.0000
-0.0000
0.0000
0.0000
0.0000
-0.0000
316.3297
557.2547
651.4700
675.4412
571.3553
916.7213
1017.7980
1135.1503
-0.0000
-0.0000
-0.0000
0.0000
-0.0000
0.0000
0.0000
0.0000
0.0000
0.0000
0.0000
0.0000
0.0000
0.0000
0.0000
119.8849
233.2781
247.8086
202.2223
131.7890
20.5308
0.0000
55.4118
55.4118
0.0000
0.0000
0.0000
0.0000
1802.5873
4140.4537
6073.7069
7978.4120
9792.0640
11653.9872
13479.4681
15125.3187
16214.6411
16867.0406
16862.9787
16479.8829
15921.9616
15253.5744
14446.1876
13527.0927
12531.6253
11498.2779
10391.6003
9238.4108
8151.1754
7364.8146
6979.5664
6936.5714
7336.1445
7961.9864
8846.6978
9898.3175
10701.3237
11442.0786
12132.3329
12656.6775
12777.8852
12449.8373
11681.6067
10717.2459
9734.2013
8748.5685
7716.9783
6644.7294
5532.5444
4428.7201
3357.8347
2290.2010
1370.0897
812.9354
705.2000
1097.6913
2296.8486
4100.0439
6377.4539
8801.4008
11529.3512
14247.7839
16814.6319
18618.0608
19398.1253
19101.9755
18280.0497
17238.5476
16145.9157
15060.3963
13963.9319
12793.2897
11565.7643
10344.6493
9134.8111
7903.8089
6858.6520
6290.0163
6671.9475
8159.0631
9827.2092
11431.6178
12692.6934
13894.1108
15482.9565
16764.1215
18481.6988
19667.2875
20335.2112
20286.3020
19811.5796
19058.7181
18220.8533
17444.1022
16727.4206
16062.9278
15295.7248
14484.2825
13711.7404
12934.4142
12242.6723
11991.1415
12902.2012
14281.8019
15772.0865
17123.1553
18960.4384
20754.0253
22441.4004
24151.9518
25765.7227
27422.4286
28528.4686
28492.0782
27744.9346
26715.7287
25636.4929
24483.3494
23233.0352
21949.1460
20739.0372
19525.4502
18257.9719
17048.5371
15966.0335
15217.7850
14987.1035
15223.0670
16064.4086
17891.6334
19971.8192
21983.9986
23888.8807
26411.0860
27643.0197
28189.6531
28053.5956
27342.3565
26367.7529
25261.5908
24118.2024
22931.6440
21738.7407
20521.4523
19242.8568
17929.7456
16614.5876
15281.1564
14033.5952
13077.2379
12509.0080
12482.5668
13034.9326
13655.6075
15283.8796
16960.6015
18538.5420
19355.9180
19501.2890
19308.1003
18735.0820
17662.1310
16301.1140
14904.0505
13566.1114
12272.1161
11001.3013
9753.5559
8519.7065
7323.2303
6144.9102
4987.8441
3975.2195
3386.6171
3577.8129
4716.0201
6536.6764
9089.6154
12019.4692
15618.9885
18524.4556
21406.7182
23681.3578
24974.7792
25109.0960
24361.5223
23314.4360
22302.8879
21344.3517
20429.4566
19538.6015
18638.0085
17730.8401
16779.8886
15794.0566
14781.1215
13828.4276
13068.6220
12607.2138
12645.6677
13254.2125
13807.9247
14173.2033
14359.5310
15196.1384
16328.2052
17339.7116
17791.8758
17452.1769
16426.2005
15090.9607
13687.9503
12284.4607
10884.0056
9480.8484
8080.6953
6659.3331
5220.0170
3795.3814
2416.0176
1141.2189
208.0222
0.0000
852.2766
852.2766
0.0000
-0.0000
-0.0000
2041.2236
207.5876
207.5876
1980.9436
2853.5838
3041.6648
2967.9188
2831.0485
2708.4379
2556.4609
2361.5994
2173.6625
1890.6030
1555.4604
1161.1469
685.0117
170.2722
0.0000
-0.0000
0.0000
-0.0000
-0.0000
0.0000
945.7773
3677.1453
6263.4381
8938.2082
11172.9253
12305.1267
12360.9613
11761.4624
10960.9390
10121.3654
9232.1055
8232.6192
7131.8182
5946.8738
4671.2754
3346.1511
1993.1919
752.9620
0.0000
218.4374
1546.6302
3662.4366
3662.4366
6422.9080
8993.6894
10926.7180
12992.5906
15285.5144
16645.4470
16885.5312
16050.9296
14785.9809
13480.0726
12178.5881
10871.3549
9515.7415
8101.8320
6643.7361
5166.8138
3687.1646
2216.6462
853.1586
0.0000
140.3435
1386.4512
3520.7305
6166.1530
6166.1530
9189.4063
9189.4063
9189.4063
9584.1892
10823.0582
10990.9765
10197.8418
9050.7264
7894.3646
6798.2423
5763.4937
4788.7120
3876.9221
3034.4405
2258.2656
1526.8681
844.2153
284.7100
0.0000
-0.0000
0.0000
-0.0000
0.0000
599.4753
599.4753
3443.9200
6187.6506
8396.0540
9707.5198
10035.9557
9396.0496
8351.1669
7295.7169
6321.8284
5407.0717
4557.6516
3737.5870
2977.1916
2233.2332
1527.2522
857.5196
259.4829
0.0000
0.0000
0.0000
0.0000
0.0000
0.0000
2484.1573
5286.0269
8167.5221
10465.1861
11860.8456
12109.8847
11335.5724
10147.0169
8915.0599
7721.2400
6604.2849
5563.7042
4606.4378
3707.7407
2811.4784
1956.4239
1127.9906
379.9676
0.0000
0.0000
-0.0000
-0.0000
0.0000
-0.0000
-0.0000
2142.6055
4163.8534
5843.8770
6960.8139
7048.0680
6350.5221
5252.8446
4151.2371
3118.4181
2258.7694
1582.1868
1024.2152
593.7801
287.6449
93.0559
0.0000
-0.0000
-0.0000
-0.0000
-0.0000
-0.0000
0.0000
0.0000
0.0000
0.0000
-0.0000
2455.7783
4443.5921
5556.9766
5831.5303
5610.5213
5261.9542
4891.7623
4517.8052
4199.7266
3850.9040
3413.3437
2879.2893
2239.0457
1447.9241
605.5043
0.0000
235.7494
235.7494
2244.5969
2244.5969
2616.8661
2616.8661
4317.0948
6058.0775
7989.4665
9592.4289
10008.2283
9337.4653
8258.5570
7261.6329
6376.9196
5531.5149
4728.4755
3903.7013
3110.9133
2350.4013
1636.1586
941.7173
295.8036
0.0000
467.3121
467.3121
2338.9786
4193.0448
6332.9360
8106.9954
9891.8324
11693.6449
13329.7936
14550.5510
14963.3611
14841.1500
14397.4477
13823.2751
13161.1288
12442.3337
11718.4814
11014.1939
10321.7407
9681.1226
9041.3745
8415.3067
7847.6229
7539.3337
7729.8987
8612.7895
10402.3651
12977.0140
15875.5016
18605.9434
21527.8523
24359.0950
26749.0201
28305.5540
28528.4686
27698.6762
26460.7042
25151.9010
23808.7870
22463.7486
21094.2052
19691.1535
18261.2675
16816.4030
15375.2571
13949.8631
12568.6334
11480.6689
10905.5827
10871.4574
12022.9903
14265.4879
16904.2409
19429.8067
21828.8573
23430.1823
23950.2922
23907.0109
23026.7647
21773.4432
20400.1231
19097.7581
17886.7834
16699.8049
15600.5690
14572.8050
14094.4349
13182.2263
12332.5729
11528.1438
10806.4434
10300.8412
10171.7557
10754.9398
12087.6884
14476.7280
17630.2902
20812.5100
23806.7385
26220.0871
27551.9121
27995.2230
27655.7164
26652.5726
25354.2306
24058.7002
22760.2550
21438.4233
20086.4628
18717.3616
17317.0872
15900.5850
14485.7346
13072.9705
11699.1044
10619.2830
10101.5718
10127.3073
10633.0286
11632.2296
12558.3211
13756.7196
14853.0306
15447.8893
15570.7338
15280.1554
14646.5288
13635.4058
12488.9916
11369.1547
10249.3801
9033.1618
8244.7686
7383.9152
6489.3828
5603.9365
4744.3989
3356.8324
1949.7359
721.6154
0.0000
95.2571
1642.7935
3992.3552
6395.2533
8995.0414
11148.8006
12523.0047
13728.3472
14027.1219
13484.8905
12310.6153
10959.1647
9682.7040
8511.7191
7835.5861
6751.5545
5670.9644
5014.7152
4266.6709
3541.7296
2424.2072
1465.9838
697.3313
292.8627
746.9699
2340.4739
4712.8155
6990.6584
9301.8777
11639.9456
14057.0743
16254.2801
17236.2693
16862.2508
15743.7950
14398.7569
13072.2364
11794.8390
10605.1719
9485.9404
8928.4991
8878.4377
8824.4225
8827.6379
8856.2897
8948.3738
9329.6483
10140.4998
11381.9665
12718.6219
14451.3013
16411.9338
18475.2075
20263.0369
21735.6624
22978.1253
23087.0806
22243.5139
21133.1677
19915.0522
18710.4417
17555.2815
16468.4285
15907.9487
15338.5748
14803.8260
14333.2874
13913.7653
13051.1913
12243.1148
11599.1552
11299.7182
11388.0746
12479.3248
14262.1442
15972.8808
17388.5339
18611.6773
19556.1759
19539.7614
18656.6236
17622.4114
16383.4152
15020.4958
13647.9723
12312.5934
10996.4860
9753.5396
8513.6574
7252.6045
6003.4836
4774.6072
3570.8705
2380.5642
1411.2367
763.7929
599.9906
1303.0562
3272.0312
5383.2471
7416.4480
9418.4853
11294.8289
12294.9313
12599.3766
12147.1098
11039.5965
9680.3002
8288.1143
6937.8239
5644.5723
4406.4388
3231.3715
2634.8898
2114.3005
1676.8830
1310.8566
516.4655
0.0000
0.0000
1164.2128
3252.9271
5415.1123
6717.8378
8774.2502
10499.7817
11773.5135
12946.9168
13662.4998
14197.8484
14573.3582
14888.0521
15132.0582
15325.6812
15560.5922
15845.0235
16229.2821
16528.9358
16722.3093
16811.9930
16693.7012
16356.5845
16077.1896
16406.3858
17507.5060
19072.0369
20789.8274
22310.9392
23946.2015
25770.3901
27301.6640
28367.0091
28528.4686
27897.2210
26741.7964
25431.3536
24157.9591
22919.0027
21704.2524
20564.2035
19481.9369
18430.5566
17320.8537
16174.3449
15017.7232
13821.3210
12624.0270
11538.3535
10812.4500
10621.9284
11120.9646
12047.5242
13210.8239
14604.0266
16086.9907
17448.6813
18324.3755
18207.8974
17305.6058
16236.6568
15188.6294
14128.4945
13013.1860
11875.7757
10749.4119
9627.6511
8492.5181
7322.8388
6138.8340
4977.2663
4110.9389
4170.1312
5316.5738
6989.3270
9169.6660
11750.1784
14199.4988
16404.7900
18273.5919
19672.9075
20129.1401
19544.0629
18212.3253
16751.7354
15289.4029
13820.8039
12352.9077
10897.3300
9456.4783
8055.3200
6730.5340
5476.8150
4266.6917
3060.4133
2183.8142
2371.3779
3734.1972
5515.3646
7054.7342
8770.9243
10585.4231
12315.7161
14254.4441
16130.9091
17340.9002
17062.7513
16237.3566
15420.1959
14679.3122
13994.6010
13370.5471
12745.7871
12089.9305
11406.0624
10694.4236
9930.4356
9139.7120
8376.9443
7852.4689
8115.5320
9390.3204
11491.5786
14246.8171
17366.4911
20538.9348
23545.8227
26199.7559
27953.2533
28528.4686
27970.8154
26972.1933
25965.7072
24953.1190
23851.6346
22646.1856
21389.4694
20098.3055
18775.9600
17423.4440
16066.8914
14697.6958
13335.6727
12155.9122
11400.4291
11335.8854
12050.7803
13285.2202
15339.8104
17555.2449
19747.6113
21405.3669
21848.2279
21598.2863
20735.6433
19601.0660
18491.9623
17480.9416
16540.4115
15701.3605
14960.0926
14205.0834
13334.6427
12386.4000
11387.1559
10419.2593
9429.3797
8527.3968
7835.9829
7512.1929
7449.6617
7773.9152
8753.1123
10226.1850
11245.8939
11836.8536
11538.6948
10914.7536
9852.3424
8606.7566
7303.3424
5983.2829
4678.6382
3887.6483
3140.3001
2925.6789
2667.9495
2400.6201
2169.6843
1974.5114
1013.5163
98.6456
0.0000
1000.4942
2965.9894
4828.4719
6704.1868
8359.9234
9779.0713
10617.8365
11624.4905
12021.2072
11585.1613
10755.9259
9786.8597
8787.2752
7826.1838
6911.0037
6092.0231
5366.2826
4741.9825
4076.1792
3367.2021
2682.6790
2073.4938
1669.9625
1820.5130
2572.6886
4220.3747
5942.2854
7099.3394
8118.1828
9129.6499
10259.0045
11278.7835
11680.0706
11337.3210
10527.9754
9719.2073
8924.4631
8180.4905
7594.0027
7080.8937
6504.8388
5941.4255
5417.2336
4930.1614
4452.7636
3966.4470
3596.1871
3805.9699
4805.7204
6068.9239
8282.0575
10528.6375
12516.4354
14225.5308
15386.5254
15716.1903
15748.8711
15174.9524
14251.7413
13349.0277
12429.5814
11515.2308
10619.8121
9757.7607
8885.5742
7952.5323
6938.5890
5872.6385
4698.9379
3456.8651
2265.1626
1448.5821
1333.8782
2004.9224
3152.8110
4539.2640
5869.6955
7253.6211
8554.6173
9435.3535
9552.0143
8704.3785
7395.5414
6083.3219
4888.9360
3804.6054
2761.3399
1801.5773
871.8891
472.7485
148.1733
0.0000
187.3920
33.6941
286.4911
286.4911
-0.0000
-0.0000
0.0000
0.0000
-0.0000
-0.0000
-0.0000
0.0000
0.0000
0.0000
0.0000
175.8159
0.0000
0.0000
-0.0000
323.9228
443.7763
566.9951
568.2340
618.3805
685.9836
320.7699
386.6391
386.6391
386.6391
-0.0000
0.0000
-0.0000
0.0000
0.0000
0.0000
0.0000
0.0000
0.0000
0.0000
447.0980
447.0980
735.9978
976.6371
1178.1268
1180.9506
1157.6767
1209.2875
1262.2987
1221.1766
1373.0622
1681.2548
1681.2548
836.6153
836.6153
836.6153
836.6153
836.6153
3594.8334
6414.2512
8419.1541
9601.8684
9600.7689
8918.3645
8097.4827
7265.0932
6418.2285
5575.7110
4791.0515
3984.5108
3194.2299
2485.9419
1777.5515
1101.7114
484.1146
0.0000
0.0000
-0.0000
0.0000
0.0000
0.0000
-0.0000
135.3155
2541.4796
4640.6370
6136.1459
6861.1320
7202.6621
7315.8051
7331.9528
7102.0743
6745.2595
6344.1808
5981.9131
5434.1121
4898.6033
4377.1939
3846.3544
3271.8367
2799.0547
2611.5938
2860.7785
3796.5647
5023.8640
6182.2387
7195.1667
8034.8767
9037.2144
10012.3686
10475.8819
10391.0719
10082.6534
9673.2098
9158.5892
8548.5886
7864.4442
7160.1974
6467.0279
5753.1676
4888.1801
3860.1403
2721.9894
1557.0788
567.4131
30.2503
0.0000
0.0000
-0.0000
-0.0000
2191.1431
4449.8084
5766.8574
6535.8194
6486.3083
6118.5034
5405.2743
4550.2228
3832.2465
3302.5260
2797.4513
2191.5556
1410.5478
719.2369
212.3916
0.0000
389.0793
920.8933
920.8933
-0.0000
0.0000
-0.0000
-0.0000
-0.0000
0.0000
1037.3935
2812.4992
2812.4992
3544.5646
3920.6528
4172.8287
4342.9637
4558.8498
4721.8718
4868.3652
4869.7626
4819.6801
4714.3011
4583.4524
4395.5724
4139.4687
3960.8248
3841.5922
4249.8573
5660.1340
7959.5943
10473.0913
13162.8282
15923.0039
18346.7563
20445.2066
21976.8194
22692.7627
22370.8538
21667.3109
20905.8113
20100.2877
19249.7234
18381.6305
17442.9553
16456.9652
15448.6136
14417.4483
13331.3945
12193.0223
11022.2189
9924.9349
9471.1967
9967.7544
11441.6068
13435.1872
15735.6118
18048.4389
20197.6021
21989.7096
23052.9092
23050.7276
22020.4898
20727.4358
19468.3950
18205.4391
16884.4607
15536.0844
14192.9144
12850.5429
11490.7375
10119.9992
8736.6495
7349.9958
5964.3679
4676.4961
4073.9531
4553.8679
5917.7828
7842.6240
10129.9920
12343.4299
14366.5296
16032.3926
16961.2534
16858.1564
15832.4997
14611.5728
13468.2154
12344.7915
11219.8510
10086.2899
8946.1609
7802.5187
6627.5484
5445.5654
4250.9803
3032.4273
1801.5582
612.9945
0.0000
367.8485
1211.9325
2940.1675
4829.4252
6888.0251
6888.0251
8897.9776
10239.5172
10646.6581
10104.3737
9393.1321
8748.4031
8106.7871
7473.8820
6792.1768
6041.5847
5211.4148
4320.0437
3398.0413
2464.0624
1576.5585
756.2222
89.1265
0.0000
-0.0000
1891.7565
2309.0639
5045.1483
7527.7516
10030.9051
12382.8511
14067.9928
15031.3995
14993.0107
14558.2603
14118.5318
13661.2502
13160.2440
12617.2112
12045.6655
11416.0534
10737.5604
10115.4700
9550.5477
9051.5725
8614.9582
8267.5441
8395.9198
9351.8160
11287.5885
13692.4658
16468.8256
19344.4491
22149.9375
24491.3389
26406.0375
27256.6424
26969.5756
26361.8256
25670.7959
24923.9321
24152.5494
23372.9618
22537.7976
21661.8174
20751.6577
19808.4792
18846.0803
17889.9577
16936.0522
16046.6163
15615.9206
16048.5990
17452.2280
19449.1096
21766.8868
24088.8910
26065.3575
27617.4733
28528.4686
28448.8518
27567.6518
26570.5700
25665.1363
24756.8684
23790.6337
22762.2671
21681.2214
20585.7383
20051.6944
19538.9005
19035.6489
18049.7481
17078.3864
16157.6529
15530.7972
15501.6447
16162.6840
17834.2870
19548.0428
21301.9158
22825.5163
24010.8572
24140.0064
23703.3690
22895.9695
22000.4040
21100.7480
20241.0765
19436.4779
18591.9172
17724.2692
16805.1515
15853.7309
14904.3607
13960.4921
13045.3626
12115.2595
11193.9068
10641.6298
10683.4190
11168.9796
11990.0774
13578.2204
15222.2335
16569.3259
17202.5921
17366.6245
16823.6180
15728.5303
14584.7447
13464.5419
12357.0006
11254.4759
10157.2805
9039.8370
8401.5428
7757.4925
6674.9827
5977.6984
4790.9450
3619.6515
2487.3754
1730.9060
1798.4371
3058.8507
5350.9992
7933.6878
10373.4430
12536.6657
13984.3412
14448.2752
13921.9849
12678.9871
11402.6104
10249.2908
9203.3766
8241.7863
7281.6456
6278.3814
5775.4081
5290.2593
4755.5379
3713.8249
2697.4482
1684.9197
688.3677
30.4972
0.0000
501.6528
1457.6096
2950.2891
4592.7689
6216.7281
7647.7020
8312.2482
7893.8274
6821.7847
5869.0995
5176.0580
4501.1025
3883.3180
3347.1973
2894.3836
2491.4796
2047.3567
1581.1948
1201.6486
736.3641
318.6495
0.0000
-0.0000
-0.0000
-0.0000
-0.0000
0.0000
-0.0000
0.0000
0.0000
-0.0000
0.0000
0.0000
0.0000
-0.0000
-0.0000
1042.4369
0.0000
1120.5329
1120.5329
2106.4950
3053.6948
3873.0894
4643.3356
5417.2491
6151.9810
6699.4942
7391.3247
590.7119
590.7119
590.7119
590.7119
590.7119
1036.5090
1525.8825
1711.3099
1270.1772
877.9698
360.3754
350.1008
261.4849
124.9938
8.6845
0.0000
0.0000
150.1677
250.4486
362.9901
529.9488
813.4173
1378.3455
1378.3455
1378.3455
2637.1008
3902.0074
5308.1846
6587.2116
7720.1091
8973.7295
9829.8897
10695.6912
11580.5326
12538.4345
13464.7740
14406.1324
15253.5434
16196.6108
17010.4420
17733.7216
18316.0901
18775.0655
19082.2609
19165.2045
19022.7608
18872.2829
19343.9690
20616.4264
22462.7544
24468.8968
26292.9416
27773.1467
28528.4686
28528.4686
27651.4714
26397.6542
25058.8244
23719.6714
22351.3617
20968.2360
20075.1136
19204.6544
18882.5014
18565.5847
18168.9264
17775.7179
17433.0375
16150.7774
14932.3883
13862.7631
12984.9114
12200.7239
11622.5960
11405.0570
11484.3685
11563.9311
11088.3534
10490.1050
9667.9932
8715.0897
7792.2142
6909.8921
6054.1725
5715.2556
5898.0717
6088.0406
6303.8741
6545.5511
6744.1159
6855.6293
6890.0330
5817.7078
4686.0707
3658.2191
3083.1223
3194.8497
4248.0676
5851.8039
7521.3802
9085.3883
10307.8928
10035.6469
9165.7324
7976.9094
6820.9625
5664.1004
4504.2619
3893.2072
3760.5275
3603.8778
3493.6739
3389.3713
3277.8657
3150.3879
2575.3322
1550.0403
597.9986
0.0000
0.0000
-0.0000
-0.0000
-0.0000
-0.0000
0.0000
0.0000
0.0000
0.0000
-0.0000
87.5545
168.9924
329.4823
329.4823
704.1195
1126.4592
1126.4592
1510.0371
1891.3513
2299.7750
2714.7304
3155.4266
3627.4991
4153.7139
4153.7139
-0.0000
-0.0000
-0.0000
0.0000
-0.0000
-0.0000
0.0000
0.0000
-0.0000
0.0000
-0.0000
-0.0000
676.5217
1410.9631
2180.9204
2919.2657
3644.4871
4352.0213
5030.9495
5610.5898
6156.5892
6711.1950
7390.1573
8440.6511
9620.1443
11663.0600
13817.7148
15985.0600
17844.2235
19231.0399
20095.0909
20506.3166
20668.1545
20752.4172
20801.6100
20847.3428
20911.8214
21037.9180
21194.0587
21447.1093
21704.0411
21939.4561
22177.5184
22320.3528
22363.4004
22321.1899
22322.6360
22490.6588
23087.2753
24098.3601
25358.4425
26732.8852
27873.3972
28528.4686
28528.4686
28528.4686
27863.8822
27054.4765
26225.8085
25346.2755
24939.0307
24527.1033
24112.5494
23685.3449
23245.2155
22787.9247
22316.2951
21834.0098
20351.4875
18878.8337
17649.7777
17058.8447
17078.9586
18064.8848
19739.6915
21291.3621
22594.9905
23620.3440
23762.9894
22829.3569
21776.8176
20827.5399
19957.0439
19180.2152
18937.2620
19264.1924
19609.5588
19820.9002
19903.4116
19882.6866
19805.2168
19661.3398
18925.2850
17616.4867
16318.0109
15170.8132
14352.9631
14051.9192
14782.1072
16235.1662
17132.7236
17096.8449
16542.6475
15378.6481
13925.7838
12473.6832
11016.3991
9565.9128
8136.7404
7229.4334
6359.4711
5504.7701
5164.4308
4867.0664
4622.7826
3951.5604
2871.2092
1834.0469
933.5688
287.0740
0.0000
47.2814
766.9321
1556.3889
2371.9190
3070.1640
2957.4805
2525.9455
1888.9809
1230.2799
590.4820
0.0000
0.0000
0.0000
0.0000
200.2113
0.0000
0.0000
324.3211
350.1942
454.9669
164.6672
0.0000
352.5716
1224.3799
3217.0090
5815.6607
8462.5281
10847.2403
12514.6195
13529.5367
13414.5716
13048.3746
12660.9565
12285.9492
11991.8242
11696.2466
11347.8212
11215.9341
11191.1602
11061.9889
10822.9873
10051.6555
9310.0571
8587.5974
7896.2669
7369.8659
7329.1242
7882.7426
9100.1754
11355.4532
13803.8266
16238.9663
18307.2368
19096.3943
18864.7727
18193.7404
17445.3378
16686.0921
15813.9320
14814.1115
13723.5111
12572.4955
11345.0276
10041.5178
8694.1213
7310.3920
5899.2002
4475.5073
3030.5311
1802.1956
1432.9703
1972.9143
3644.3945
6107.4306
8637.0338
10929.3077
12215.7516
12068.5090
10978.4403
9615.4689
8282.9357
7001.6121
5788.1441
4611.2017
3472.3718
2361.5520
1801.6616
1326.3008
964.0216
677.9325
443.1317
219.4428
13.7333
0.0000
124.7310
1034.0767
3295.3732
6612.9563
9978.9945
13099.4182
14644.6171
15227.7168
14786.3789
14169.4629
13747.3475
13481.5052
13262.6350
13041.3128
13231.9985
13392.3046
13550.9070
13735.7297
13947.5783
14221.9468
14525.8616
14394.0401
14289.9635
14360.9318
14847.4885
15725.3011
16749.6628
18372.1680
20007.5195
20764.1554
21135.9111
21353.5007
21412.0330
21462.1548
21491.0784
21465.0221
21310.7371
21493.0866
21509.5381
21331.1989
21698.3873
21997.7452
22316.1265
22658.1502
22998.8554
22323.5413
21669.7962
21084.0271
20661.1734
20441.3544
20390.4150
21456.2905
22546.6501
23539.6869
23979.9243
23788.7155
23550.7097
23237.4859
22971.0318
22709.6603
22468.5349
22198.5479
21811.3037
21830.6071
21833.8033
21812.8792
21727.1958
21570.6714
20869.7687
20188.7203
19541.3169
18933.7268
18555.1824
18311.8719
18166.7389
18166.5839
18475.3924
18739.7195
18725.5218
18336.6449
17495.5257
16436.2745
15273.4114
14071.0681
12832.4145
11626.8396
10397.3538
9095.5164
7776.8708
6478.1350
5207.6401
3943.2845
2757.3597
1694.3179
825.2216
207.9408
0.0000
136.2095
626.9935
1366.9690
2174.0063
2919.2167
3520.9612
3945.5092
4060.3299
3905.0864
3565.8797
3081.0693
2426.6141
1682.6914
939.8564
645.4238
347.6197
580.7647
815.2609
1122.2997
1441.3169
1002.8161
604.3488
218.9564
0.0000
171.1536
488.8466
911.4202
1264.4845
1513.3583
1778.5199
1843.0158
1879.2043
2029.8572
2312.8689
2778.1820
3297.9238
3901.1236
4972.3838
6313.3200
7545.8927
8680.5785
9775.7852
10823.8811
11837.8476
12831.4537
13858.4421
14974.6266
15687.4540
16483.4996
17305.2587
18116.4898
19195.6096
19841.6327
20353.1705
20320.6767
19831.1269
19347.2780
18924.9307
18590.0796
18801.9139
18997.6019
19185.7115
19279.7757
19787.0974
20286.8184
20705.8652
21057.3240
21377.1395
21627.1631
21833.7197
22018.2095
22418.0531
23095.8780
24069.5135
25291.7989
26563.8133
27792.5855
28457.2167
28528.4686
28136.2692
27141.2189
26149.5502
25745.5376
25549.0291
26098.2633
26804.7549
27409.3737
27807.7075
28142.4704
28394.7572
28487.4980
28477.9869
28528.4686
27613.2955
26653.7095
25981.0180
25760.7154
26117.7618
26930.1863
27662.5446
28278.5246
28528.4686
28135.7648
27259.2361
26398.6444
25557.3840
24729.0806
23914.2486
23152.1647
22503.8529
22679.7822
23615.1737
24697.1326
25775.5967
26778.8586
27737.7840
28453.7182
28528.4686
28435.3509
27865.8358
27322.5089
26994.4415
26937.0777
26872.5462
27334.7222
27076.3578
26068.6430
24851.2420
23620.1115
22483.7942
21445.9126
20461.2547
20001.6897
19608.3187
19305.3763
19529.0775
19745.4248
19967.3714
20256.4106
20640.3826
21000.7608
20328.3957
19686.3375
19316.4361
19172.4782
19802.8017
20340.5721
20890.4066
21292.0072
20966.0851
20341.0853
19579.1576
18774.7720
17887.2814
16960.7186
15997.2380
14950.1672
13828.5409
12601.4358
11850.2843
11058.1301
10707.3115
10360.9859
9980.0985
9677.4255
9068.0110
8665.2962
7999.6493
8747.1271
9905.5373
11510.1332
13374.3184
15390.7348
17109.0900
17581.9674
16919.0932
16181.2780
15361.4675
14442.3202
13464.7125
12443.4894
11860.9237
11228.8852
10045.9922
9287.5943
8447.5951
7562.8289
6674.5407
5815.6926
4522.3038
3364.7481
2481.8725
1959.2056
2448.6819
3205.8486
4041.7485
3986.9867
3708.5072
3117.0911
2360.3026
1700.0395
1116.4035
517.3170
392.1701
208.6359
0.0000
329.4674
647.1728
957.4759
1255.5192
1570.2590
1935.2282
2343.9043
2792.1378
3347.0510
4188.0038
5512.5227
7069.1550
8705.1456
10171.1742
11543.8455
12763.3862
13765.2438
14073.8866
13895.8618
13707.3844
13989.6319
14167.5686
14266.5506
14286.9516
14214.7856
14563.4413
14735.6442
14821.1578
14936.7989
15103.1805
15299.8696
14966.2411
14701.7517
14090.5675
13940.5240
14584.3455
15513.5234
16319.2902
16541.7569
16204.0600
15354.2834
14150.5438
12950.4797
11788.4194
10723.9346
9793.1997
8934.8085
8046.3680
7079.1728
6072.6956
5048.2992
4007.8503
3474.7089
2958.4434
2438.1593
1467.3502
557.5242
0.0000
11.7111
578.3331
1444.0350
2222.7467
2569.7830
2817.2082
3060.8709
3443.0956
3929.4837
4456.4547
4960.9643
5422.0959
6356.0772
7828.3150
9297.0413
10722.3484
12138.5990
13476.5613
14927.9424
16320.1406
17768.2711
19380.6295
20572.7506
21217.9477
22396.2185
23645.1197
24849.1985
26033.0363
26627.4388
27079.4482
27331.1738
27434.7255
27592.2659
27802.4030
28005.4698
28142.1302
28216.9510
28224.4533
28151.8499
28528.4686
28317.7175
28216.3117
28367.1268
28493.2749
28528.4686
28063.5315
27551.5420
27044.9492
27146.8309
27452.2949
27872.6003
28412.7406
28528.4686
28528.4686
28521.7866
27734.0046
26937.2728
26110.8460
25681.8572
25700.5738
25683.4763
25677.6562
25642.3868
25614.4390
25620.0844
25605.9916
25520.4834
25407.7188
25267.7905
24630.9874
23512.0765
22582.2779
23149.2870
24205.8122
25537.6460
27003.3599
28277.9282
28528.4686
28520.7911
27354.6940
26269.4124
25781.5339
25725.7031
25874.8731
26039.4311
26181.1798
26227.3692
26223.5126
26146.3882
26062.3930
26028.9204
25994.8956
25925.5573
25817.5101
25213.4911
25253.2003
25596.3018
26232.2050
27080.3041
27853.6150
28414.1594
28528.4686
28201.4161
27729.9746
27255.5428
26776.8504
26296.8187
25813.4273
25324.0582
24829.2409
24333.1154
23834.9635
23336.0233
22837.4094
22338.2046
21839.6472
21344.1847
20853.1541
20363.8154
19908.3219
19518.6482
19183.3574
18869.5336
18569.5457
18249.5894
17864.2473
17412.0407
16935.4037
16455.1178
15969.3111
15483.2097
14997.8614
14510.3765
14023.4276
13538.0381
13051.0517
12559.0498
12069.4455
11579.8207
11090.6856
10602.6657
10113.2557
9625.5104
9172.9933
8816.4325
8561.2819
8388.9783
8236.6309
8031.8091
7723.9990
7300.7673
6809.9278
6317.9198
5828.0050
5348.3785
4880.1596
4422.0237
3970.8023
3525.4096
3083.6469
2659.4578
2242.1103
1835.6633
1450.8753
1077.2015
712.1030
321.5621
22.3216
0.0000
198.7844
596.2171
986.2501
1273.7568
1334.7370
1124.9138
842.4866
609.9252
421.0829
255.7022
115.2729
26.8686
0.0000
16.7626
44.2133
106.1151
161.9980
206.6861
274.2755
319.6199
324.4693
318.9206
316.3334
396.5964
558.2000
780.6912
1107.7424
1384.4199
1505.5423
1489.7442
931.0172
0.0000
0.0000
0.0000
0.0000
0.0000
0.0000
42.0322
0.0000
66.6553
195.2034
472.2632
1441.5973
2595.7462
3411.9195
4344.2378
5403.3498
6639.1566
8463.7282
9772.7619
11046.6010
12244.6846
13211.6573
13937.0073
14564.5260
14705.1430
14928.3802
15207.6666
15914.1980
17034.9747
18066.8683
18999.3698
19781.1178
20472.9354
21045.7497
21476.5368
21715.4765
21947.4857
22060.8035
21985.2271
21668.8956
21680.3056
22518.1107
23662.9085
25110.2590
26341.3935
27537.2954
28371.0082
28528.4686
28528.4686
28528.4686
28491.4200
28331.5944
28011.7828
28035.4804
27922.0109
27708.5049
27477.7912
27195.1728
26850.4954
26469.6292
26037.6618
25072.0027
23589.1132
22176.9974
20957.0389
19965.0513
19606.5398
19333.2410
19104.1770
18565.7370
17336.7471
16148.1986
15115.3321
14182.7779
13893.8079
14191.1682
14572.3382
15040.2789
15534.6543
16057.6596
16524.6301
16901.3155
17238.6995
17586.4369
17927.9635
18251.0528
18451.3520
18654.4352
19348.4345
20614.2915
22141.8914
23753.5912
25106.1194
25777.8566
25240.3142
24525.2309
23365.5072
22208.9135
21547.8649
20870.7799
20166.3158
19429.6883
18684.4677
17920.9920
17158.6792
16406.9573
16184.8456
15997.2723
15866.1310
15746.9051
15686.9531
15771.8172
16285.4662
17259.2814
18415.3792
19034.7434
19855.0085
19934.2970
19779.3826
19063.5818
18338.5177
17686.3059
17133.0012
17152.5964
17699.1632
18260.7261
18724.4294
19131.9780
19503.8814
19831.2458
20061.7074
20252.7799
20388.3807
20562.6043
20309.2334
19692.1245
19984.7439
20819.6322
22352.6266
23949.9404
25358.6609
26253.4966
26009.3798
25716.4744
25135.8901
24633.0929
24111.4627
24094.4647
24481.1092
24767.3973
25062.7009
25400.5763
25775.0052
26215.1090
26712.3448
27189.0131
27670.2815
28067.8385
27887.0699
27162.6180
26578.9714
27081.2633
27718.4884
28440.1315
28528.4686
28528.4686
28011.0066
26877.0767
25717.6039
24523.7249
23291.2956
23010.8780
22703.2693
22384.1419
22047.6326
21710.8675
21387.1889
21032.9870
20629.0651
20220.8592
19803.3540
19377.0224
17966.2857
16632.3670
16003.9900
16073.7355
16219.6577
16450.1956
16676.0578
16717.4000
15546.7439
14338.6839
13175.4183
12073.9345
11516.9682
11495.4234
11497.3310
11540.4206
11590.3828
11677.1352
11791.5358
11970.3801
12172.6930
12467.2789
12765.5900
13095.7375
12489.7828
11961.7474
11720.0083
11844.3515
12650.5943
13364.6143
13893.1921
14072.7241
13395.3319
12575.8073
11873.8667
11206.3657
10551.2860
9937.8020
10242.0462
10482.2255
10676.7289
10809.8857
10876.3318
10886.6128
10832.7748
10744.8070
10599.6244
9869.7171
8592.0207
7337.2427
6518.6702
6296.3816
6391.2092
7032.0375
6967.9404
6382.4119
5282.2553
4152.0992
3132.8933
2101.1000
1068.6492
33.0957
0.0000
0.0000
218.8999
68.0273
0.0000
0.0000
0.0000
0.0000
0.0000
172.9561
369.4463
215.3493
343.8543
699.3914
1186.7998
1761.4629
2305.1492
2641.6278
2693.9473
2735.3514
2915.7354
3230.2916
4066.0840
4987.0241
5997.4262
7039.1534
8041.9753
9580.9585
11084.5954
12547.9741
13953.5160
15314.1147
16632.9378
17930.4327
19183.0901
20006.5500
21105.2604
22502.1366
23970.7501
25259.2942
26261.8704
26857.4277
26731.5914
26584.2408
26556.4220
26593.8138
26648.2165
26697.9101
26706.2780
27062.7487
27371.5803
27644.6421
27832.9101
28022.3338
28263.1527
28528.4686
28528.4686
28528.4686
28528.4686
28528.4686
28528.4686
28528.4686
28517.3528
28528.4686
28124.6299
27512.2068
26864.7181
26287.7847
25708.9012
25150.8714
24598.8638
24536.6838
24921.2349
25318.2298
25700.0620
26098.0987
26453.2369
26818.3134
27206.5792
27633.5564
28082.6154
28528.4686
27935.0850
27256.6785
26595.2328
25976.4937
25329.5384
24636.9828
23804.7354
22823.5957
21728.8903
20582.7279
19463.0771
18337.7873
17188.5428
16500.8888
16251.5706
15953.8690
15613.4397
15239.7472
14847.0558
14451.2720
14031.2304
13590.1048
13134.0365
12672.4363
11206.7829
9755.0759
8506.4835
7569.7392
7583.2670
7928.8152
8172.9211
7082.9621
5686.8452
4230.8895
2811.4370
1446.2907
646.4612
401.2859
194.6522
47.9489
0.0000
0.0000
0.0000
0.0000
0.0000
0.0000
186.8714
583.2379
583.2379
583.2379
-0.0000
-0.0000
-0.0000
-0.0000
0.0000
0.0000
0.0000
386.4847
386.4847
386.4847
386.4847
0.0000
-0.0000
853.5516
853.5516
853.5516
853.5516
1725.6263
2519.3326
3238.8069
3813.1694
4205.2876
4428.1227
4620.1162
4922.2028
0.0000
-0.0000
-0.0000
71.3160
529.3485
866.6033
1195.9756
1484.4239
1828.0366
2259.1617
2795.7527
3453.5909
4214.6091
5026.4806
5752.7259
6284.3922
6736.2332
7179.2209
7594.6903
7867.7953
8050.7249
8139.3304
8196.8100
8435.0390
8848.7654
9279.0872
9421.1117
9080.1586
8472.7311
7826.9434
7162.2882
6562.6179
6008.8934
5474.3094
4884.0297
4231.8761
3555.6827
2866.3247
2178.0804
1548.4427
1016.5165
582.6748
302.1744
146.1528
40.6997
0.0000
53.4598
271.2081
271.2081
271.2081
271.2081
1470.2239
2556.6102
3529.9260
4482.7638
5467.0866
6401.8392
7379.1506
8422.9215
9477.9567
10497.7562
11444.7301
12302.5552
13038.9921
13572.8354
13876.4727
13900.4322
13698.5544
13248.7174
12677.4999
12208.9688
11973.8539
12168.9601
12699.3008
13332.9121
13884.6052
14366.6057
14843.5843
15459.3622
16256.3840
17145.6482
18056.5485
18934.9057
19787.5045
20595.9256
21359.0200
22074.6224
22724.1477
23381.4423
24031.9959
24681.8418
25340.5655
25987.3435
26560.6769
27042.0788
27533.3165
27983.3027
28343.2718
28528.4686
28528.4686
28528.4686
28528.4686
28528.4686
28259.0788
28432.5539
28528.4686
28526.1151
28460.0874
28329.0465
28140.4768
27891.9971
27589.9361
27251.6091
26897.3826
26541.0925
26167.8446
25759.3524
25344.7868
23972.7916
23165.7507
22925.8850
22734.2082
22519.1774
22245.3862
21392.2272
19975.3082
18571.2781
17185.0655
15827.8228
15474.5769
15123.7115
14780.6747
14444.8428
14095.3319
13739.3106
13379.4106
13016.2219
12643.6530
12272.8171
11906.2567
11538.1379
11180.6925
10835.8204
10541.1089
10277.6714
10032.1020
9793.0532
9518.3131
9193.1870
8809.3570
8450.4493
8123.0568
7823.2422
7555.1478
7345.6580
7177.2891
7006.8488
6848.1341
6732.9666
6710.1783
6749.7401
6826.1246
6961.2128
7125.3882
7249.3951
7334.6526
6884.2478
6383.1090
6310.3264
6178.8556
6000.4725
5742.7091
5425.3326
5091.3089
4289.5065
3837.7079
3570.5379
3276.9956
2957.2524
2601.8887
2217.6869
1831.0651
1455.5950
1096.8738
766.6660
470.2060
216.6013
43.0371
0.0000
112.6108
376.3979
822.2109
1476.6006
2179.6776
2863.5353
3419.2656
3830.2852
4162.0621
4557.2820
5054.4877
5544.7796
5993.6216
6366.0968
6665.0432
6932.9655
7188.6786
7450.8203
7716.6158
7972.7797
8202.2101
8383.9026
8565.9126
8704.0958
8788.8155
8832.3117
8362.1589
7926.6372
7524.7389
6655.3519
5727.8787
4704.8609
3605.3306
2495.9426
1409.2163
440.2615
0.0000
0.0000
0.0000
0.0000
0.0000
454.0735
1328.6449
2425.5357
4121.5606
5430.4063
6253.8498
7144.1074
8142.5349
9210.6965
10385.1201
11694.9870
13117.9502
14605.3899
15834.9401
16818.1327
17503.1181
18019.1199
18412.3522
18667.6835
18972.4909
19324.1668
19656.8020
19958.7920
20199.9261
20405.4049
20462.5649
20307.6229
19969.1621
19554.2200
18966.6355
18227.6567
17323.3325
16366.9467
15408.6668
14488.6635
13634.7312
12708.0188
11735.0226
10711.5036
9677.9080
8711.0918
7908.3234
7336.2890
6923.7258
6737.8590
6699.9995
6815.9824
7104.3454
7501.4263
7986.6469
8552.3069
9155.1678
9643.3255
10081.4580
10396.9750
10565.2130
10620.5076
10753.3877
11064.3575
11623.9954
12242.5979
12704.6324
13001.5848
13137.1116
13341.4974
13680.8123
14234.9483
14956.8989
15716.3475
16452.7925
17208.7860
18052.5506
18911.4690
19724.4719
20438.0871
21090.6451
21682.7085
22255.0097
22831.3002
23414.1729
23899.6366
24335.8106
24772.0762
25269.2484
26311.0802
27047.5057
27746.4640
28230.2754
28482.3925
28528.4686
28367.3704
28107.7002
27920.3217
27784.6386
28119.5520
28528.4686
28528.4686
28528.4686
28528.4686
28376.6122
28063.6851
27610.3006
26623.1306
25547.8855
24379.4943
23161.6646
22011.7426
20925.2604
19840.3592
18665.1215
17409.3427
16097.3885
14795.1885
13572.2894
12469.8197
11397.0482
10306.9375
9238.0162
8132.1320
7457.5723
6273.4304
5582.1162
4902.6571
4234.5723
3634.8908
3174.1489
3384.9447
3198.8959
2617.1482
2148.7586
1855.9029
1958.3547
2491.8191
2863.5311
2950.9564
2748.7748
1990.8877
1214.0965
543.9163
0.0000
0.0000
0.0000
0.0000
21.1187
180.5595
503.4137
1009.3139
1624.9903
2329.4035
3128.1180
4446.9211
5315.7440
6258.4439
7277.1031
8365.7314
9573.5383
10767.0954
11839.9023
12707.3557
13393.5338
13935.5455
14426.1772
14986.2351
15660.4665
16398.5297
17177.7763
18038.2987
18948.3764
19832.6295
20649.6287
21890.4291
23082.6238
24247.9158
24888.5076
25476.4437
25974.7404
26348.9030
26688.0390
27077.9876
27588.8668
28084.0839
28418.3165
28528.4686
28365.7923
28117.9488
27919.6335
27722.7085
27523.2345
27615.7348
27641.8739
28115.2830
28528.4686
28528.4686
28344.8680
28431.2280
28528.4686
28528.4686
28528.4686
28528.4686
28068.5202
27613.5626
27287.1403
27127.3752
27060.4991
26944.8062
26667.9577
25598.5013
24426.2724
23404.8762
22511.7150
21660.1389
20864.6699
20147.8247
19426.3707
18722.2732
18003.8223
17993.7671
17698.3429
17774.4395
17691.9755
17464.1668
16678.5586
15825.6244
14436.0542
13019.9391
11656.3034
10490.6414
9517.1771
8573.6961
7523.3255
6270.8309
4917.6622
3605.7778
2377.9602
1276.0132
759.1138
331.7091
0.0000
0.0000
0.0000
0.0000
0.0000
500.6876
1660.2083
3020.4385
4586.4482
6223.1814
6945.3267
7614.8643
8330.6848
9595.9246
10917.6612
12085.3896
12400.1413
12373.6976
12055.1919
11542.8711
10877.9382
10312.6125
10029.2485
9997.2314
10762.6004
12264.9207
13954.3552
15686.5519
17329.0357
18977.1434
20478.3438
22074.5013
23821.9955
25513.5341
26488.3892
27264.7796
27865.1188
28083.5345
27931.8280
28205.5260
28528.4686
28325.5090
28094.3656
27873.8476
27702.3340
27589.5471
27479.4023
27437.1933
27488.4478
27839.5664
28413.0015
28461.9978
28506.6852
28528.4686
28528.4686
28528.4686
28528.4686
28528.4686
28528.4686
27915.6581
27301.3011
26847.6947
26542.9790
26163.3077
25564.7160
24593.9985
23359.2330
22074.5095
20771.7047
19447.1500
18106.4979
17250.0202
16356.4542
15436.2957
14494.2358
13530.4314
12561.0004
11609.8039
10712.4114
9889.2949
9622.9264
9407.5500
8741.2089
8127.1228
7088.0858
6148.1298
5277.1673
4530.0045
4328.9544
3619.8814
2912.5757
2786.0447
2752.4216
2741.6388
2780.3716
3323.0430
3794.7042
4260.2635
4742.2917
5211.3862
5659.6025
6095.3569
6564.0795
7024.2801
7461.4362
7984.9242
8605.6144
9228.0955
9383.7204
9703.3649
10672.2576
11271.0017
11852.0815
12339.9534
12780.6363
12692.9473
12619.9981
12507.6025
12849.0888
13415.1125
14203.2077
14947.4830
15634.8788
16293.0583
16905.9991
17511.8784
18196.6574
18968.1844
19721.4390
20438.5773
21017.9044
21481.9629
21378.1178
21931.7361
22709.0253
23616.2947
24478.0850
25190.8725
25739.2559
26286.3136
26896.7783
27509.1188
27979.9838
28300.9348
28502.2485
28528.4686
28436.0336
28346.5104
28256.1753
28133.4634
28012.0517
27850.5615
27657.8752
27431.5559
27185.5847
26945.7471
26772.5611
26797.3414
27046.8389
27345.0238
27530.6526
27475.1639
27215.2075
26919.2484
26132.3624
25826.4895
25492.2580
25149.4706
24792.3815
24434.0817
24070.9550
23709.5422
23358.2023
23000.3819
22640.6341
22282.3650
21934.2156
21582.2675
21226.5864
20873.5581
20713.1617
20920.2753
21389.9435
21900.8968
22238.0987
22263.9645
21547.8464
20762.7921
20008.1019
19296.1568
18629.6333
17915.6534
17166.4307
16428.4052
15688.7418
14935.7660
14209.6101
13957.1523
13681.9832
13406.2744
13180.7640
12940.2418
12153.2594
11324.0250
10548.9725
10266.0394
10395.6919
10613.3268
10723.4449
10097.3901
8791.2274
7488.9983
6245.6556
5085.0388
3971.9064
2858.4991
1783.1624
727.8696
266.8835
3.3378
0.0000
0.0000
196.2016
617.3611
1329.6142
2607.6623
3968.1740
5548.9141
7311.5774
9457.7054
11887.7204
14325.4733
16335.9358
17495.7299
17381.1770
16543.1275
15644.0717
14759.6457
13936.2415
13126.0162
12272.9618
11449.2199
10482.1969
9563.0819
8367.0053
7630.5308
6855.1137
6016.7815
4668.6581
3390.1497
2153.0454
1008.5517
141.3239
0.0000
382.1895
846.6969
1127.6294
1166.6453
1145.8760
1238.6666
2006.2652
3005.2544
4593.8204
6209.4900
7693.4687
8992.9988
10236.7827
11473.7553
12688.9236
13822.4665
14830.9082
15716.9613
16466.7939
17148.2996
17376.2435
17659.4380
17586.0288
17864.5359
18437.6586
19036.4163
19328.5927
19078.6331
18352.6621
17512.9473
16623.6719
15780.2069
14987.8561
14432.9395
14329.6241
14240.6613
14692.3699
14709.3042
14755.5999
15344.4466
15953.7300
16570.0199
17222.6267
17372.0807
17539.2253
17173.7594
16921.6626
17063.5318
17989.3873
18907.4487
19542.7084
19181.5875
18296.5124
17309.2880
16281.3813
15227.7268
14207.0498
13223.7898
12426.2275
11698.0374
10952.7877
10322.2773
9894.4171
9622.2312
9351.7342
9101.7036
8876.1178
8606.3000
8241.3053
7780.7882
7287.5484
7003.8576
6925.0784
6871.6535
6633.9122
5988.9972
5036.8582
3984.0812
2910.6767
1879.7865
937.5816
257.9093
0.0000
7.6662
229.6705
667.7348
