2633.9341
2602.3351
2560.7257
2491.1835
2421.5051
2383.2347
2214.6163
2272.9077
2190.3702
2062.6730
1793.8061
1764.3606
1826.0933
1987.5565
2070.7686
2028.3142
1871.8801
1696.9037
1593.7660
1266.2534
1070.6903
1048.7476
1034.7029
1006.1364
1101.6759
1238.3343
1236.7465
1012.6988
867.2020
837.1909
672.8519
530.8851
474.8084
520.9904
551.5262
709.9434
894.4192
950.7003
1000.4735
1136.0825
1298.4792
1253.0400
1135.6395
1028.7129
880.9401
723.2180
598.9962
614.9081
933.4459
1324.3540
1801.4180
2150.1782
2220.9402
2233.5538
2191.9035
2138.0756
2054.1139
1924.3996
2089.1065
2222.9845
2205.8051
2164.2297
2104.3574
1924.3928
1693.6600
1409.1334
1107.1753
908.3617
815.3026
669.3425
546.0474
429.9007
345.9595
324.9912
367.2685
403.0651
431.3522
513.1809
551.6012
583.8271
555.0153
567.1587
635.6719
630.9495
585.1082
529.3791
534.9738
509.6238
465.8405
404.3463
382.4376
345.1690
365.3468
393.5657
402.1656
424.5241
411.6446
372.7269
393.2590
405.8250
452.2387
489.8412
521.6650
534.9806
537.0318
540.8070
568.0310
571.1929
572.5627
581.3329
709.9502
954.3801
1283.1125
1555.9931
1847.6000
2027.3329
2198.0366
2377.8990
2401.5658
2356.6309
2217.0968
2092.5751
1993.9213
1921.3126
1903.8606
1966.2271
1965.9613
1977.3484
2043.0949
2035.3468
1962.7585
1931.6639
2005.7309
2160.7612
2275.6676
2280.4241
2270.3999
2313.5631
2480.8255
2615.4940
2665.7783
2645.4574
2594.8187
2510.5708
2488.8189
2440.3881
2362.5390
2301.3515
2278.3525
2274.5636
2233.1518
2266.2567
2260.3690
2329.5568
2345.4210
2384.2705
2442.7868
2479.9191
2481.8067
2487.1289
2458.2013
2456.1228
2476.0826
2511.2659
2525.1880
2521.3991
2320.9637
2538.2991
2554.9129
2529.4675
2474.7946
2373.9874
2262.6859
2135.2544
2038.7745
1989.7099
1905.2440
1810.3450
1763.5156
1730.8945
1729.3204
1720.1003
1691.0500
1618.9797
1570.4535
1522.8950
1414.0603
1251.7385
1127.0941
1001.8433
868.3196
699.5512
588.8834
489.3642
360.1200
265.4732
205.9688
157.8174
135.7588
101.2910
68.1520
64.9969
49.7937
42.8770
20.7161
12.9271
7.4142
7.4551
17.0022
29.7726
57.2897
69.5967
51.4360
49.9095
65.6443
64.6084
47.7970
66.0736
83.2189
108.1600
122.4365
172.0530
207.5157
252.9345
288.2473
368.6109
460.2185
525.2972
633.0211
755.0759
897.4312
1002.0749
1118.3715
1174.6458
1205.7745
1225.9728
1267.1188
1238.3002
1266.3147
1297.4639
1301.3959
1282.5265
1243.2816
1213.9111
1217.3660
1273.4563
1346.4943
1413.7536
1465.4077
1434.5584
1504.6048
1555.3321
1573.0498
1542.7388
1426.5581
1383.3404
1397.9508
1339.8161
1233.7277
1138.2018
1085.1780
993.2024
940.4649
911.7076
854.5951
821.5788
781.6934
729.5351
667.4753
610.8262
508.1041
419.6380
377.9059
308.6364
228.7566
220.9267
214.9912
197.0691
128.3310
121.1144
114.7088
92.5752
71.7569
37.6775
41.0779
80.1592
163.1396
322.8174
559.1108
732.2405
793.9732
868.2242
989.0865
1033.7556
1078.3362
1141.4387
1204.2549
1293.3207
1530.5817
1669.2572
1862.7009
2028.9616
2165.3950
2270.9792
2330.7766
2376.9449
2353.7892
2323.7235
2331.1582
2321.3248
2284.3356
2297.1742
2256.8595
2129.7415
2048.4102
1988.5992
1906.7840
1923.8340
1991.0592
1956.6800
1873.5156
1870.6126
1824.3556
1815.3128
1795.0123
1663.3081
1672.3101
1547.8225
1560.9745
1691.8064
1745.4503
1674.5657
1516.1077
1356.1641
1095.2022
878.3369
764.5004
725.8825
676.6204
586.4166
432.3948
353.3941
317.3998
255.5717
139.8544
79.0143
68.7926
123.9765
230.8009
334.5588
443.5025
614.7445
707.0608
776.5348
744.2476
759.4576
856.2920
905.9357
915.4760
983.7507
1035.9295
1057.5519
1059.2079
1077.4776
1042.6077
1011.3836
1076.1896
1121.5062
1127.7210
1167.3066
1263.2414
1339.6049
1387.7222
1284.5504
1162.8840
1123.4143
1145.5751
1197.5290
1219.8601
1276.3934
1342.3102
1399.5999
1390.5911
1384.0287
1297.0209
1249.0467
1267.6776
1271.5551
1303.2698
1355.6667
1370.5700
1396.6219
1491.1189
1602.5635
1661.6181
1701.5444
1729.3953
1717.5653
1577.3839
1522.3771
1355.4350
1138.1268
1042.7849
1091.9516
1155.8786
1148.6893
1105.4512
1021.5440
864.9396
712.8191
627.4877
612.2640
575.0023
587.4933
527.4233
438.8482
348.6785
297.8558
259.8717
256.4031
305.1882
338.9133
355.3567
333.3731
288.7448
261.8070
268.2467
274.0595
246.3721
213.8941
185.0891
158.8192
127.6155
109.1004
98.7560
84.9021
69.6512
55.5315
45.2075
37.7184
40.3965
41.8548
44.1717
48.4308
62.7413
67.0549
78.9462
119.7243
171.5487
210.8139
270.1003
297.5764
272.5126
251.9736
265.1529
290.4143
321.8225
336.1057
323.3762
331.3696
301.3516
295.1572
301.6515
234.5421
151.4799
105.6319
82.3262
83.9753
76.0568
77.1744
72.3770
80.3977
83.5528
106.3133
136.5016
146.6212
142.2940
180.5370
225.4243
275.2929
310.6807
341.3188
366.0487
418.8339
447.4140
486.5089
516.0635
588.5836
618.5061
626.8471
673.5538
705.7865
784.1398
788.6510
705.8069
652.9331
654.4732
730.9116
790.5864
790.7295
754.2854
731.1569
683.4894
608.5978
544.8480
500.5332
424.6672
372.5702
305.6243
283.7429
288.5540
280.2743
252.1372
209.8395
221.0153
219.5979
233.5813
260.6621
330.4837
432.4153
510.2984
536.6161
604.0457
632.6190
674.5419
685.3021
634.6497
541.6111
493.3575
407.2493
354.8865
315.3214
274.0050
246.9650
221.3764
221.1720
277.3986
415.2699
556.0852
813.5854
1075.2969
1326.9094
1595.7626
1604.0763
1424.6023
1253.6465
1160.9623
1083.2086
996.3030
1007.3903
1027.8338
1124.5932
1230.2455
1352.9272
1413.3993
1403.1502
1417.0314
1590.2633
1743.1198
1759.0521
1847.7908
2031.3194
2174.2539
2276.7783
2426.0640
2607.8617
2652.7081
2444.9470
2711.1834
2685.1656
2644.1558
2634.2816
2601.7491
2318.4900
2354.4025
2478.4404
2398.6015
2235.3801
2122.7702
2050.7885
2015.1758
1900.5079
1737.0139
1626.5574
1581.4930
1576.0891
1383.1496
1248.5084
1245.7281
1203.6893
1292.1417
1350.5285
1387.6949
1449.5571
1403.5864
1364.3688
1439.7647
1345.0633
1087.6789
840.2778
669.6968
519.8183
357.0944
266.6453
197.8732
153.3062
194.3433
256.7642
272.7784
222.0511
134.8593
87.0555
102.8311
174.4312
237.1861
222.3646
280.5401
349.0192
392.3255
486.8224
627.9443
681.3701
731.5045
896.6475
1148.1305
1275.8619
1564.4703
1799.1487
1935.0166
2003.6865
2093.6927
2155.4867
2174.3697
2151.9091
2178.5266
2136.6446
2002.6507
1879.1921
1754.9498
1563.9184
1406.9868
1350.5422
1362.3449
1306.1319
1324.7765
1357.1454
1344.8180
1283.4873
1189.8013
1079.7468
1088.2241
1109.9828
1044.8292
913.6906
929.5071
942.7137
736.0975
531.7232
415.7197
342.2251
268.3830
253.6841
327.8806
398.5199
472.2666
443.4003
320.2756
305.3654
324.8208
343.6766
339.1586
309.5631
264.2943
289.3445
342.1774
327.2195
324.4324
311.1782
285.6237
258.8495
210.9843
144.8767
111.5877
107.1447
105.7886
101.9179
129.2237
210.5482
306.5647
452.5249
521.8695
568.4603
597.3607
642.6500
662.7733
671.1210
637.8185
641.2939
724.2198
798.2050
811.7523
878.5482
937.5892
1059.9643
1070.4109
1125.5676
1208.2414
1268.1751
1336.4293
1374.0114
1231.7378
1072.9391
950.0665
848.2304
801.4078
749.7333
685.9154
639.7811
631.0585
593.0539
525.3721
454.0377
392.8502
362.7096
360.6243
388.1413
402.5472
395.8281
389.1090
414.5476
446.8552
486.7951
468.5118
413.4641
390.4515
382.3626
382.8533
382.5330
357.8985
362.6755
332.9914
271.6199
263.2994
283.3477
281.4532
259.4764
260.3896
220.0749
194.1524
168.7275
140.2905
119.6425
90.6876
51.3338
33.2276
38.4066
39.6332
51.8176
58.3323
50.3865
35.2242
27.3875
28.8118
46.5909
72.2203
107.5944
97.5975
103.8328
109.1004
102.8038
84.1729
83.9889
106.1634
137.9599
141.9737
143.0231
169.2045
190.1387
193.1235
201.0487
189.5049
185.2595
197.3008
201.8937
236.7773
253.9226
228.2591
230.7737
258.4747
260.3964
244.0620
253.7795
270.1207
271.5517
224.7701
187.2766
192.6464
245.6838
273.6165
279.3953
309.0997
287.1025
217.1855
199.1679
189.9888
190.9019
194.3364
232.7567
285.4670
352.6241
426.5343
472.4097
497.9369
525.9786
510.7413
466.1403
476.8391
499.0544
539.3214
571.6563
677.4790
751.5596
801.0262
867.1679
938.2025
993.4818
1052.8840
1129.6632
1150.8018
1149.4798
1168.1379
1182.5643
1228.5759
1355.0943
1502.0221
1642.9736
1744.2169
1862.9326
1961.7023
2020.7705
2100.0642
2127.2882
2011.5300
1828.1445
1713.4221
1839.6338
1831.9061
1684.5967
1569.9492
1529.9275
1479.7318
1443.0970
1361.3841
1246.9070
1086.6908
912.9819
690.4743
648.0198
630.6632
603.8549
605.7698
601.7220
592.6587
624.5370
616.5163
632.3805
645.6007
618.4039
620.5096
669.4106
618.2881
493.1531
411.2494
269.8277
186.4112
196.9532
185.3276
218.0782
236.5183
271.8448
368.1748
495.8721
567.4109
615.6509
635.3584
624.9459
603.0031
630.4111
607.0986
528.0707
480.9210
471.1013
509.9372
578.9956
630.5065
726.7820
690.5901
743.9546
903.1690
1014.3547
1167.0340
1266.3829
1194.9940
1027.9292
1062.4311
1169.8688
1216.8481
1218.2178
1180.6903
1123.6460
1100.5038
1112.3475
1139.5102
1209.9314
1263.8479
1300.5986
1274.0901
1194.3330
1131.3668
1011.5880
1011.1519
1062.1722
1114.7803
1136.7503
1102.3710
1086.0434
1051.8959
966.8098
919.4012
853.5730
741.9580
627.8420
499.8109
402.3087
358.4096
374.5191
356.7332
380.6590
406.8745
427.1068
484.1988
530.4898
525.9241
512.6017
511.0003
557.2095
657.1922
754.9941
860.2444
979.9346
1013.5302
1095.1681
1227.6696
1345.5744
1369.9431
1403.8930
1384.9350
1367.2786
1360.5731
1340.9473
1426.9602
1458.5591
1461.1827
1462.0549
1485.1698
1456.2558
1472.1949
1520.2577
1617.2079
1707.5139
1748.7417
1740.0532
1714.0627
1802.5287
1910.1641
1983.8563
2016.6886
2094.7625
2234.8827
2263.1220
2200.8646
2123.3494
2118.8314
2187.3173
2217.8055
2198.2137
2195.7333
2193.4504
2182.6221
2184.0055
2125.8981
2110.6744
2122.4022
2193.1029
2250.6106
2273.1598
2267.3743
2254.4676
2184.6869
2104.7049
2016.2320
1953.6884
1929.3401
1917.8713
1919.2682
1813.5274
1684.6103
1661.1956
1608.1241
1617.4123
1629.2560
1660.5005
1634.3669
1570.5353
1472.2972
1434.6538
1487.3913
1522.9836
1494.6624
1405.9374
1303.9717
1249.2648
1180.2678
1068.6255
954.2711
848.4280
740.4520
618.4584
558.7769
512.2814
458.4740
421.9209
415.7265
497.4939
603.0031
684.5184
730.0871
712.4307
680.3002
626.1520
618.3630
620.3597
617.8588
592.5360
622.2337
680.5251
738.6597
792.3786
757.3997
745.8627
664.2724
577.8098
489.8957
381.4427
317.3453
289.3922
233.2337
202.6229
189.3005
172.0461
161.1088
130.7297
99.0218
73.5355
51.7426
45.5755
34.9994
16.4571
10.6920
8.9747
5.6765
2.2283
2.0512
5.0700
12.0072
21.6225
44.5533
70.9664
106.6949
161.3269
182.0430
195.5903
231.5846
261.5071
321.6589
383.9504
422.5751
406.7586
361.3262
329.0254
360.1677
400.1417
494.1821
570.1094
689.4589
766.3062
952.0768
1107.1480
1256.2292
1335.6388
1310.9226
1160.8737
1082.3432
1015.3633
891.8024
771.4785
688.8047
584.7266
477.0436
434.4869
405.7092
329.2503
236.8454
196.8714
181.0549
150.5395
112.9915
80.5817
53.7188
38.6588
33.1186
37.0233
38.4134
65.0105
111.9012
152.2023
205.0216
234.1537
259.8853
312.5820
356.4129
373.7082
386.3628
394.1790
370.6553
359.4727
325.4818
284.0359
376.6384
464.3890
509.3035
529.3518
482.1272
353.6190
271.7494
247.6396
254.0521
254.7608
241.5406
259.3878
283.3409
308.9021
304.5885
279.9949
255.8034
225.4038
209.1171
173.0070
154.1035
117.8298
97.2909
67.8726
64.2132
69.6648
56.3356
54.6593
73.4128
76.8814
100.0916
121.2848
109.2231
107.6830
106.6336
98.0473
92.2277
110.0545
140.0111
177.0276
189.5935
211.9860
254.0998
327.0015
400.8300
421.6483
325.2433
242.2016
274.2707
349.6598
369.9602
426.3572
536.1731
615.0648
751.5187
917.8066
1055.6779
1148.3690
1163.9879
1167.2589
1241.1760
1286.2336
1353.0840
1316.9261
1339.3255
1326.3029
1355.2783
1449.9047
1563.8843
1636.7383
1634.9802
1766.1801
1806.0041
1819.5855
1725.7291
1696.7742
1744.7621
1762.7728
1850.3462
1999.4274
2094.7694
2159.5482
2188.4485
2094.5377
1875.4713
1728.0120
1511.0173
1240.9783
902.0242
672.5930
620.1961
613.2726
621.0275
653.7713
690.2358
708.5259
733.5488
793.2372
831.5552
899.2984
1011.7584
1140.2734
1266.2806
1427.7234
1578.4060
1657.4476
1721.0680
1711.1256
1643.1848
1558.3100
1435.1103
1275.0509
1200.0572
1104.7425
996.5416
860.4011
879.7135
892.7087
875.5430
857.1710
885.5194
880.3268
899.8095
853.0687
847.5489
963.2867
1002.5383
954.9321
879.1001
713.6368
552.8687
407.9648
357.5373
349.7143
304.5476
294.2237
286.4687
300.9973
322.2927
296.8541
303.8935
320.6844
317.9791
309.5699
354.0211
491.2927
584.8765
733.7874
792.4604
834.3424
960.7176
1102.9026
1238.9544
1377.6435
1525.1846
1679.2473
1836.1107
1903.2269
1937.2518
1907.2747
1839.6338
1884.9640
1970.3908
2022.6581
2016.3206
2018.5149
1972.9530
1938.8055
1914.2732
1880.1734
1860.0433
1772.6948
1712.1205
1620.2540
1511.1604
1349.9084
1096.5582
860.4284
716.8942
741.3583
729.4738
652.4016
564.6783
502.3186
414.1728
360.9037
364.2905
357.0058
373.6264
389.5179
384.1957
374.1171
404.1759
482.0931
545.2841
546.0474
510.8708
461.4042
421.0010
358.2597
327.8056
299.4913
272.3150
250.3313
225.9354
199.7335
169.0546
153.7901
144.6722
125.8301
108.7870
99.5942
101.1002
115.6424
135.2273
137.7623
122.7431
84.7658
67.6341
87.1372
94.1221
86.6943
68.4246
69.0720
84.4183
90.1697
76.9291
49.9709
35.1493
24.4846
27.7215
34.7677
47.6676
66.1145
85.4336
111.3560
125.9800
111.7308
94.1017
86.1083
85.6108
87.6074
89.2770
81.0110
79.4982
61.9576
61.5010
77.9717
71.5320
54.2231
65.2831
81.5766
79.4164
64.3699
62.4823
64.1382
71.0345
81.0383
104.0373
109.9318
131.4112
141.1150
123.1179
96.1188
92.3435
80.4931
80.7657
82.4693
72.7245
70.3122
72.2339
66.1758
64.0974
73.7944
58.0870
44.4784
52.5672
70.9460
73.7058
77.9717
106.2860
145.4150
139.3978
176.2371
223.6457
250.1882
242.3379
284.8196
356.8968
437.0151
555.1652
687.5372
808.1133
764.4186
695.5034
769.1956
900.0139
940.9419
1052.9930
1134.3856
1110.9301
1122.2762
1123.4415
1074.5951
975.8050
978.2923
982.1834
987.8871
937.5074
962.1214
1054.3832
1267.4119
1414.6736
1672.0375
1565.8264
1943.0986
2004.1431
1913.4623
1804.9751
1724.7751
1674.4635
1627.0617
1711.9842
1837.7189
1950.1380
2027.3465
1949.0681
1803.0262
1810.2428
1888.7733
1993.7986
2101.2023
2140.6174
2133.3259
2155.5685
2078.6735
1985.6485
2063.0546
2084.7179
2043.2584
1931.0097
1753.7231
1672.0443
1575.5235
1489.3880
1588.9072
1632.6292
1670.3475
1738.9016
1643.7504
1686.7160
1670.6337
1703.3775
1654.8309
1687.5269
1712.0933
1791.2439
1840.7854
1887.5944
2000.1634
2105.8157
2060.2266
2033.6772
2099.3215
2064.5810
2056.5672
2030.0178
2101.0796
2178.6425
2323.4237
2427.0725
2468.7638
2516.7243
2562.6474
2554.7221
2456.3068
2469.4111
2435.6929
2300.9358
2432.6468
2370.8323
2365.3534
2453.8468
2360.6242
2025.6497
1838.1210
1850.8369
2402.4040
2419.1677
2420.2239
2333.4751
2335.5876
2359.4998
2349.4620
2354.7501
2256.6959
2138.8865
2014.7737
1909.8233
1787.1347
1672.5690
1590.5018
1571.5370
1496.0321
1406.6188
1264.7474
1119.9866
1072.2372
1001.0119
971.8253
1012.9918
1076.5508
987.1034
799.5952
651.2908
626.3156
636.9735
663.8363
746.1898
752.3160
751.6278
739.3548
751.7572
736.2269
721.5280
701.0708
676.8452
692.9548
736.9765
696.6482
555.4855
464.1437
456.6341
534.3060
596.7746
617.1432
473.0979
313.9040
303.2052
342.2592
370.0829
312.1663
239.8438
181.0822
117.4550
92.2277
65.8282
51.5314
48.0628
47.5381
36.8938
33.5888
26.1609
24.5255
23.7963
12.0072
15.5371
25.2478
32.1645
32.0623
40.1580
64.5199
109.1141
191.3176
269.3234
353.7076
374.8190
393.9337
373.0676
331.3355
289.9305
267.4221
236.1912
242.6105
261.5821
291.5319
316.1051
275.3065
168.2096
97.4476
79.7026
88.8818
128.9648
184.1010
234.3990
250.4063
264.7781
339.3426
407.4537
433.9213
449.6969
418.6840
358.2188
301.3380
275.8449
264.0490
259.0267
252.0077
245.8269
251.9873
263.1767
220.7427
114.8110
57.1466
62.4482
85.9038
117.0734
165.8722
188.8780
209.0217
273.3167
309.2769
284.2949
242.4469
252.2462
253.6296
248.8185
225.1585
187.1948
141.1696
97.8292
79.4573
69.7602
53.7666
28.4711
27.5102
29.1730
29.3501
38.4748
42.1955
48.7579
53.4122
55.7496
64.9628
72.9017
80.7452
109.7887
131.8132
129.2987
116.6646
112.6235
116.9235
129.1965
158.3626
169.7497
157.4154
168.1823
183.3037
196.5307
188.8576
209.9281
241.8336
257.1390
267.0746
271.8107
257.1459
267.8174
286.0190
294.8097
295.9545
325.5704
315.0488
280.6559
275.0203
280.3493
273.5825
248.7776
277.2555
276.3628
249.9497
217.2400
179.0924
173.3000
188.2443
198.7931
212.5244
279.8859
375.9638
480.4031
551.6080
612.8569
652.2789
682.4059
651.3521
592.5496
509.9986
467.4010
400.2848
336.6031
300.8610
287.3887
268.2535
274.0050
312.8954
305.9514
285.7941
249.4318
203.8086
224.3271
270.2842
304.2274
351.5406
341.0530
353.0943
367.0368
342.3273
257.2821
197.4370
190.2477
160.9862
122.9612
86.3059
81.4131
90.9875
111.7240
144.4542
172.9525
201.4304
226.7463
273.9028
316.2822
300.4521
248.2665
316.6911
429.7372
522.3874
575.7723
588.6517
622.5131
663.4138
649.4236
583.3432
596.9518
664.0408
687.7894
739.0209
831.9300
939.3405
1068.6051
1146.4405
1196.5749
1280.0800
1347.3530
1407.5252
1380.4852
1346.1468
1345.9355
1373.6229
1413.6582
1418.1149
1352.7296
1333.5536
1425.4201
1440.0100
1481.6876
1355.4282
1242.7092
1181.7057
1156.0354
1080.4692
951.2523
900.2320
800.5151
612.5094
440.1429
328.4257
205.1579
138.3620
75.5389
31.5785
30.3382
69.7739
138.2052
284.8332
493.1803
695.6056
858.1864
978.6603
967.3141
848.6869
843.1399
899.8504
934.3454
909.2612
935.1768
940.8124
922.2360
894.7122
852.1964
782.2727
756.6909
738.6325
672.8656
676.6204
804.0791
881.7101
896.5862
744.5747
830.7171
989.0320
1114.9234
1064.8435
951.4499
824.0320
732.3495
710.4613
733.4262
773.4683
747.6208
748.8611
765.6793
814.9960
843.4125
801.3942
718.5365
618.6424
508.4176
500.1039
512.9629
387.4735
274.7818
211.1342
226.7804
224.9950
231.0940
180.2099
141.9260
122.4705
123.2542
123.3223
122.1162
110.2112
133.4623
175.7192
222.9847
267.7833
322.0405
313.1544
277.6780
258.7405
233.8198
158.5125
84.2274
83.1848
89.9516
80.8611
78.7895
74.3123
66.9663
74.7553
74.5645
109.6252
166.8535
187.6446
176.7073
146.2464
167.5826
218.7597
255.8238
262.1545
259.2447
308.6091
363.6909
457.5131
485.7798
382.9896
302.4488
349.1623
510.9867
761.6587
948.1857
1214.3268
1500.5297
1643.2871
1560.6474
1490.7168
1537.4985
1604.4920
1682.5864
1807.9190
1947.4054
2048.3012
2002.0101
2041.1391
2010.9917
2029.3500
2034.7607
2061.2419
2108.6982
2176.3596
2254.3518
1921.1899
1560.1363
1595.3537
1611.9812
1706.0215
2208.4015
2417.8048
2426.0572
2332.9504
2323.6350
2274.7612
2304.2000
2260.2599
2101.6384
2066.0325
1996.6403
2037.2548
2011.1961
2031.1354
2078.8370
2120.2557
2154.1783
2186.9425
2168.8159
2104.1734
2004.5315
1955.8418
1872.6161
1898.0683
1887.2059
1739.6852
1483.5956
1352.7364
1254.6074
1174.4346
1100.9059
1008.5147
831.2350
616.2233
461.4724
333.2300
265.1734
261.8888
314.6195
335.0154
290.5779
155.8480
83.6005
48.8465
24.2461
12.6137
24.6413
30.1883
37.6366
44.8191
47.1701
62.1075
101.0525
166.7785
279.9540
351.0090
434.2552
486.3863
491.9265
540.9569
639.1337
699.0878
877.3965
1050.6488
1108.7494
1167.8722
1189.8831
1198.6534
1257.9669
1279.8960
1284.4345
1263.8138
1244.5219
1259.7251
1314.7387
1511.6851
1587.5443
1592.4031
1559.3254
1537.6620
1530.6976
1373.6911
1277.8244
1196.7726
1223.3083
1180.8470
1189.8831
1124.8453
906.2628
824.4136
760.9364
698.1133
701.9704
697.0230
680.0821
670.7735
701.3094
684.8387
614.2062
390.2266
375.7389
442.9369
521.7400
685.8745
778.2453
891.5503
1085.3143
1111.5570
1191.3959
1297.8250
1403.5864
1384.0900
1359.7349
1419.7027
1409.0721
1503.4872
1602.0524
1601.5958
1639.9548
1581.2272
1431.7372
1331.8976
1188.6837
1084.2376
1056.6933
1009.4960
982.5105
1074.6428
1215.9418
1268.3727
1282.1721
1266.8735
1223.3015
1180.2337
1290.4722
1411.8251
1436.9639
1522.6428
1632.2748
1729.4907
1698.0349
1486.3283
1327.3455
1352.5797
1228.2147
1007.3358
698.0929
480.6961
383.6301
338.3477
324.9299
361.1422
362.8390
301.2630
235.8437
255.7830
279.5384
323.2603
378.3489
376.6930
341.2098
331.1992
419.1815
552.4530
603.7527
744.1045
838.9626
900.6613
854.5883
795.6018
643.4405
516.4928
492.5125
642.5955
811.0095
963.9682
1193.0791
1297.6547
1668.5144
1928.6450
2131.2407
2074.1759
1968.8030
1626.6733
1306.2273
1146.0998
940.6352
786.7975
830.2673
960.0498
1011.2405
1089.2190
1154.3522
1338.5554
1280.5502
1367.3195
1393.7258
1368.2667
1337.0767
1243.7382
1153.1119
1042.4510
898.0241
805.9463
695.2649
619.6169
610.5672
579.6225
439.5910
343.5062
321.1410
332.4190
425.9551
481.9227
486.9314
492.6556
484.4373
452.8793
366.0555
215.3592
217.2060
257.0913
238.7875
225.7173
213.5125
204.9807
202.8614
167.6031
125.9936
101.5704
62.0462
45.6913
21.6497
6.0649
4.2795
5.8809
7.4006
10.9986
18.3038
31.0469
42.9587
56.6150
61.1807
72.1521
97.6043
110.1771
113.6594
103.1446
84.1048
69.0515
77.9172
85.8220
101.0116
115.0495
126.3752
122.0140
97.0864
59.4907
49.0850
65.7192
69.3241
68.0702
78.9598
95.7576
113.4140
164.5093
156.8838
139.9634
167.8893
167.2828
121.9186
104.7460
114.5452
137.3398
153.6538
131.4657
115.2403
115.9081
108.6371
98.7424
79.0007
38.5497
34.1203
32.8664
46.4818
51.2452
65.2695
112.6167
150.2397
179.7261
166.2129
166.3288
235.5166
263.1903
289.8351
288.3427
284.3494
258.3657
243.2579
274.3048
285.8554
332.7461
420.9941
465.8814
502.0324
633.5594
699.8715
576.3924
468.8934
413.0007
474.7062
598.7781
782.8996
745.3652
641.6074
530.5580
507.4431
515.0413
539.1851
567.9629
646.4866
703.8852
781.9524
858.4999
880.0201
931.0200
931.8377
900.4364
806.4029
1044.5226
1012.2081
658.3643
433.3693
473.3569
529.3722
504.7650
613.8246
806.7640
808.3246
695.1490
588.1611
541.9246
445.4106
372.5497
276.9829
241.2885
221.6967
199.1679
196.7488
170.0904
119.9492
98.1495
59.0410
26.1609
32.6211
36.1033
55.5997
98.1768
138.6686
199.5087
314.6399
558.5725
601.0473
486.3794
395.7055
399.0446
420.2650
425.3350
464.0483
443.7819
417.2530
378.1921
360.9242
369.5513
341.8367
317.8223
263.5583
291.0276
290.7074
236.6819
216.0066
207.0387
242.5560
280.8059
303.7231
340.4465
306.9327
216.0748
192.6192
204.9194
199.5700
170.0904
175.7873
196.6670
167.3782
133.1148
99.6828
79.4982
67.4024
46.2501
28.8322
5.2881
13.8130
31.9533
32.1918
44.7032
74.1624
125.4757
164.0255
209.3761
241.5815
228.5317
193.3960
187.9921
219.6933
245.2273
289.3990
311.0760
321.7066
333.5298
281.0035
235.5370
181.0549
161.9061
141.7897
151.6094
147.1732
157.1837
157.9946
156.3864
180.0259
238.6036
262.3453
229.3358
186.6565
191.8764
164.1209
149.2993
130.8796
139.6022
175.5693
282.3187
252.1508
206.2414
155.8140
94.8445
65.2626
48.3626
46.6454
83.9685
270.6590
550.4291
813.2106
1027.3296
1401.3308
1678.7362
2043.7218
2318.0130
2412.2918
2405.3138
2486.1749
2505.7257
2469.4588
2430.8069
2312.2275
2333.9385
2344.9440
2308.0570
2214.2347
2222.8891
2200.0332
2197.5119
2075.7705
1898.5862
1695.0161
1502.3424
1288.9457
1217.2025
1178.4619
1416.2409
1581.2886
1461.4416
1440.7800
1403.8113
1297.8932
1250.7299
1233.4006
1310.4183
1214.4562
1103.7544
1029.9395
968.2136
916.8049
871.7814
720.1242
624.0804
621.7022
661.6625
669.2130
538.6809
285.9781
198.1253
133.6259
83.1780
100.7799
74.5508
31.9328
15.7824
20.8456
36.4236
72.9153
223.2641
524.0092
777.4412
845.6000
955.3001
1067.9032
1149.7251
1223.4378
1229.7003
1167.1021
1135.0875
1103.6453
1007.1381
830.6012
688.7229
547.4580
708.0966
930.4544
950.3187
981.1544
1056.9182
1122.7941
1198.0060
1093.8120
870.5888
703.7490
630.8472
566.8180
440.3337
301.9309
223.8229
180.2576
139.9430
110.2862
119.8060
114.7633
127.7586
136.5152
136.9446
137.5511
128.8148
102.3541
57.0716
27.2513
12.3206
16.5865
59.0342
118.9542
238.3787
359.8066
413.7026
449.8127
484.4441
528.2683
602.5057
656.0678
779.1720
861.3824
1015.2406
1266.3011
1528.1421
1754.0775
1784.9677
2097.5906
2153.3129
2137.4555
1894.6406
1994.5482
1740.1214
1669.1277
1638.1285
1644.1661
1557.3969
1389.7597
1171.6474
974.2853
816.1749
689.4044
596.3113
521.4606
375.6026
268.5534
211.3795
154.2194
96.1324
62.2029
55.3816
69.6853
52.2333
77.7264
123.7244
94.7423
89.8767
75.2187
84.7249
141.5375
236.4161
291.1980
317.1272
306.0332
290.0055
311.1850
288.8811
322.9196
308.6841
278.9046
305.6652
341.4551
365.5035
370.8188
359.7044
443.4412
593.9943
749.8083
897.4789
966.2238
894.2965
712.8532
665.3900
567.2950
482.6723
463.6190
461.3156
443.0732
471.5033
515.7091
540.7116
585.1286
564.3239
603.6846
706.9859
823.8821
891.2436
898.3580
872.3674
873.0489
874.1392
798.7093
692.2869
548.2689
410.9155
361.0127
410.2136
483.3470
465.4793
401.5523
370.7780
348.0924
270.1207
239.5780
197.1713
177.3955
191.5084
198.4388
226.7804
272.2673
353.4214
408.1488
427.0931
461.1112
496.6285
618.4721
744.7247
809.2309
862.3160
923.9737
905.5132
829.9811
742.0806
690.1676
658.6437
558.7019
497.6779
510.4074
536.6978
560.9439
553.1413
532.6977
513.3649
498.3457
479.0402
370.0897
306.8850
268.4375
240.6411
235.2167
230.4806
217.3014
204.9058
188.2170
171.4805
178.7789
177.3887
150.9280
152.4749
122.1162
114.9814
116.4192
151.6162
185.0619
208.8991
213.1990
221.7035
195.3245
155.9434
123.0361
107.6421
91.9210
83.9412
74.7893
68.9289
70.1964
56.0699
48.7238
42.2636
45.7459
51.6813
58.3868
55.3271
43.3676
50.9658
52.3287
40.3828
40.4782
29.9430
24.5936
24.1984
26.8219
37.7524
67.6682
92.9841
121.1894
154.9485
198.4047
188.6191
175.4807
124.5967
78.3670
59.9201
66.3734
70.8369
79.3687
76.1386
67.0617
51.6745
41.6367
42.3727
48.3218
38.4952
30.4268
29.1525
27.3398
19.7212
11.6051
7.5232
9.5403
14.5763
24.3346
42.4681
67.7159
73.0721
93.3657
144.0112
178.1792
141.1423
130.9682
131.5815
121.0122
89.2293
75.9410
56.7786
67.1912
82.3603
112.5418
101.8634
86.2854
89.2906
93.6179
106.8857
146.9278
189.7026
213.5738
249.1320
289.4126
267.8515
249.5409
261.4049
267.2654
249.5409
231.3120
176.9867
143.5138
115.3902
95.7372
105.5296
151.1596
149.8172
207.5430
269.6164
359.7452
416.5238
477.5001
433.6146
355.9496
329.9113
345.9663
362.2802
358.3892
292.3020
229.8537
199.6449
202.4116
233.2610
224.3271
194.9566
173.9678
146.7711
115.2880
109.3049
119.9015
103.9146
64.6016
74.3873
74.1283
56.4583
44.2671
50.0595
46.9929
60.2812
77.7741
111.0767
118.2115
111.1107
115.8536
158.8669
209.0354
235.6665
256.4303
331.5059
440.0135
515.8591
542.6537
555.6967
526.5647
460.5456
462.7808
534.1015
316.7593
240.6275
200.0129
215.8567
235.1827
257.0505
391.7258
462.9239
527.5528
482.9449
421.1100
381.1769
353.6871
337.7071
335.3425
323.6351
357.2716
417.8322
467.8440
515.9204
515.1572
496.7580
467.2647
513.7738
736.3292
836.0733
723.8927
785.6390
873.3896
1165.0919
1332.7154
1246.6889
1136.8661
935.7561
818.1375
840.7480
924.3962
919.3876
910.9376
865.1576
820.0796
785.2915
797.6189
773.8158
723.4225
636.3534
607.4462
574.3481
525.6924
497.1941
447.6593
512.8334
578.4231
704.3350
848.6869
792.9169
679.9527
641.2462
585.5988
546.6539
540.8547
573.5576
562.7021
470.1950
412.9598
363.8340
335.0222
339.2267
327.3218
287.4091
268.4920
326.3473
406.7177
411.4470
390.4855
443.9045
471.4079
622.8674
722.7410
634.5134
445.7445
297.4333
208.8922
197.8664
210.4528
177.2116
151.4390
140.7948
130.4026
119.0088
115.3289
129.6190
139.5205
142.7778
152.1137
181.1572
228.3068
240.2458
316.9024
299.7230
307.5937
306.9055
324.0576
447.6185
393.2931
283.3068
318.9672
462.0448
557.9114
604.0389
644.4286
704.2464
667.7956
472.9753
396.2643
443.0323
589.1628
521.2698
561.7548
831.7733
954.7072
1076.6394
1129.7995
1097.5600
1150.7200
1325.2330
1617.0239
1761.1101
1660.9299
1506.5333
1338.1397
1232.0036
1219.2196
1301.0415
1229.4414
1185.1197
1149.1391
1101.8191
1025.9189
949.2215
817.0744
861.2257
962.9664
943.1498
1002.7837
885.9351
788.2422
702.2225
763.8326
726.0461
714.3046
694.0519
707.4084
788.2490
661.3967
566.1502
593.3674
552.8006
635.4061
726.1483
800.3993
889.7512
947.2385
1111.2640
1083.0587
1096.3606
1238.3275
1251.1183
1131.8234
1081.1029
1074.3020
993.7885
932.3011
1104.2041
1184.0907
1192.2682
1013.8504
786.1910
521.6718
490.1547
489.0098
413.5322
398.8401
422.2208
460.4434
465.3226
462.2220
385.6609
290.6324
140.1269
34.6859
39.5651
94.0404
209.5056
383.8414
594.3282
746.0944
924.2940
1090.6092
1316.4423
1461.8096
1460.8488
1316.6944
1226.4498
1230.3136
1234.7022
1185.9715
1092.5377
1016.8079
972.3636
944.6763
856.1080
742.2578
651.9450
622.2541
554.2248
455.1008
425.4713
342.8589
351.9426
420.0537
465.9291
497.1668
501.5281
463.3055
376.2091
262.5907
229.5198
164.8023
129.2578
107.9760
67.4365
48.4785
43.8651
42.9451
41.2755
30.0111
21.9155
12.5046
20.4367
40.0762
68.9493
102.3950
115.7719
120.5216
136.0996
156.8498
182.1998
183.8421
148.4952
114.9814
101.3591
59.4703
38.8223
27.6942
30.2633
27.1422
16.0482
13.3633
14.6717
17.2135
15.7007
9.8265
16.3753
29.1525
59.5930
107.2742
146.8052
190.6702
243.3942
306.0128
326.2587
285.0854
201.7574
122.3411
122.5455
140.2428
175.5488
199.3519
220.7359
267.2927
307.8868
354.9069
416.9736
500.2606
564.7941
689.6497
810.8187
916.1166
928.2533
934.5976
989.0933
1038.4168
1189.7672
1272.0048
1267.3778
1148.4849
967.7502
722.1141
552.1259
483.0948
487.0950
505.5896
463.8438
420.1151
371.6979
316.0846
282.2982
256.2123
235.9527
218.3508
142.3621
112.6508
115.5538
131.8541
149.5105
142.5529
142.6006
152.3386
158.7510
138.3007
120.3921
105.3729
100.4937
109.6660
108.2486
112.5418
125.9391
136.9650
165.4293
187.1608
216.4632
218.8210
179.6648
161.6063
146.8324
107.1924
99.8463
121.1008
152.7815
188.7826
233.6426
267.9401
340.4261
360.3245
371.0846
384.9181
458.2559
484.7712
455.7482
422.8886
428.9876
480.4099
541.3590
486.3249
412.5169
347.0089
213.1309
220.5110
241.9767
227.3937
215.5841
225.3289
234.3445
234.7329
242.7400
216.9743
197.7982
182.0839
146.5121
106.5654
116.6237
115.3494
112.2215
108.6779
113.3868
151.0506
196.6670
258.2634
306.1627
320.1393
317.0455
381.1633
587.4524
744.6701
616.7957
694.4403
811.1730
849.6682
901.8947
1201.6586
1292.5642
1196.3228
1039.4935
884.4155
813.6058
813.4150
845.2933
797.1760
793.8301
781.4413
700.0146
651.5906
618.7992
573.9051
632.7280
871.5633
918.8288
872.5650
690.4129
603.1598
591.2549
550.0066
605.5858
671.7820
789.3734
734.4075
631.3788
613.7905
665.9761
733.2831
796.2152
849.4093
1029.5647
1171.2794
1200.2888
1156.1444
1106.4870
957.7874
1075.6990
1331.9658
1320.5515
1284.8979
1209.1818
956.5676
824.0252
852.0669
917.8407
1183.2117
1399.8111
1374.6247
1093.3963
731.5794
549.8499
521.1267
510.6800
512.0225
534.0606
470.1268
418.3774
469.5476
620.1553
735.4501
861.0485
1158.9929
1313.0419
1378.8156
1200.4251
992.2893
1027.2341
1020.4128
1169.5008
1237.8300
1180.5949
1024.9240
829.8175
621.1093
608.2980
750.8236
821.0064
877.0013
977.4200
979.8801
914.4675
898.4943
878.1529
810.6142
802.1710
914.9990
1024.3925
1053.4019
970.5305
972.5136
957.8487
804.4062
887.9045
1008.4533
1209.2431
1161.3098
991.2058
651.2499
432.9809
359.3636
292.9970
266.4000
360.2495
399.3989
360.4063
367.4116
338.7838
364.1747
407.9171
591.1936
800.1199
965.5559
999.5263
1032.2769
723.2725
589.4763
539.8530
729.1944
776.9437
669.8058
547.9418
421.4439
402.3632
401.0412
398.6970
427.9586
503.5725
571.3224
570.8590
521.4810
448.6202
436.2041
399.1877
447.6321
537.2362
600.5908
682.9851
598.3965
442.1600
321.7134
277.8552
262.6111
353.6258
477.5683
510.9253
435.1820
420.0469
485.6230
574.3140
590.3213
627.2969
667.4139
701.4593
726.4822
704.9756
653.4237
630.4520
672.8860
757.7881
877.9076
966.4146
910.7331
925.2890
952.8741
999.5740
1039.5821
1016.9374
968.5407
935.2790
921.5887
938.9452
992.4937
1031.0639
1092.6944
1137.8542
1155.0745
1178.2234
1178.5437
1185.5899
1254.8868
1238.1299
1267.0234
1298.0704
1483.1186
1385.2485
1305.7026
1237.1554
1226.6338
1231.8128
1230.6612
1531.4131
1558.0374
1650.2447
1493.3608
1537.4848
1356.9683
1336.7223
1624.9356
1643.0758
1650.1561
1752.2648
1847.1570
2072.0498
2228.9677
2349.2507
2277.6983
2205.2736
2116.8484
2011.5913
1842.6526
1766.7798
1606.0116
1432.2346
1289.4841
1187.3617
910.2289
803.7043
704.3759
586.6415
507.0342
436.4427
364.4609
374.3692
407.8626
373.4220
328.5007
375.7048
362.8459
307.8936
442.1805
730.1961
920.1167
980.4457
1109.3355
1131.2101
984.4799
889.0425
926.2362
913.8814
856.8303
718.0663
520.3021
451.8503
445.5605
425.1646
475.3195
454.9850
521.5083
512.1724
481.9500
464.0619
428.1426
385.2043
379.2620
476.1100
458.9783
454.6987
447.6389
505.2420
552.3167
534.6603
580.0518
569.4280
559.1926
458.5898
439.0117
564.8623
833.5246
1013.4075
1117.8195
1092.8852
1109.9965
963.4571
842.9287
735.8726
695.0536
657.5329
661.3013
644.5172
627.0038
722.8023
827.5892
899.3256
873.3282
905.9630
883.8499
1026.6072
1066.8401
1186.9460
1208.1801
1144.6279
956.8947
906.8148
880.6130
863.0656
829.0134
740.7382
731.0684
721.0101
688.7161
731.6953
903.4689
1067.0173
1189.7536
1303.9990
1166.1617
1288.3188
1239.3020
1348.0685
1594.4610
1683.6563
1578.5219
1358.6106
1042.2397
799.7655
694.4131
727.2182
737.0515
703.7081
775.6762
884.9334
1009.4074
1134.0313
1380.1308
1702.7369
1975.0928
2168.7273
2217.3898
2247.0057
2181.4637
2071.6954
1956.2575
1966.2203
1895.3016
1682.2116
1447.5196
1039.9773
656.6743
388.4821
294.9460
215.9180
185.3004
143.0640
122.6204
104.6165
68.0089
40.0762
36.0011
37.5071
39.5378
53.8074
95.9620
128.5695
200.7216
336.3033
457.8402
555.6422
637.3755
673.2812
685.3770
623.0242
503.2454
444.2248
564.4329
693.8543
720.4854
777.9386
772.9163
639.8220
565.2984
500.3628
320.2006
308.6432
396.3051
394.3630
369.0948
339.0427
387.0851
426.3231
386.0425
465.2272
608.6319
807.6840
792.7261
910.8762
984.7047
1237.7687
1360.7299
1280.9796
1338.7530
1334.0647
1314.3162
1307.9991
1224.3782
1177.4125
1110.4530
1177.3171
1190.4828
1252.1337
1184.7722
1129.1521
1207.8666
1003.4787
1024.1744
1086.9975
1170.3322
1260.5973
1163.7153
1099.4067
999.8125
928.8052
880.9332
851.1265
776.6779
740.4179
699.8033
640.6193
569.1350
500.2129
424.6331
390.7717
390.9421
313.4065
269.3030
247.8100
233.6630
169.3953
143.6978
150.6281
134.5118
104.1667
47.3813
13.0975
13.1111
13.4178
35.3196
131.8677
258.4474
346.4774
477.0913
576.0381
626.6359
580.3312
476.1440
380.2910
352.4878
377.1155
266.7748
250.3790
231.4142
260.0080
272.5603
304.2069
310.6807
405.2526
582.4505
773.4001
896.6407
789.5778
726.6866
688.0279
612.6116
652.9126
738.4689
728.7310
702.7200
665.4445
607.0986
640.4216
750.7555
811.1935
923.8647
1032.0111
1138.9445
1173.1330
1217.0253
1269.6538
1266.5737
1241.3463
1198.8578
1023.4862
757.7199
585.6329
497.0374
436.4222
410.7996
395.0172
365.6739
367.6160
375.4595
397.3069
336.4873
275.6405
477.0776
706.8223
893.4924
924.4099
988.8275
1104.9265
1134.2221
1383.1905
1617.1466
1597.7388
1486.7985
1383.8038
1296.1078
1211.3352
1167.3611
1101.9962
1095.0999
1112.9131
1125.8266
1117.1176
1022.6548
1036.2634
957.9646
873.5736
951.9814
1003.4924
954.9389
909.4725
887.7682
933.7390
970.7554
1010.4432
1075.4605
1089.9822
1105.4921
996.2622
859.3244
692.9002
606.2196
584.6448
520.6292
491.2791
424.4559
452.7702
568.8351
640.0877
618.2472
578.1165
627.4809
850.1044
974.6329
1130.9988
1234.5931
1250.0076
1182.9732
1146.2565
1049.5108
878.5345
757.8562
632.5304
502.0324
481.9364
466.3039
403.6035
389.4157
447.5299
427.4134
381.6676
366.3144
403.2151
485.7525
604.8362
772.8891
932.7985
1111.1822
1336.0272
1647.2395
2022.4469
1853.8898
1930.2601
2023.5236
2145.5648
1898.4158
1485.7490
1301.3686
1049.4767
955.1842
985.0659
1021.7825
936.2467
837.7428
743.3209
626.3292
479.9193
360.0723
292.6836
312.0913
320.3505
311.2054
304.4045
275.8722
213.5329
188.2715
168.4208
144.5905
137.5306
98.5175
57.7326
33.8205
25.3773
38.0046
62.0326
72.3702
68.2270
69.6785
55.5997
45.1053
29.2138
15.3940
7.4074
7.7413
12.8181
32.1032
81.7470
217.9010
429.8258
643.1406
897.3085
1093.7302
1260.3111
1406.4621
1488.9995
1408.1930
1375.9331
1428.6161
1466.3753
1464.6036
1445.9045
1399.1569
1397.2080
1407.0004
1395.5861
1337.4924
1397.7804
1532.2581
1561.6219
1369.6501
1334.5962
1121.8878
957.5761
1113.4446
1157.9911
1160.0968
1209.4544
1119.0802
878.3369
637.6618
505.1807
469.7929
463.3396
458.5012
382.0696
332.5076
315.3010
334.4361
386.6490
447.7071
483.1698
482.9790
477.5069
469.1319
478.2634
471.9599
439.6455
399.8282
340.3784
356.1813
497.5416
698.1951
871.0863
899.8844
918.0724
924.1100
1017.5916
1130.8080
1144.4643
1203.1305
1288.0803
1297.8046
1178.7209
1111.2503
1218.6131
1454.9270
1526.0092
1516.1281
1441.0526
1188.3566
1175.4090
1113.2674
1061.8246
1060.2777
1178.7004
1029.1286
707.5515
468.2324
355.9359
324.6982
345.2712
355.5339
337.0529
276.1652
193.5664
127.0499
72.1112
41.1665
8.8044
4.3749
10.1196
22.4470
44.0422
76.6974
116.7395
170.6969
234.5012
262.5838
422.7932
527.8049
599.3369
571.5405
570.7977
702.3792
843.3784
895.6799
896.4431
927.1902
989.7134
1008.1603
970.1694
938.0525
958.8096
1092.1765
1352.8182
1516.4961
1602.3318
1404.8130
1390.0187
1334.4395
1362.6516
1346.3921
1411.2118
1229.2369
997.1821
815.8137
754.4081
775.6489
748.4999
752.6227
822.2875
842.2813
864.0537
874.1732
859.6856
805.8032
739.8250
721.0306
847.9374
1038.1169
1082.1046
966.7076
1005.0461
914.2222
1033.3604
1368.1509
1411.9342
1254.9617
1011.0837
817.0608
805.5579
780.0034
677.7039
540.5276
473.1865
412.5578
350.0823
305.7538
255.6467
136.6175
77.3993
68.0430
48.5739
76.8405
96.2619
123.1724
145.7285
188.7690
246.6242
315.3350
331.4991
317.0455
319.7440
371.2413
450.5760
490.1070
492.6488
519.2322
634.9700
728.0495
749.9514
841.7702
862.6635
917.7725
1039.9977
1064.9457
1178.5505
1201.4950
1400.9560
1415.8389
1345.6221
1466.6956
1619.3204
1841.6918
1796.4638
1624.8333
1455.8197
1304.6941
1104.6880
872.0062
740.4179
698.7198
664.8858
628.4826
601.6811
602.2876
603.5142
603.5892
654.8480
789.7345
873.0352
968.1863
1020.6445
1156.9826
1189.1471
1195.3415
1206.5855
1457.4347
1324.5857
1122.6238
957.0173
869.2736
818.7303
865.2735
980.1458
1040.1613
998.3270
983.2464
927.5514
833.7223
773.3184
731.6885
728.9286
739.3139
657.9758
639.9719
768.0371
900.7294
1160.5943
1311.2769
1404.7380
1693.5441
1760.3400
1794.2763
1665.2843
1448.9029
1267.1870
1174.6594
1228.7599
1319.8019
1352.8182
1357.9155
1403.5114
1422.7284
1520.2714
1685.2304
1941.9402
2147.6977
2049.5482
1738.8334
1377.0915
1267.3233
1348.6477
1376.4850
1230.5249
1257.9737
1596.4100
1612.5672
1513.2456
1344.5181
1115.6662
978.9328
908.0618
843.3648
818.8871
721.7597
654.4050
563.6084
503.9336
410.9018
354.6412
351.3566
338.5044
382.5466
415.2768
440.4564
401.7295
422.9635
466.7332
448.0478
440.4019
495.4564
431.3658
326.9402
289.0651
313.2839
364.9856
436.8720
515.6819
578.5049
628.9392
660.2723
634.9291
585.6942
576.5560
596.1954
594.7507
601.3131
548.3302
403.3718
406.9835
451.7821
579.0978
805.9804
796.9102
660.3337
552.7324
492.6420
407.4605
375.6844
315.2396
217.1242
132.2221
107.4104
106.2929
173.3273
259.4969
305.0996
269.7391
182.0771
179.4263
178.5268
218.0510
290.2508
393.0001
447.8433
534.9329
537.9790
824.3046
1222.4633
1164.5876
872.5991
519.0074
376.3659
381.5517
390.4515
432.2313
445.3083
567.1656
580.8559
594.4304
641.8799
721.8688
849.1026
1018.6070
1033.9396
1085.9003
1205.3111
1201.7880
1372.5326
1625.8146
1887.6148
1742.0908
1992.9264
2315.9618
2211.0523
2051.7084
2053.1667
2096.1323
2080.6156
2131.5882
2117.5775
2087.7981
2038.2361
1895.6082
1812.8391
1922.1985
1951.9234
1787.7549
1796.0004
1699.0435
1765.5191
1648.8136
1597.0233
1542.5480
1497.1974
1600.4919
1484.0999
1172.0427
926.4338
850.2270
777.4616
832.5638
876.7832
953.3171
953.1263
982.5786
1099.4203
1178.8708
1246.2460
1372.9415
1606.6863
1752.9190
1831.9129
1734.3835
1684.3991
1459.8539
1370.6791
1137.4317
1120.2660
1034.7983
937.4052
792.0515
583.0911
371.4798
325.8907
292.4382
268.4716
259.8376
217.0083
181.8522
243.2442
169.7292
134.6958
102.7970
105.2434
128.8489
102.2382
81.4062
92.6093
115.8741
125.4825
136.6584
124.9306
143.2412
162.7988
189.1642
151.2074
136.4335
217.6762
351.7314
484.4441
681.7108
851.4945
947.4566
1039.1868
1080.7554
1153.6980
1273.0202
1423.0009
1460.7261
1459.7516
1605.4256
1619.6816
1764.7763
1834.6524
1925.1628
1906.6273
1919.6294
1895.7309
1625.0446
1282.8944
1016.8284
903.3258
872.5855
876.7764
809.7829
761.9313
760.6774
828.2638
988.6026
1044.2296
1197.3586
1246.2323
1183.3684
1276.1072
1273.0883
1180.3564
1157.6640
1069.1298
1076.5985
1117.5197
1279.9778
1384.0832
1406.8573
1460.3036
1412.7315
1423.5120
1329.6080
1308.9600
1301.6480
1238.4161
1227.1789
1224.1737
1029.5579
897.9287
1085.8594
1357.7110
1444.8824
1591.3127
1521.7297
1266.6146
1180.7175
1176.8742
1279.8824
1631.9954
1991.1478
2147.6432
2125.4006
2025.7587
1837.8825
1641.9105
1507.8894
1393.6781
1209.6656
1129.2066
1019.5746
916.0280
803.2000
675.5505
694.6584
664.7427
461.8608
315.8461
215.4069
169.0818
167.3782
155.7526
143.6978
138.5800
105.2366
70.0669
35.7899
18.0653
11.3802
9.1451
11.8641
37.5003
92.4935
177.3342
331.4377
505.6236
645.9414
593.3061
370.9688
286.0122
323.5942
340.3171
279.6133
222.6644
210.4868
215.4751
210.4937
249.8475
269.0917
229.1109
200.1969
154.9144
154.6351
201.6484
300.8542
319.4169
325.8635
359.2614
386.5127
314.2856
299.6412
265.1665
178.6767
126.4706
153.5856
184.8506
189.0075
183.0993
191.0587
161.6813
102.0270
87.0555
218.3712
282.9456
276.2810
201.2055
179.3854
375.9774
462.7944
337.6662
570.7773
883.5568
1124.3001
1460.5626
1672.3169
1775.8226
1872.3980
1939.8413
1937.1700
1819.8240
1981.6688
1981.4439
1991.0933
1939.2348
1890.8721
1946.7716
1995.1956
1911.0363
1789.8197
1412.2613
1036.2429
841.7021
714.3660
664.7631
612.4003
576.4810
518.2646
524.6907
440.7835
409.2800
475.4558
713.5142
893.5469
1058.0153
1278.3969
1057.9336
957.5898
1052.7068
1039.1391
1259.5070
1422.0946
1277.7358
1031.5069
972.3432
864.1218
779.5060
823.7322
938.5159
1065.0070
1240.8489
1264.7951
1274.8874
1352.9341
1485.1357
1535.7335
1496.7408
1267.5754
1256.0043
1305.1302
1190.3942
1213.6930
1236.0855
1265.5651
1279.2827
1440.9981
1658.4357
1660.8276
1556.5314
1333.5195
1125.7244
953.5760
775.1242
581.2375
558.7564
505.6100
452.1978
441.9488
429.5055
502.1074
586.6415
674.2966
787.4040
818.6213
883.8294
891.8024
956.6698
768.9639
613.2317
481.1391
399.0514
324.6777
227.1824
169.2045
127.9767
118.3546
121.3529
127.6768
150.0489
126.4502
122.6409
136.3313
123.9356
119.8401
135.7997
152.7134
177.1162
196.8919
250.2836
339.6969
391.9779
463.4963
539.8939
553.0663
533.2701
482.3929
427.3930
368.5496
356.6038
350.5933
287.9816
246.9377
212.9401
200.2174
208.1495
237.1657
239.8983
267.4971
306.5579
338.8451
449.5265
458.8215
470.4744
534.9670
606.5875
627.0175
534.1356
467.1625
458.0038
475.1150
399.0241
377.5516
392.5776
389.9881
386.5059
395.5760
353.3532
308.7999
270.9521
276.2878
270.8226
271.8584
288.1178
318.3402
328.5825
318.9672
305.7879
305.6720
293.4127
297.4742
343.4994
347.6631
368.2498
424.9602
360.8083
305.8628
307.4438
324.5619
357.7213
335.4242
302.2307
249.2410
219.5842
169.4157
130.2118
129.0806
151.4663
164.3117
155.5005
142.7301
150.8939
141.3399
141.3536
154.1717
167.8211
169.0818
161.2247
151.4050
138.2666
138.5664
147.6025
138.3756
134.6481
118.8316
111.6968
111.0085
120.5420
125.4076
99.4170
104.5756
127.9562
178.0361
208.2585
220.7563
226.5146
241.7723
282.3119
341.7004
425.9006
440.7699
435.9316
390.9149
324.3370
371.9228
419.9038
474.8561
590.0419
687.4691
781.9115
871.5497
929.0778
1006.9541
932.4919
855.2357
1103.8907
1415.4096
1375.0063
966.0193
887.3253
838.6151
863.1405
891.6593
1029.9327
1056.8228
953.2898
734.9526
582.5187
507.2796
498.0663
550.3541
497.2282
434.3302
438.7732
430.3777
458.6375
543.9281
571.9630
613.0818
800.4606
943.9948
946.9523
927.9262
862.4795
786.3818
722.2231
674.2421
720.1651
721.8142
590.9891
474.5767
389.3339
403.6784
395.0172
440.7017
429.3283
379.5414
379.0576
383.4938
325.9043
280.9490
199.3451
120.1808
130.6957
131.5134
141.7556
168.9183
191.6447
207.2295
194.8884
195.6108
146.5258
105.4547
73.8694
40.1443
27.6056
38.8087
35.6059
38.8700
48.3490
35.0948
29.9566
13.2542
15.5984
12.1162
11.0940
11.6188
10.1400
20.6752
48.2877
102.8175
176.4074
408.0329
465.3021
352.7604
367.0640
426.7251
534.3673
552.8006
507.3205
417.3416
376.3795
391.3305
419.1201
400.9935
377.9605
332.6371
295.2799
264.6555
232.8112
190.6702
169.3340
158.6761
160.1412
156.6999
154.6759
188.9802
209.7168
221.2879
241.3225
204.3810
167.4804
151.5344
137.4488
149.0063
215.8499
272.7920
290.5166
256.0964
272.2605
315.4032
360.6311
371.4253
304.2955
218.0714
181.8591
222.0375
275.7154
332.0851
389.1908
448.7429
452.5113
386.9624
292.3905
200.4831
135.6225
75.6207
40.7576
40.5941
40.7713
34.0658
33.7864
31.9601
32.0964
34.0999
34.7813
32.7165
27.2853
13.4382
8.4432
5.8196
7.0258
15.5848
33.6910
45.5755
68.8471
121.8708
151.5821
108.9369
57.8893
27.2513
23.3942
19.8439
15.4144
10.3785
8.6272
4.0683
2.5759
2.3783
1.2471
0.9200
0.9336
0.7360
1.2948
2.1875
3.8434
9.1860
15.8438
32.5938
70.8983
126.2458
189.5390
199.7335
178.7653
141.2036
136.6243
200.7148
296.7587
372.2499
406.9767
436.4427
485.3300
487.6129
472.9480
459.4825
387.2146
265.6981
248.8390
322.0610
429.6213
493.9231
579.0228
598.2807
671.2301
724.8740
746.5441
690.2289
585.9600
487.8378
451.1279
512.4041
609.6813
697.4660
744.8541
860.2171
990.0405
1046.7986
908.3344
754.9805
694.5494
693.3841
723.4361
607.8755
474.7471
397.9747
338.4022
251.0605
215.8499
222.5690
218.0782
177.1502
164.1890
105.4002
43.6879
40.0353
31.7011
52.1106
65.0446
92.3844
101.3046
82.9463
68.3837
50.5637
45.8276
60.6220
83.2257
107.5195
157.4017
228.7361
313.7677
343.0292
373.6196
410.7587
449.7241
556.6303
712.7032
810.4507
842.3290
854.3566
968.0978
947.9609
906.0993
865.4984
782.3885
655.4613
530.7488
442.9301
352.1062
306.9736
320.0234
344.7397
362.8731
409.1096
397.9815
312.4184
212.4017
149.4015
144.5087
154.4511
195.8016
172.5641
139.3705
134.9820
189.4300
220.4497
256.9891
197.3757
139.3637
116.6918
114.9473
114.1773
101.5908
73.5968
46.2570
46.6999
65.9577
93.0114
127.4315
165.1567
211.3114
238.6581
200.8307
159.4529
185.1777
194.7453
130.0551
147.2209
200.5581
248.2802
268.0423
222.8552
211.5363
304.5885
360.6516
304.7793
306.8646
340.1262
393.7224
433.9894
445.5400
501.5213
576.4742
652.6605
723.1976
866.9771
926.5565
954.0121
1001.9591
931.1563
760.8274
660.7221
660.9538
649.0420
663.1004
670.2897
618.6833
576.7604
583.2342
618.0087
546.2859
499.9880
579.2613
658.7527
669.8876
700.4848
763.0216
789.7414
739.3003
693.2614
610.9148
556.1465
506.8980
396.1416
276.7172
219.8568
211.4341
247.5919
269.9367
256.7029
253.7454
247.0195
251.5034
257.0913
268.7851
293.7330
385.6268
505.6918
571.3974
591.0504
623.0514
655.2228
707.2175
789.4279
844.6187
864.4557
805.3943
682.0447
539.6690
441.7989
447.1960
525.2086
587.8544
583.8407
564.5760
578.2392
639.5630
666.5894
627.2151
687.1556
926.9108
1111.0732
1219.9487
1338.4396
1434.4084
1512.4074
1573.5745
1625.1877
1644.1866
1670.4225
1635.5526
1488.4408
1214.1359
1025.6191
978.3945
998.2656
1012.8419
1035.1322
994.2451
992.8140
1051.4393
1123.5233
1124.7295
1317.7848
1704.3247
1809.8135
1794.4195
1729.5248
1640.3364
1550.7186
1518.1998
1550.7050
1527.9104
1588.7573
1405.8761
1110.6370
860.9054
706.3657
614.7718
530.4353
503.5384
489.2484
504.4311
499.9880
540.4118
503.5929
377.6947
336.2352
301.1949
324.0576
371.5139
443.4343
486.0592
521.1539
526.4284
590.4031
613.5247
602.4716
536.8750
492.1173
425.9006
358.5050
351.7723
357.2648
370.9483
379.6164
352.3992
316.7252
283.5317
232.2524
164.6592
88.0231
49.7392
59.8655
80.1047
96.9979
140.8765
207.6316
253.1048
253.6023
253.2548
231.2984
225.0086
210.7049
171.9167
132.2834
119.2268
117.2302
110.1499
103.2331
95.7849
89.5837
98.1700
82.2512
77.3789
48.4989
52.1447
61.2216
67.8930
99.2262
163.2827
208.5175
244.1029
227.4550
200.5036
179.3854
171.4056
151.7730
103.2263
82.7146
59.7293
57.9234
70.4826
88.4661
104.0577
94.0881
84.5614
75.1982
65.5761
44.6147
27.3944
28.0963
39.4697
50.3525
61.2284
88.3911
110.7019
115.5129
156.6317
205.1920
236.2730
155.8685
106.4428
122.4365
180.2645
272.0697
301.9786
389.2180
510.3529
544.7117
572.2628
603.2075
661.7647
693.8815
674.0172
630.1930
539.1647
572.2833
587.7727
567.7721
562.2932
624.5574
690.0722
684.2594
662.7392
579.9223
561.5163
560.5964
462.6104
345.2576
303.7503
369.4491
400.8232
383.6915
369.3401
356.1267
330.3951
312.5547
435.8770
552.2349
641.7028
675.6527
715.9742
759.1851
840.3869
925.5002
1186.1215
1339.2437
1343.4960
1679.7175
1886.0475
1792.1161
1813.1798
1739.4876
1592.8528
1522.5338
1394.1142
1344.2660
1100.1768
1109.0152
1226.0954
1370.0726
1565.9627
1573.7381
1618.3187
1577.8813
1505.5656
1446.3475
1460.5217
1502.7172
1676.8145
1750.3227
2013.4244
1953.0955
1873.9449
1755.4472
1596.5940
1497.5313
1438.0270
1413.3925
1373.1800
1463.7449
1545.7372
1562.9848
1493.9537
1644.0639
1870.4695
1732.2029
1575.1760
1500.8023
1413.2494
1372.9892
1438.8038
1522.8609
1527.0041
1775.8771
1691.8269
1673.5844
1377.3437
1098.2551
930.6792
820.7883
685.0635
573.1555
499.1703
461.7654
389.2726
339.1858
278.1959
278.2095
299.7775
402.1043
508.1382
563.9900
580.7333
580.3244
606.1105
623.8555
680.7500
850.7245
874.0301
766.1086
606.1378
517.5150
506.9184
506.3051
460.9477
420.1014
381.7153
391.5009
424.7149
421.1918
419.1338
319.4374
284.5538
325.7272
380.8157
456.5659
454.5420
495.0339
586.0350
671.8502
839.0240
867.3928
797.1964
658.2007
548.3302
442.2486
401.1434
407.6309
398.2609
325.4955
268.8873
274.9726
286.2370
259.1357
287.7635
259.4832
217.9215
380.4750
369.5036
317.5906
278.8433
268.6828
298.2170
437.5262
706.2840
987.3556
1050.9759
1007.9491
892.4839
732.6766
649.8734
711.2994
772.3439
824.9452
723.4225
678.1332
715.6335
704.5871
649.7780
582.6754
785.4482
788.2626
817.3129
754.1559
763.2193
725.0103
733.7056
791.1929
954.0735
1171.2863
1156.4579
910.6105
642.3365
462.4946
417.2393
345.0940
248.1234
214.3984
286.6663
284.3630
229.9968
283.9405
284.7651
219.3389
188.6940
223.6593
351.9971
341.2302
350.3276
351.2680
381.5517
587.8817
678.0923
628.3122
579.8542
520.9359
445.7377
387.5757
352.2493
311.3417
304.0093
280.5742
219.7546
185.4639
183.9920
161.0816
116.8077
76.6020
60.1858
56.8126
45.4597
39.7627
27.7078
18.9103
22.6992
30.8970
31.7965
30.7335
23.0740
26.1678
49.1872
98.7492
159.0236
204.7422
228.1978
251.3671
265.1257
302.4488
320.4050
338.2591
348.5694
309.3383
215.5773
187.5969
210.1393
252.0418
304.0093
360.5425
385.7426
385.5995
404.7347
387.0715
337.8025
282.2982
345.5438
479.7898
536.2890
580.1677
605.2451
595.5071
587.5069
543.4238
509.4057
481.3026
460.9477
350.7501
218.6302
127.8199
110.6133
145.4014
270.8907
222.8211
137.2103
83.1235
76.3703
76.6770
74.7144
64.3427
76.8269
93.0523
94.7354
98.0200
95.7304
98.7219
77.5628
59.4839
74.5645
118.4363
135.6430
129.1488
142.0691
212.4017
396.2643
627.5081
850.0294
964.3225
944.7717
996.8482
1149.2754
1275.7119
1315.0522
1334.2350
1363.0945
1349.3428
1362.9650
1334.2486
1290.4517
1297.6888
1204.6161
1154.1954
1093.7370
1011.4654
866.3161
731.2183
743.0210
749.5016
687.5440
647.6041
729.2966
732.4381
753.8697
830.3968
1005.1074
1239.1589
1228.0171
1070.9697
817.2175
684.8523
647.2770
598.7032
489.3642
392.3118
310.5308
220.6269
171.8008
141.3536
138.0008
129.2919
84.2138
87.8460
114.5452
106.2724
93.6179
98.0064
146.5258
190.7179
261.3640
276.8534
250.8288
185.3208
164.6797
188.2920
194.9157
190.6293
143.1117
85.1406
41.0166
22.2903
19.6258
27.8441
42.6044
39.3198
16.6070
12.0481
17.6360
33.7523
48.8056
80.7861
123.1315
158.5807
190.1387
198.2003
225.0358
260.3487
289.4876
336.2760
398.1655
459.8642
519.3685
580.9854
649.9688
717.9504
762.1903
807.6227
865.7982
846.8947
841.2932
857.7230
787.5266
714.9452
718.0458
666.4599
638.7930
695.4216
732.4926
778.7359
708.9007
490.7612
398.2200
437.0628
521.3243
580.7810
645.7301
673.4107
732.8674
750.8168
788.5693
825.4426
827.0168
712.7918
551.4990
533.0453
469.6430
402.8675
326.7766
253.0435
207.6111
210.3029
260.1919
322.7424
353.3669
307.8322
266.3591
264.2057
303.0553
379.0576
454.1945
537.2839
594.2533
597.4629
637.6209
663.7545
676.6681
653.7917
677.8402
833.6950
852.0465
896.2795
921.3433
827.0032
806.6209
768.3642
737.1128
670.9779
565.1144
447.6457
355.7247
389.4429
459.6938
633.0892
814.6552
933.6163
1057.6405
1180.5404
1293.2866
1392.1448
1441.6182
1528.6737
1693.4692
1830.1480
1910.8251
1909.4553
1870.3127
1674.8724
1700.2019
1737.7908
1759.8153
1778.7188
1711.2142
1481.2174
1225.2436
1136.0961
1116.9337
1113.2811
1170.5844
1140.2529
1051.9027
954.1212
847.4944
698.7539
600.4954
462.9784
359.0638
486.8088
589.9465
547.7033
556.1533
602.5261
604.2502
589.9942
623.7329
609.8790
543.3761
454.4671
379.5687
494.3388
607.4121
646.4457
687.7485
667.9387
697.5750
727.3885
776.0578
794.7091
784.6645
776.9914
855.2016
976.6704
945.2691
909.6292
887.7341
790.7772
807.6295
902.2763
1024.7741
1235.2269
1198.0060
1146.2497
1024.5492
913.9905
827.1667
772.2553
766.5856
787.7379
797.7348
848.7074
849.5524
862.9702
890.0306
936.2603
1026.2460
1132.2118
1150.7882
1144.3485
1113.4787
1021.0670
1090.9022
1093.2941
985.8359
836.5503
611.7666
369.7967
230.6919
187.2970
154.8736
153.6742
129.3191
96.0234
69.1265
54.2981
57.8416
73.1811
79.3346
85.1883
69.0788
69.2151
79.8798
95.3964
92.9705
96.2278
111.5060
110.9540
118.4363
91.6076
65.0923
75.8865
109.9931
194.6226
286.7004
310.6466
398.4517
469.7111
519.1300
584.3790
646.6092
692.1711
748.5135
738.6597
671.0597
644.1015
737.8215
823.4596
881.7919
882.0508
813.0538
717.0373
663.4751
586.6619
451.5641
257.2549
175.1468
200.0197
197.8800
174.9559
146.0896
128.9988
98.0882
82.2104
82.9872
85.1610
92.5480
84.6568
65.8691
46.0798
45.6505
90.7762
170.4720
289.9986
401.6886
446.9983
433.0627
387.2350
390.6832
356.8082
342.5113
376.9383
377.5380
281.1193
208.9945
137.3466
104.4802
113.5912
139.5750
110.9335
72.0295
57.5145
58.9933
83.5528
166.8603
205.6962
228.4090
242.6718
214.6982
161.1702
106.1157
95.4918
86.1968
82.8237
137.4625
220.4769
326.8652
399.2626
413.6685
416.8850
340.8009
249.1184
273.2963
379.6028
510.0531
474.8220
410.5134
323.7101
320.1120
345.3598
393.3545
473.1661
500.9148
578.2255
527.5323
407.2629
270.7340
158.4171
134.6004
168.8297
218.9028
306.2581
375.1938
437.9214
445.6014
442.3100
499.4906
524.9019
552.3235
579.3635
534.1628
478.2634
427.6587
507.4227
616.3187
668.1499
634.2818
579.6906
576.3924
464.5730
365.1219
316.3572
275.5723
291.8522
342.3273
411.2221
437.8328
429.1511
462.5014
525.9241
577.9529
634.1386
661.6625
574.7160
551.4308
562.5794
619.8690
717.7051
731.2183
686.2356
571.6223
467.1693
361.8646
268.1786
174.9764
117.9729
125.9187
123.7517
161.1838
180.4553
252.9413
256.2055
235.5098
247.9667
266.3863
292.0634
288.8947
287.9338
225.6355
166.7649
177.1979
258.8767
340.2080
419.9856
512.9288
519.1913
553.3934
451.0462
392.8638
223.6321
127.2543
104.3644
146.7847
203.5360
258.6791
321.4204
399.0309
474.3109
558.4702
630.1113
674.0854
669.4242
608.5638
657.7441
893.0154
1074.9562
1376.8189
1471.9224
1475.9634
1439.7442
1660.2757
1640.9224
1721.4632
1778.5144
1798.1947
1729.3067
1680.9986
1722.3491
1771.1819
1870.4967
1786.6168
1680.1741
1576.4843
1370.3588
1138.8968
940.5807
967.8115
1035.3434
1011.1519
870.2753
755.3553
764.4731
824.6181
704.2328
571.3633
482.0522
366.2259
218.5689
178.0702
221.8058
256.7438
281.4124
357.0263
415.5085
444.9949
387.6848
350.1163
340.1535
299.7230
260.0080
251.4966
213.4103
227.1415
268.2671
344.3444
415.9173
482.6655
585.4762
637.8321
667.3867
599.2960
458.2900
420.1014
445.6354
434.3779
378.8668
359.2273
369.8239
375.0643
361.2172
326.9333
312.9704
323.3080
315.0624
260.7030
295.4026
336.9984
267.9878
265.8889
221.3356
172.2097
133.9189
150.2942
106.0816
60.8877
39.6809
33.5479
34.8426
29.7386
30.7539
42.9724
57.9984
97.7543
172.4891
242.1812
286.0394
275.2725
302.2784
215.4342
142.1372
143.0299
136.2086
140.0247
170.7241
227.8366
319.4646
535.7370
585.3671
613.0545
580.1472
674.4397
751.1916
808.6517
869.0215
867.8903
838.2812
808.7948
781.7616
729.7872
702.8017
718.1957
699.6875
613.5043
604.2774
702.7063
791.7380
895.3732
917.3569
838.5469
745.0926
623.5830
488.7645
416.8714
418.6568
482.6519
482.9245
395.6032
291.5387
241.3839
207.6111
175.3171
145.9465
142.0350
129.1419
128.8148
138.9480
86.9601
60.9082
61.0581
58.5776
110.7904
169.7020
220.4429
230.7941
222.9165
236.6682
258.3997
291.5387
384.8840
484.1170
554.3202
656.8991
753.5699
739.6410
624.8096
548.5074
498.3185
528.0162
493.3711
449.8741
442.2282
483.3674
500.7376
569.0873
690.1949
752.0298
613.6746
513.9851
461.2884
438.0918
265.8344
220.0408
193.1984
178.0906
192.9803
207.2227
250.1269
282.1415
238.2833
229.8333
267.3267
302.4147
323.0559
405.5252
378.4647
345.4075
455.0735
595.1119
598.5464
742.0261
866.7931
931.4561
1047.3097
917.3500
663.5978
584.6312
519.7093
490.1411
535.3963
579.8951
675.8571
768.1598
868.2378
830.2469
785.5981
809.7897
882.8277
901.6903
894.9984
907.1760
875.7065
929.6571
756.4320
735.6409
808.3859
829.5654
799.5611
884.7971
768.7186
638.3568
681.7449
698.8561
751.9276
909.2748
982.3537
917.5204
931.1494
971.6958
1006.7906
1016.3650
999.9216
919.7624
872.1221
913.8746
977.5495
958.7891
1041.8581
1085.5119
1128.9068
992.7868
885.8465
798.1777
605.2587
544.0780
588.9993
576.0790
582.2870
600.8565
634.4112
623.3513
561.5708
481.9568
429.5872
324.2620
255.7898
218.8142
184.6053
179.2900
156.7135
143.6432
207.2908
246.2290
294.8983
358.0621
317.4952
259.2992
200.4354
156.9520
183.9307
303.3142
414.1319
455.6596
539.2124
567.5744
599.6844
674.4874
850.8267
1185.9170
1344.4772
1707.4866
1821.8274
1683.7517
1644.3978
1562.9507
1462.6478
1434.3880
1533.8595
1446.7632
1679.4176
1750.9769
1669.6320
1726.7036
1671.7786
1583.9053
1585.8270
1458.8317
1320.7355
1117.8536
1121.2813
999.0766
1048.5840
1065.7157
1130.6990
1457.8368
1584.9820
1690.0892
1702.4303
1879.3420
1897.5981
1898.5794
1867.7096
1876.9978
1909.7211
1905.2849
1895.6696
1975.7538
1944.0731
1783.8706
1786.2625
1738.3769
1699.3774
1500.9113
1475.2887
1550.4733
1551.7613
1457.3529
1636.1114
1678.8111
1671.2607
1765.1443
1920.0724
1888.5688
2042.8700
1815.2446
1849.5557
1895.1312
1641.9650
1465.5712
1081.0075
783.0222
671.4686
662.9232
648.3605
653.7576
710.5158
688.3345
703.7694
782.2249
784.9099
820.4476
872.5786
916.8526
1095.3521
1335.9114
1723.1873
1829.5824
1749.5527
1862.7554
1901.8367
1944.6183
2084.3908
2099.7508
1932.3998
1807.7691
1599.2312
1513.4228
1268.2841
1141.4727
1097.3964
1136.2324
950.9115
963.1913
977.0657
967.4981
922.7199
951.1841
962.2305
1026.7435
1115.8229
1156.0354
1101.8599
1152.7167
1236.0991
1356.3413
1353.1317
1311.7062
1249.1353
1165.1327
1077.7570
978.3672
884.2247
813.8307
792.9033
805.5306
784.2897
634.0501
471.2853
360.9991
332.4395
386.1651
369.6399
376.7884
323.6147
435.9793
678.5625
899.9253
1003.6082
1163.2860
1319.8564
1164.6898
1085.3347
778.4838
638.4863
773.1616
963.3549
988.1256
890.1669
711.2926
804.2018
986.2176
1274.9215
1373.1050
1515.5898
1732.7412
1714.4238
1749.1370
1597.5753
1333.0152
1273.9947
1323.5226
1401.3103
1678.0820
1810.3722
1689.1283
1635.0619
1722.7648
1656.5481
1703.1117
1651.2600
1637.1063
1496.6727
1439.9555
1384.8464
1360.3142
1302.1455
1234.1843
1310.9566
1277.7222
1181.2491
1256.6040
1390.3730
1350.7466
1352.4570
1393.8348
1420.0571
1351.3803
1259.3707
1219.5399
887.5297
780.2079
734.4756
690.2767
645.6484
626.9698
558.0750
509.6101
486.6111
463.5099
410.5339
358.1029
325.1343
285.6714
207.1886
106.6336
109.9863
128.2629
97.1478
76.9018
69.7807
83.1576
119.9764
157.9060
147.9773
189.8593
238.2969
235.0191
177.3342
150.2738
155.4051
156.1411
138.8322
128.3242
115.6628
112.4464
113.1346
112.1329
103.8941
77.5288
41.7594
68.8607
81.7538
80.3704
97.8224
118.6680
142.5052
168.6730
174.5948
268.9486
353.7553
374.1511
373.1971
364.9515
358.3210
355.2954
322.9673
317.0795
304.0774
280.3220
267.8310
232.1025
179.8011
123.7176
107.6012
144.1543
203.1067
288.5403
417.0758
570.2525
683.4281
746.8576
701.0777
780.5963
850.5337
856.1216
865.3076
817.0948
748.3704
668.9677
607.8414
577.2102
565.2711
611.6712
678.5012
756.8204
722.9932
670.0989
918.3722
1351.6597
1397.0921
1389.5621
1375.4765
1511.9304
1489.1835
1467.3158
1213.0729
1054.7375
1056.7342
1039.2686
994.1565
955.0548
926.0045
867.9380
817.3947
871.3725
933.3778
997.8499
1060.0733
1083.4267
1005.6049
956.8538
1115.6185
1322.4732
1440.9299
1498.6080
1500.1822
1434.6265
1383.8311
1301.0415
1027.7043
882.8004
805.4079
750.3739
726.5299
718.9249
662.3985
622.5199
588.6654
556.1465
536.8887
542.9399
545.0320
547.3421
491.3063
383.1259
446.8689
523.7707
550.8925
511.5591
470.9446
450.1875
448.8996
443.0664
427.1340
498.4684
590.9414
588.9448
531.5529
468.1710
416.5170
401.7295
461.8812
482.8563
493.1735
510.6119
524.5135
536.1936
449.4516
323.2262
318.3879
389.7973
482.0727
535.7643
573.5167
555.7172
536.4253
539.7371
574.2186
583.0229
594.0693
635.6787
690.3516
649.2396
627.9647
575.5951
543.0422
546.6675
552.3440
578.3959
565.6596
533.6995
508.8060
440.0407
525.4539
568.1673
510.8027
462.2901
453.8810
446.8075
419.0656
359.6839
309.0793
337.2778
374.6350
386.9965
394.5129
399.2422
378.5192
358.8934
353.3123
320.0439
300.4657
310.4967
325.7817
330.8381
255.7284
160.0594
115.6765
202.3571
273.4326
278.7547
253.3229
231.1417
192.8168
155.9980
137.6328
209.1239
342.5931
450.9985
533.2974
533.8221
488.7236
490.8770
508.8265
459.9664
452.8997
478.2361
481.7592
456.1502
394.5129
259.3469
190.1251
268.3966
451.1484
554.3134
575.0159
644.3059
544.6845
386.1992
333.3867
538.1153
801.8712
819.3573
875.3658
957.3172
1041.8990
1091.2088
1050.5398
1027.8883
1026.6140
1029.8032
1077.3481
1127.4280
1125.3632
1177.3648
1337.8058
1610.6523
1882.2927
2018.3377
2041.4526
2039.7898
1976.3467
1910.5252
1987.5974
2191.9921
2333.1208
2456.1705
2527.9751
2284.6014
2115.6831
2024.9137
1983.3247
1944.9999
1817.0573
1767.7338
1771.4886
1730.7446
1534.3638
1633.5082
1318.1255
1082.1455
1026.5254
866.8204
836.3936
886.9982
944.6490
928.6894
1028.4062
1104.2178
980.7932
988.4255
904.0345
851.2219
867.7540
976.0912
1083.2154
1137.0433
1086.9566
1099.0796
1153.7593
1263.9569
1400.3358
1494.3149
1523.5696
1505.6406
1621.9849
1625.2763
1656.4936
1700.3178
1883.1377
2178.7310
2336.8279
2374.1169
2443.0526
2411.1402
2426.7591
2333.1617
2429.0556
2299.8318
2209.7303
2070.0190
1947.1260
1796.0209
1573.2066
1325.6828
1051.0236
921.7727
954.8299
994.6130
922.3383
735.7908
622.3904
543.7645
443.5775
270.6318
196.9600
156.4954
157.4222
129.8029
115.4993
104.9027
126.7909
174.3972
180.7960
102.0542
104.3916
153.5447
212.7152
270.5364
315.8802
356.3857
392.5026
482.9926
474.6994
438.7664
434.0303
491.3472
586.8663
554.4565
529.1474
571.1998
611.2282
638.4182
654.5209
675.4414
682.8693
708.6963
733.2899
690.4402
606.7511
529.6039
422.6501
362.3757
331.0425
331.2810
385.7222
436.9060
394.7037
401.8590
458.2082
456.3138
354.0074
295.8387
281.1534
338.3408
339.2131
335.4992
384.7205
363.5205
339.4380
385.2588
391.2351
384.1821
366.1100
417.9072
468.5458
525.9718
605.7153
645.1986
805.7759
1028.4471
1183.6205
1250.2597
1398.2165
1445.3185
1499.8414
1599.3402
1587.9668
1580.6548
1571.1009
1647.4030
1722.0902
1861.7128
1910.1027
1882.4153
1872.9159
1870.9397
1897.6117
1904.1059
1929.7967
1956.4483
1876.7593
1961.4433
1980.4899
1957.6885
1898.3409
1955.9099
2047.0337
2094.0675
2090.6875
2071.0344
2055.5654
2001.2060
1999.2707
2070.5778
2165.6472
2224.0544
2264.6826
2229.6082
2214.8344
2197.2597
2168.3662
2069.6033
2035.9124
2043.0063
2031.6192
2027.0058
2062.7616
2089.1337
2008.1568
1996.5108
1916.7060
1796.1299
1722.0561
1684.8488
1639.9888
1575.7007
1541.0557
1533.9209
1552.2042
1616.3220
1646.2037
1741.8386
1745.1573
1723.3781
1726.2879
1632.5474
1531.9106
1445.2026
1335.2163
1098.0370
947.3952
822.0763
701.0913
544.5141
439.2775
341.3188
251.7488
185.7706
189.1301
185.5321
168.4822
118.3546
91.7302
86.8102
83.0962
71.6206
58.9456
41.9093
27.5579
17.0022
15.9528
19.1215
34.9926
43.0950
35.1084
46.8294
87.0418
146.7098
187.0790
229.5266
263.9740
301.6174
421.7369
536.6229
621.7294
716.5466
749.4471
817.7558
835.3169
704.4168
576.6241
472.9003
416.9054
352.0857
260.2328
186.6769
132.8150
72.9153
41.5549
23.8985
12.3684
8.5250
12.3956
20.9138
22.5084
20.1028
24.6617
35.9125
40.1034
48.2263
69.0651
91.2055
128.2629
143.4865
157.2859
200.0606
252.7164
324.3029
413.9616
453.1382
523.5254
604.8294
750.6601
897.6493
992.3097
1026.4300
1036.9039
1052.1753
1003.5469
937.1462
848.2985
831.6370
853.7774
893.1926
896.3272
867.9993
801.3533
692.8866
663.4479
687.4623
811.6092
1015.0362
1152.4850
1199.0759
1185.8898
1221.7887
1303.7332
1435.9894
1555.9113
1581.6157
1573.4110
1529.3074
1421.2700
1230.1296
1119.9661
1102.4324
1116.2181
1193.1132
1194.2103
1138.8628
1086.7249
965.1266
863.4540
757.2361
724.8058
753.2769
767.6283
795.3702
802.9820
772.5279
875.8360
1093.5462
1337.1176
1429.6178
1506.4924
1476.4199
1285.4294
1002.1158
815.6433
743.9478
735.6545
625.2525
498.7546
408.6871
348.2969
271.9947
195.7402
152.0660
115.6833
88.2208
75.6071
52.6490
41.9502
41.0507
42.3999
37.9909
51.5723
70.5166
81.2631
102.2587
110.8654
110.1703
127.7790
162.7171
214.7391
282.5572
319.6077
357.6327
385.2179
436.4222
520.6769
633.0211
708.5736
760.0369
771.5739
786.4159
809.6875
696.5869
506.2097
575.9972
846.9220
908.1641
873.0897
846.5267
857.7571
759.0011
874.6094
1072.2849
1228.2829
1275.7801
1273.2655
1184.4110
1155.0813
1153.3777
1179.1229
1204.8614
1267.0439
1297.2526
1360.4914
1384.4239
1410.6258
1424.7455
1470.1301
1456.0241
1452.6850
1459.2065
1443.7239
1463.0499
1538.3980
1526.7588
1544.4220
1524.0739
1469.9189
1341.6901
1177.9372
1013.6392
915.8508
864.7760
796.8830
816.7064
839.3238
837.7428
820.6861
842.4926
882.5074
905.1793
935.4221
937.7595
988.9025
1028.0860
1097.8053
1164.2877
1168.9352
1204.2345
1183.4638
1231.3835
1233.8912
1253.7624
1222.2384
1102.4937
1014.1162
998.1089
974.5511
909.3293
839.9507
795.0976
812.5768
844.7345
853.2867
921.3025
897.2813
815.7047
772.4666
826.7919
925.0164
798.3345
687.3805
557.4481
430.5617
332.4872
296.1317
260.3214
293.4877
269.4392
196.3126
179.6920
199.6518
227.0052
234.3445
312.5002
434.6709
627.0038
849.1708
1136.1915
1394.5708
1745.9205
2019.8233
2121.2710
2080.1931
1998.8618
1869.7131
1589.0844
1338.1943
1157.8685
1010.2524
842.3699
752.0026
754.0401
703.0675
698.4336
729.9576
731.7839
805.0263
934.7202
1058.1993
1097.1579
1091.3588
1083.4403
1190.1011
1174.8230
1129.9358
1100.2245
1104.4290
1222.8994
1297.0959
1479.1662
1644.9907
1772.0746
1953.1637
2012.1297
2101.3249
2069.3853
1839.2862
1731.2352
1632.7109
1593.9568
1546.4459
1512.1417
1491.5686
1524.1761
1593.1731
1607.7698
1495.5347
1359.1557
1146.2497
971.4232
811.2957
713.5142
862.8611
984.6638
1007.5266
1067.9032
1155.5243
1201.4473
1186.2509
1179.9475
1087.0520
1005.8093
998.7835
916.8594
850.0839
818.7780
748.7111
704.1442
659.4410
721.3645
744.5952
752.8067
757.0180
757.9993
792.4535
754.8238
630.3225
493.6505
501.1124
506.0189
591.6501
795.1793
1036.6723
1193.9922
1102.0439
896.7838
834.1380
751.6618
591.9909
489.8889
549.7068
514.8437
491.8038
459.5507
446.0239
497.0851
540.1324
619.9713
621.6749
593.2856
513.4740
536.2004
635.2835
655.4272
669.7718
680.5932
735.0412
845.9884
1164.1923
1420.1797
1567.4347
1564.4022
1490.2125
1446.1635
1206.0471
1012.7465
850.3974
671.4345
496.0697
413.4164
394.4993
308.3229
260.6962
250.2087
256.6211
238.9511
265.8071
361.7828
460.2935
513.2423
539.4100
605.4291
696.0826
722.7138
715.2723
720.6217
787.3767
882.6096
858.4658
824.8225
803.1319
793.4893
762.0199
817.8990
858.4522
953.5624
1001.8569
926.5019
782.2045
722.2981
691.6396
610.0970
571.1248
534.4695
450.6918
376.2364
271.5449
247.9735
206.3709
148.7064
153.2244
118.0752
192.4897
385.8857
589.2855
745.2698
834.0221
807.3501
796.4946
916.1779
1055.7597
1065.4091
952.0019
782.2658
757.1475
676.7021
578.1029
519.3549
475.9396
413.7094
365.1492
314.3197
239.1146
158.9759
114.6338
111.1993
140.1269
205.1988
305.4335
354.5867
362.5869
330.0680
386.5808
413.4164
458.1469
499.4292
569.0123
692.9139
835.7121
912.2391
896.1637
868.8034
811.4660
787.2268
825.4426
811.7182
803.3159
791.9561
808.9651
860.3193
904.3888
941.0714
1021.0397
1088.8647
1218.4972
1356.6275
1436.3233
1426.0538
1516.9254
1496.6386
1422.7488
1295.4059
1311.4132
1299.1607
1269.8106
1169.7871
1087.1951
1012.1264
921.1594
840.5436
668.7155
583.2887
614.6287
664.0816
692.0144
663.5842
723.2862
744.5475
791.0702
730.3392
727.0342
682.8693
544.1666
369.1152
274.7409
258.4747
296.4861
333.8773
432.1154
565.6527
638.6090
607.6847
529.8424
490.1479
472.7913
458.7261
463.4963
478.7472
475.2786
523.7162
568.5625
686.5627
685.4247
751.4710
972.2546
1187.6002
1254.9140
1442.1770
1648.6296
1863.4505
1971.9513
2012.1842
1988.9603
1945.9948
1918.9071
1957.7635
1953.7020
1911.4452
1902.2388
1823.3880
1936.1819
1877.1613
1933.1562
2096.9841
2124.3512
2086.7623
1998.1667
1964.3395
1877.4067
1856.6905
1781.7922
1711.8956
1630.8438
1582.4402
1642.1286
1694.8253
1687.9426
1621.9985
1560.2590
1493.0406
1412.9972
1361.0570
1275.5620
1156.1171
1142.2905
1116.7360
1025.4692
1025.8508
972.7112
906.9238
863.1678
872.6468
897.8673
889.3833
882.9980
869.3895
778.7155
682.5694
692.3687
666.3986
566.5863
514.0668
476.7778
489.2552
460.7432
466.6650
500.7581
480.7575
410.2545
384.1480
356.6719
358.3346
361.0400
352.5491
296.5201
231.0871
168.5367
152.6111
147.7319
142.2531
192.0740
314.1289
411.6310
509.3716
596.2840
645.2327
661.3831
638.3364
541.5021
491.6062
419.2633
413.6549
464.7025
464.5253
428.2243
387.6030
378.4443
323.4443
215.1684
153.8241
91.0079
48.7306
25.9429
17.6496
16.3548
19.3464
23.0058
19.6326
18.5559
15.7961
10.0310
4.6952
2.9371
1.4106
0.7223
0.3612
0.4702
1.1176
4.0751
8.2319
8.5113
10.2831
10.0310
7.1416
2.9848
2.5963
2.5895
5.4380
13.4450
19.9257
18.1266
12.2934
12.9612
13.8267
11.9527
12.6886
14.3105
12.7636
7.7481
10.0582
10.0378
10.4398
11.6051
9.9901
10.1673
9.4722
8.3205
7.8980
8.6613
7.9185
9.3291
9.0361
6.4465
5.4107
6.3171
8.4977
19.5236
30.7812
41.4391
48.3286
53.8824
57.4123
74.8234
81.8151
91.5531
112.7871
124.3513
132.2766
105.2843
91.2396
74.8847
48.4649
47.0474
67.8590
96.5140
130.3754
167.8825
210.6981
261.6639
306.5579
331.5945
356.6583
409.3209
469.8065
513.1128
522.5509
558.7019
551.4581
539.4509
562.7021
540.5072
501.7871
489.7390
456.7772
441.4445
422.8272
393.4567
354.1982
318.9740
307.2871
364.4950
429.6486
455.8913
537.3861
596.0591
626.1861
740.2884
860.5101
907.8097
946.7683
1056.8432
1118.8485
1266.0353
1457.5097
1641.1746
1803.1489
1915.4317
1992.8650
2062.8774
2061.4464
2047.4085
1995.7271
1947.1328
1810.6925
1678.6272
1615.0818
1626.5302
1709.3129
1763.7746
1692.7945
1608.5398
1520.3191
1425.5768
1278.1106
1188.6428
1070.3019
928.5122
737.8897
731.0343
611.4804
577.5509
582.4233
665.7512
890.2760
1188.1317
1591.5921
1939.7731
2023.4350
1760.3537
1647.5734
1368.2463
1184.3974
956.6766
835.5622
671.9388
517.6853
380.3183
283.5317
266.2364
213.5193
152.1478
116.5964
66.0327
31.4286
14.0856
9.8129
11.5915
18.8353
24.9548
37.0710
79.9684
125.5507
180.4144
305.3518
461.5337
563.3085
706.9177
792.2355
875.4953
961.5286
988.1256
1016.7807
961.2083
870.0232
830.3968
840.9252
833.4020
816.1272
692.1370
546.0406
443.2095
340.7736
270.0321
255.2242
238.3787
203.8699
197.3076
274.6796
335.3765
338.6066
335.3016
320.8275
294.5235
262.5225
253.7795
235.9868
237.2747
247.8032
277.4259
311.9141
368.3588
380.0866
436.6607
448.1704
437.9759
421.2395
453.3290
502.0665
563.5130
654.5209
742.8030
776.6370
767.6487
839.1262
935.8583
1005.4209
1033.0674
1050.9759
954.8163
898.1740
861.4914
813.4150
717.0373
682.4604
630.1385
665.6490
735.4297
748.8474
682.3854
657.0559
570.2253
566.1979
609.7563
597.8104
552.5552
691.3329
906.0788
982.9534
966.2578
971.7776
878.4323
778.0885
787.5539
829.1634
864.8919
930.6792
987.4987
969.4061
970.9939
888.7699
811.9567
677.6902
535.6212
473.3842
442.4326
448.6543
441.1924
412.3806
381.4427
359.2955
335.9898
302.9462
265.8957
218.6575
191.4539
179.9851
162.9283
161.1974
175.7464
145.1356
95.6281
91.2941
81.4948
71.2185
84.6636
108.0714
100.5482
59.1568
73.6990
73.1811
109.5911
188.9462
221.7989
286.7277
332.9846
394.4788
440.1089
476.4302
499.2453
541.2772
547.8873
585.1900
611.5758
676.3069
698.6381
791.1860
795.0362
826.6352
892.1704
912.4300
885.8533
882.5278
865.9618
823.7867
786.3000
724.4923
697.5137
672.8383
791.6971
825.5244
838.9831
883.2911
801.0194
737.9169
693.3159
632.0193
565.1962
508.8060
444.6746
411.4197
354.3550
269.3302
219.2162
163.3508
140.6653
135.1523
143.7455
137.7487
137.4011
163.1191
225.5265
361.5443
475.5444
464.9069
461.8744
462.8966
465.4044
565.8912
716.6625
844.8027
908.4843
960.9289
1029.3058
1050.9555
1083.3585
1158.4068
1179.4160
1250.1575
1297.9954
1314.9499
1330.8141
1368.6960
1458.3887
1470.7707
1447.0494
1525.5049
1664.6097
1798.7194
1819.9807
1904.8283
1994.3779
2025.9904
1987.0727
2023.4213
1988.9876
1951.6168
1895.5674
1853.3991
1810.1610
1786.4328
1737.2456
1739.6444
1684.3173
1607.4631
1591.8170
1511.9304
1385.7051
1317.3078
1297.4298
1344.8248
1463.0567
1530.4046
1548.1155
1544.0063
1505.2181
1354.3583
1306.6567
1269.2995
1185.9307
1183.5865
1234.7567
1256.9788
1260.7404
1252.4676
1212.6572
1173.8144
1112.1362
982.1016
887.2639
806.6346
813.8443
819.1051
828.8499
913.1046
911.2170
931.8581
936.8804
925.6706
872.0267
883.4205
869.1578
886.1872
843.0513
854.5270
878.7662
914.3653
935.3472
933.6913
896.6543
793.9323
712.3352
655.7339
561.5708
492.3217
440.5382
383.2417
366.0964
343.5131
370.4372
367.2480
344.3308
307.2462
246.8696
199.3860
157.8583
123.2951
106.4837
103.0287
79.3960
58.0870
42.4067
36.1374
31.4217
21.2817
16.0686
11.1690
8.1979
13.4246
18.9648
23.1217
26.8492
39.9194
73.8353
130.1164
196.1082
251.9123
290.7414
350.4843
447.7888
581.4488
765.9860
984.6843
1216.0031
1426.2242
1675.7719
1883.1922
2113.7478
2291.0139
2422.5000
2443.4546
2464.8113
2475.0195
2377.9807
2252.0348
2029.8611
1877.3726
1880.6231
1963.6580
2074.9323
2229.6491
2321.5565
2340.0648
2344.3784
2367.9975
2389.6745
2358.6003
2280.5945
2207.0249
2062.1755
1880.1938
1711.4731
1671.8944
1696.3040
1725.4770
1848.1996
1921.2581
1859.3891
1798.5150
1792.3819
1815.4354
1773.2740
1828.9009
1918.0007
2021.5542
2142.9889
2245.7314
2296.4723
2209.9960
2016.7295
1936.9792
1928.3384
1901.0326
1758.7182
1668.6303
1573.8812
1516.1690
1470.1915
1409.9375
1353.0363
1185.1334
902.8964
788.2899
838.2880
826.9827
886.1804
934.4886
956.7039
902.2082
841.2591
817.7695
805.1422
806.8935
864.6125
963.5116
1062.3085
1213.6249
1335.2913
1385.3098
1446.2384
1536.1356
1608.5535
1827.3608
2006.5895
2161.9196
2243.5371
2354.4570
2413.2936
2437.5260
2467.3736
2418.2409
2461.2746
2528.0092
2539.6484
2504.5127
2431.6246
2342.7633
2221.5875
2019.3940
1789.5880
1511.6851
1287.4602
1042.6758
921.8953
999.9079
1034.9959
1198.9668
1416.0569
1607.2860
1707.9091
1812.6960
1934.5055
2103.1035
2288.1722
2380.4272
2402.2132
2370.3076
2343.5742
2300.1589
2254.5698
2208.1902
2142.2257
2143.8952
2135.4793
2134.8592
2149.3741
2136.9035
2061.3714
1955.9031
1861.1813
1710.7849
1559.5707
1369.4116
1191.1097
973.0860
819.5685
786.2046
719.8585
667.3254
589.2650
492.3217
429.4101
365.3468
309.3178
249.4454
195.8016
159.8482
144.4610
142.1100
124.8147
88.8204
81.5221
114.6679
131.9495
125.3531
122.4569
109.6524
97.1273
83.1439
72.5065
91.4577
109.7751
140.5699
144.3042
146.8597
154.9758
162.7307
149.1017
143.2412
139.2751
135.3363
125.9936
127.9017
131.1522
130.0687
136.6175
146.1033
161.3405
151.0165
144.9107
137.1694
115.8400
89.6654
103.3081
138.8799
169.7701
198.1730
230.3307
289.6852
330.9812
328.5348
340.1603
383.3576
474.6994
535.8869
573.8847
632.6258
660.6131
621.0820
581.7827
545.4954
480.8120
375.2074
287.5454
207.9723
145.5786
133.8508
159.8141
196.7351
230.9372
231.4551
205.4577
179.5694
143.7863
115.3357
112.3782
124.0174
140.8288
168.8297
202.3026
245.5203
324.1735
453.5130
607.3235
754.6125
837.2181
894.8894
913.9155
904.2457
879.4136
822.6487
812.8153
890.5076
990.9809
984.8547
944.5672
868.0129
794.7841
763.5600
750.9259
757.0794
760.4457
751.5392
725.1806
677.4926
678.5352
635.5833
582.6073
539.3214
487.8991
462.7331
458.0583
443.7342
420.9464
389.1363
387.0578
387.4872
410.0364
467.8917
555.9012
660.3473
771.5670
875.7610
1161.4052
1448.2487
1868.3842
2084.2341
2182.6630
2293.8214
2308.6566
2375.3708
2481.9158
2549.2500
2547.2670
2527.1301
2526.2442
2535.3484
2483.1492
2371.5478
2160.1615
2005.9148
1879.2330
1743.8694
1792.6954
1838.3390
1818.7609
1788.8656
1728.1346
1691.2545
1544.5106
1335.0459
1152.2397
1077.5457
907.2032
757.1339
589.9261
537.3520
493.1599
458.4399
465.1386
382.6965
370.2737
407.8966
453.6425
528.6090
688.8320
916.8662
1074.0499
1300.4963
1447.5536
1601.0711
1773.3013
1881.7816
1970.6838
2051.8856
2088.1116
1973.3960
1923.2207
1802.0926
1652.7388
1534.5955
1545.0217
1546.6572
1662.0065
1754.0571
1669.1482
1627.4978
1607.1156
1693.2239
1827.1905
2039.2992
2206.5138
2244.0618
2221.3082
2240.7568
2328.4528
2342.5316
2297.3037
2198.5408
2137.7213
2077.2015
2057.4394
2060.3288
2065.9235
1968.5645
1887.3763
1791.1349
1797.2066
1826.7543
2052.5466
2056.5399
1945.6132
1740.6802
1535.8766
1329.7647
1233.3052
1306.0093
1354.3924
1325.0763
1451.5674
1391.4565
1231.3971
1006.4431
842.2813
681.9357
541.3658
505.8553
417.4301
327.6966
244.4095
238.2833
241.5133
222.2078
180.2440
162.7375
175.8964
196.3876
275.0135
396.0053
424.3537
406.5269
428.3538
391.0034
322.1155
312.2958
305.1610
316.6162
328.8278
396.3937
534.1083
702.5087
806.7640
910.3652
980.2753
1001.0664
950.9320
917.4182
819.5004
803.3636
752.4455
738.8505
718.8840
825.3200
951.4840
1102.7526
1264.4680
1365.0707
1511.7192
1648.0913
1811.2172
1994.1257
2103.7645
2191.8013
2246.1743
2305.8286
2355.3361
2425.5256
2433.8257
2413.9614
2452.9813
2451.6184
2384.8907
2267.9331
2163.2416
2029.7248
1977.5324
2047.4834
2162.1445
2225.6763
2266.9722
2348.0855
2397.4158
2371.1662
2304.4248
2228.3884
2179.7328
2152.9176
2128.1673
2075.1367
1985.7848
1860.9632
1788.9133
1751.3176
1747.0040
1701.3059
1571.7823
1469.7962
1308.3876
1242.6820
1291.7601
1297.5252
1203.8392
1085.3007
1019.6768
967.4844
907.8233
759.4985
643.8016
585.8850
596.6656
618.4039
583.8679
548.9504
538.0267
537.8427
559.9081
536.4866
443.6592
317.9586
224.4498
219.6660
298.4350
476.8664
601.7765
644.2991
700.8937
779.1925
774.3337
789.6528
772.4870
748.2137
697.5886
574.7842
417.1985
271.8039
213.9418
145.9534
107.1924
75.8728
82.9668
73.7126
55.2453
44.9554
52.2605
74.1760
114.3953
184.2032
266.9451
393.4907
478.4133
568.5080
663.3661
793.1963
912.6480
1076.4895
1282.2471
1486.8257
1644.8340
1844.9559
2050.1479
2118.1840
2205.6211
2145.4762
2122.5249
2071.5864
2040.2873
1870.2923
1629.6853
1402.5846
1165.4326
978.5172
825.6675
928.7371
1209.1613
1460.0583
1756.5444
1992.7833
2179.9849
2222.6847
2132.6717
2138.8457
1991.7134
2086.5579
2237.9696
2182.7516
1966.2680
1765.1034
1545.8667
1307.4335
1144.2531
1074.9698
1097.6281
1134.6855
1236.2831
1273.8448
1324.9741
1383.2382
1387.3678
1456.0037
1544.7423
1577.3021
1565.9355
1540.7967
1536.3128
1514.0088
1422.3808
1357.6770
1314.7659
1180.6630
1011.1791
883.8771
784.1603
691.2852
628.9732
513.0447
395.0445
299.9683
237.8608
212.5516
194.7453
173.6203
157.9605
142.3348
103.5466
79.1166
56.3152
35.6331
30.2565
48.4035
102.2450
176.4960
233.1315
283.5862
329.8091
381.7766
422.7523
435.7748
437.7715
500.7240
593.3469
689.2068
774.0952
864.3944
955.2524
977.4677
1026.3960
1033.3468
963.5116
951.7974
971.8662
962.9324
941.4666
929.8547
963.8728
956.0633
933.2688
1019.5883
1114.9029
1117.0563
1096.1903
1112.6541
1141.2956
1214.1496
1245.0330
1318.4049
1404.8471
1398.8367
1413.7264
1375.3675
1330.8618
1269.4085
1278.4582
1235.2882
1178.1962
1151.5923
1104.9537
1096.8922
1175.5044
1261.6400
1244.1675
1206.5514
1069.1025
951.1841
819.2959
825.5040
923.4558
993.4137
1024.4061
1030.4710
1012.9100
1042.2329
1102.9775
1103.2910
962.8778
815.6638
697.0639
522.4828
405.3276
408.5645
407.5900
375.0507
376.7134
336.7599
306.3262
272.5807
252.7914
255.5376
250.6175
237.8812
225.3221
211.7748
211.5635
205.6349
200.8579
202.6910
210.5141
192.5647
164.0936
156.1751
142.4234
141.2377
136.3108
137.9872
148.1476
141.5171
139.4523
141.1559
151.1256
146.3145
142.2940
140.8970
180.1486
212.8992
227.1279
246.5765
226.5555
172.4073
192.5987
208.2585
239.0601
284.4176
331.1515
283.6952
249.1524
258.6246
257.1867
244.3618
270.5568
244.6548
223.6184
223.4412
272.9147
256.6280
210.1802
167.2283
150.3760
127.3156
110.9267
126.6751
122.7908
119.8946
148.6519
195.5835
252.3825
335.3084
383.3303
383.2553
421.0759
440.6200
533.9516
726.7548
989.1751
1127.3326
1188.6769
1408.0226
1698.8663
1765.3487
1848.0497
2065.3034
2151.2685
2207.5360
2144.5017
1992.4221
1659.3148
1238.3888
815.2004
653.7508
593.3946
607.9368
671.0461
685.0499
644.1832
673.9831
530.7897
354.6480
303.1234
263.2380
224.2454
161.3678
151.2891
220.4292
261.5208
346.9817
457.1179
720.2810
863.0997
899.8572
963.3208
1115.0733
1382.5227
1580.6412
1751.5493
1982.4525
2072.1043
2099.3078
1968.0670
1783.8433
1728.2096
1721.7358
1700.0316
1618.4686
1493.8174
1375.9535
1235.9083
1165.5689
1212.6572
1262.0829
1234.7499
1142.7743
1087.4813
1034.6075
898.2558
796.4741
700.7574
654.9229
597.8377
646.2480
695.9872
786.9065
890.6099
907.1623
947.4089
1016.4468
1045.7833
1088.4967
1108.9334
1115.8774
1151.9944
1148.7166
1166.3321
1116.5725
1071.6989
1010.5863
891.0664
768.7526
658.0303
586.9549
499.4429
498.6388
457.2065
432.1836
465.3362
503.7156
689.7383
760.6229
754.0878
869.0147
1071.6648
1227.2266
1228.7531
1249.0944
1273.6267
1229.4073
1131.3055
1033.3331
888.1158
752.1184
637.1575
533.2429
473.2956
421.4303
427.8291
443.0732
422.1458
465.6974
556.4327
819.3027
1241.1283
1506.6287
1720.9794
1937.0269
