0,27
0,30
0,31
0,27
0,35
0,39
0,38
0,58
18,42
49,62
73,63
92,23
82,84
37,18
7,48
0,50
0,72
0,64
0,53
0,43
0,35
0,41
0,34
0,29
0,27
0,27
0,22
0,19
0,27
0,40
0,47
0,86
22,40
69,07
102,20
118,33
79,70
40,66
7,26
1,08
1,26
1,16
1,05
0,99
0,98
0,95
0,92
0,92
0,93
0,90
0,92
0,87
0,94
1,07
1,42
1,14
18,12
66,82
102,72
118,03
81,58
45,93
13,82
0,79
0,93
0,86
0,83
0,79
0,66
0,67
0,69
0,76
0,82
0,82
0,78
0,73
0,69
0,74
0,67
0,89
22,98
83,80
122,50
152,98
140,31
108,47
36,44
1,45
0,57
0,50
0,35
0,30
0,25
0,22
0,19
0,18
0,18
0,24
0,34
0,30
0,33
0,47
0,52
1,23
33,57
116,77
195,26
193,54
161,09
106,37
34,07
0,97
0,98
0,82
0,79
0,70
0,63
0,61
0,53
0,58
0,57
0,60
0,58
0,57
0,58
0,62
0,69
1,26
33,39
131,13
248,75
320,21
302,08
173,01
35,34
2,08
0,84
0,68
0,52
0,49
0,50
0,42
0,40
0,39
0,39
0,39
0,34
0,21
0,21
0,26
0,26
1,73
67,29
234,99
390,40
402,38
364,88
190,93
42,56
0,82
0,57
0,50
0,39
0,29
0,26
0,23
0,18
0,17
0,22
0,21
0,23
0,25
0,29
0,42
0,44
1,59
63,08
223,44
374,21
502,48
466,98
276,83
74,14
1,82
0,77
0,60
0,39
0,29
0,24
0,20
0,19
0,19
0,16
0,14
0,13
0,16
0,21
0,48
0,44
1,72
40,69
119,73
214,43
264,06
215,88
137,89
41,28
0,91
0,58
0,48
0,33
0,25
0,22
0,18
0,15
0,17
0,14
0,13
0,14
0,21
0,26
0,43
0,51
1,03
35,65
146,73
232,46
249,18
226,44
145,65
44,22
1,00
0,60
0,48
0,32
0,25
0,21
0,17
0,15
0,16
0,15
0,16
0,16
0,21
0,26
0,47
0,45
2,05
72,16
250,68
439,36
509,24
483,60
320,66
107,89
3,76
0,79
0,58
0,41
0,31
0,24
0,19
0,17
0,19
0,18
0,19
0,17
0,22
0,31
0,40
0,46
5,10
88,38
299,08
465,36
553,38
506,88
324,13
101,30
6,24
0,83
0,72
0,67
0,55
0,51
0,54
0,55
0,48
0,48
0,52
0,59
0,55
0,48
0,53
0,74
1,39
33,33
134,95
266,92
418,23
373,47
235,84
69,80
2,10
1,14
1,01
0,83
0,79
0,60
0,53
0,59
0,48
0,36
0,43
0,45
0,46
0,51
0,63
0,59
5,46
93,13
254,34
377,97
414,46
355,96
269,51
104,06
3,52
0,81
0,75
0,51
0,43
0,40
0,60
0,76
0,75
0,70
0,66
0,57
0,69
0,48
0,53
0,60
2,31
60,81
213,20
357,94
420,36
308,70
193,91
66,21
3,61
0,61
0,47
0,35
0,27
0,22
0,18
0,18
0,18
0,19
0,15
0,15
0,18
0,23
0,37
0,42
4,04
57,40
142,95
200,85
231,93
221,34
142,73
42,05
1,72
0,73
0,60
0,46
0,40
0,40
0,30
0,40
0,48
0,72
0,69
0,68
0,63
0,81
0,78
0,57
0,92
28,50
125,52
177,09
250,39
279,54
208,56
66,87
2,80
0,62
0,49
0,37
0,25
0,20
0,19
0,17
0,20
0,21
0,17
0,17
0,16
0,26
0,46
0,48
2,71
61,71
203,24
396,03
517,67
532,46
373,33
120,60
8,80
1,05
0,94
0,85
0,65
0,64
0,48
0,48
0,54
0,59
0,39
0,38
0,39
0,47
0,75
1,06
3,97
56,43
177,66
300,88
347,88
257,84
133,66
59,73
4,74
0,94
1,02
0,89
0,94
0,86
0,72
0,81
0,91
0,80
0,78
0,76
0,81
0,77
0,86
0,85
2,63
41,57
106,49
183,96
270,53
263,85
153,20
56,35
3,46
0,86
0,98
0,88
0,69
0,61
0,53
0,47
0,45
0,49
0,44
0,49
0,56
0,74
0,79
0,77
3,04
43,33
87,62
122,71
118,04
87,08
60,02
16,26
1,12
1,15
1,13
1,00
0,96
0,98
0,98
0,98
0,97
0,95
0,91
0,92
0,91
0,96
1,07
1,12
2,33
71,00
292,51
548,30
674,32
549,41
338,80
122,95
13,33
1,35
1,27
1,09
1,01
0,82
0,77
0,78
0,82
0,74
0,74
0,72
0,76
0,88
1,08
1,18
7,94
119,00
373,52
612,84
623,06
566,65
318,69
108,11
7,02
1,14
0,97
0,94
0,84
0,92
0,96
0,95
0,93
0,92
0,93
0,92
0,93
0,98
1,22
1,20
2,90
38,02
105,00
179,72
210,46
163,77
100,35
68,19
8,58
1,38
1,30
1,16
1,10
1,06
1,05
0,99
0,99
0,99
0,93
0,95
0,95
1,00
1,17
1,01
16,47
196,80
498,73
669,06
745,37
707,91
492,55
190,93
17,80
1,20
1,06
0,77
0,56
0,41
0,43
0,39
0,32
0,34
0,41
0,30
0,47
0,50
0,71
1,05
2,08
11,41
25,60
96,67
112,74
147,92
180,74
143,21
26,70
1,38
1,27
1,10
0,92
0,84
0,82
0,79
0,52
0,47
0,43
0,40
0,30
0,34
0,40
0,42
16,96
125,48
248,57
315,72
398,41
360,44
263,75
120,60
16,89
0,71
0,68
0,49
0,45
0,43
0,42
0,38
0,38
0,28
0,22
0,21
0,20
0,22
0,35
0,41
29,31
248,11
577,56
730,99
767,84
811,48
686,14
310,10
42,42
0,99
0,80
0,60
0,54
0,45
0,40
0,33
0,30
0,25
0,23
0,26
0,30
0,34
0,48
0,56
30,08
191,14
411,20
491,21
487,75
479,06
288,91
111,23
13,37
0,91
0,84
0,60
0,45
0,38
0,28
0,22
0,17
0,15
0,13
0,15
0,18
0,25
0,38
0,46
9,85
75,26
159,48
212,92
204,71
132,25
86,46
37,39
4,71
1,06
0,84
0,71
0,59
0,45
0,54
0,62
0,57
0,52
0,41
0,40
0,60
0,60
0,46
0,54
36,69
253,18
497,08
566,78
484,12
388,95
246,56
83,80
9,83
1,57
1,44
1,30
1,21
1,11
1,04
0,92
0,89
0,69
0,61
0,63
0,72
0,90
1,09
1,25
34,44
243,76
508,73
740,52
845,32
803,61
646,90
271,85
47,64
1,66
1,33
1,01
0,90
0,60
0,52
0,42
0,50
0,43
0,41
0,45
0,50
0,56
0,74
0,89
7,91
44,11
86,79
105,80
114,73
119,69
93,95
61,51
13,18
1,52
1,40
1,21
1,03
0,96
0,92
0,90
0,92
0,88
0,90
0,91
0,91
0,91
0,98
0,96
32,13
258,21
543,81
760,06
813,67
849,19
686,27
361,94
75,01
1,89
1,50
1,18
0,89
0,76
0,67
0,69
0,69
0,74
0,70
0,69
0,81
0,88
1,03
1,03
15,86
94,48
167,75
235,05
262,92
231,78
147,57
75,32
15,05
1,57
1,53
1,26
1,13
0,97
0,89
0,77
0,79
0,72
0,65
0,72
0,69
0,69
0,65
0,54
17,61
101,82
183,04
206,20
189,88
149,94
92,63
42,63
7,33
1,36
1,33
1,21
1,21
1,04
1,05
1,12
0,98
1,08
1,01
0,82
0,82
0,96
1,23
1,31
4,64
32,01
72,43
102,08
140,49
164,97
177,58
126,88
24,01
1,39
0,67
0,46
0,37
0,31
0,28
0,28
0,30
0,43
0,40
0,24
0,28
0,34
0,55
0,81
41,32
287,32
643,34
930,26
1078,85
1063,04
1002,56
546,24
111,61
2,08
1,04
0,70
0,55
0,51
0,60
0,66
0,54
0,49
0,55
0,48
0,45
0,50
0,56
1,01
51,75
233,95
496,37
779,36
1052,18
945,00
771,95
325,79
73,08
1,61
1,20
0,93
0,73
0,62
0,55
0,44
0,44
0,35
0,34
0,36
0,49
0,66
0,91
1,07
9,21
51,70
103,93
162,63
177,01
160,41
137,99
79,03
21,41
1,22
1,00
0,84
0,75
0,73
0,66
0,68
0,62
0,55
0,59
0,63
0,57
0,61
0,79
0,75
10,81
56,27
109,43
142,75
181,94
193,05
130,64
70,25
13,85
1,16
1,22
0,79
0,69
0,67
0,62
0,51
0,49
0,68
0,51
0,58
0,59
0,55
0,73
0,71
8,25
46,09
96,02
130,54
145,18
131,05
85,65
42,00
9,43
1,04
0,88
0,63
0,49
0,42
0,29
0,21
0,23
0,20
0,18
0,14
0,16
0,25
0,37
0,45
16,48
71,69
141,72
229,88
272,47
259,03
239,48
156,96
63,05
5,12
0,91
0,78
0,45
0,37
0,31
0,25
0,26
0,22
0,20
0,20
0,26
0,32
0,49
2,06
59,03
211,25
477,84
697,93
829,30
846,54
788,28
541,59
153,87
6,12
0,93
0,64
0,51
0,44
0,40
0,40
0,38
0,24
0,19
0,21
0,23
0,27
0,43
0,63
28,36
135,95
242,88
290,89
302,81
262,47
209,27
119,19
38,94
2,09
0,71
0,59
0,49
0,42
0,34
0,33
0,29
0,25
0,23
0,26
0,32
0,35
0,44
0,99
25,93
96,17
167,82
224,77
234,41
228,51
167,13
95,82
27,48
1,15
0,77
0,54
0,42
0,38
0,37
0,29
0,24
0,23
0,21
0,21
0,22
0,31
0,44
1,39
65,14
210,13
307,97
412,28
433,66
292,18
154,22
77,40
48,98
5,58
1,04
0,90
0,76
0,71
0,66
0,71
0,69
0,73
0,61
0,65
0,68
0,62
0,79
3,76
125,41
530,22
1067,03
1500,39
1696,75
1689,42
1399,89
804,93
241,85
11,14
1,19
0,85
0,65
0,48
0,39
0,33
0,31
0,28
0,26
0,32
0,33
0,36
0,52
2,27
25,74
64,51
99,34
120,96
148,43
139,22
114,92
65,57
22,61
1,11
0,67
0,43
0,30
0,29
0,25
0,32
0,32
0,37
0,33
0,30
0,33
0,32
0,50
2,30
62,66
205,93
334,69
455,46
531,58
492,83
510,34
300,71
122,10
9,80
1,05
0,62
0,49
0,43
0,50
0,29
0,29
0,33
0,36
0,32
0,28
0,34
0,50
8,86
164,16
443,34
824,84
1109,73
994,21
766,21
471,27
236,51
87,24
7,66
1,57
1,21
0,98
0,85
0,95
0,72
0,75
0,71
0,74
0,92
0,86
0,70
0,78
10,42
170,00
567,74
977,91
1296,37
1422,50
1224,18
802,80
361,70
93,03
6,13
1,65
1,22
1,12
0,96
0,89
0,90
0,77
0,70
0,66
0,63
0,59
0,50
0,50
2,56
50,83
165,75
314,93
513,50
713,32
688,78
411,60
242,05
97,63
21,01
1,02
0,81
0,83
0,81
0,74
0,75
0,88
0,90
0,89
0,87
0,93
1,01
1,13
13,80
170,80
410,36
806,91
948,04
1133,66
1004,55
785,04
452,68
100,69
10,39
1,77
1,14
0,80
0,64
0,54
0,40
0,37
0,29
0,28
0,25
0,24
0,30
0,39
18,52
216,90
523,31
814,97
975,82
1013,52
926,20
726,38
478,70
158,13
18,38
1,25
0,79
0,72
0,54
0,44
0,60
0,45
0,46
0,45
0,31
0,49
0,56
0,46
22,64
170,32
363,59
510,02
505,49
506,26
432,80
347,96
239,43
133,43
24,00
0,78
0,66
0,48
0,31
0,28
0,21
0,21
0,19
0,24
0,18
0,33
0,29
0,42
15,54
129,35
354,75
675,70
759,41
709,54
594,75
562,63
381,26
183,72
31,93
1,06
0,78
0,59
0,63
0,42
0,30
0,39
0,21
0,20
0,20
0,37
0,28
0,40
15,92
144,48
263,33
356,29
454,15
445,20
423,87
337,52
219,36
91,50
13,36
0,80
0,79
0,45
0,54
0,49
0,32
0,50
0,31
0,26
0,23
0,28
0,37
0,51
10,85
93,50
255,44
466,61
639,19
777,17
689,09
571,95
333,82
148,90
24,81
1,12
0,84
0,63
0,58
0,47
0,50
0,38
0,42
0,21
0,20
0,23
0,30
0,43
42,96
262,25
551,56
678,19
720,91
724,15
706,85
569,37
370,90
209,14
45,40
1,12
0,72
0,51
0,39
0,32
0,27
0,22
0,20
0,18
0,19
0,21
0,26
0,37
18,79
120,51
374,82
631,25
699,65
708,08
805,67
866,92
713,70
447,97
96,47
2,47
0,59
0,46
0,32
0,27
0,24
0,21
0,20
0,19
0,19
0,19
0,23
0,33
13,97
91,41
188,35
252,10
334,60
395,05
383,02
313,45
225,87
133,10
34,02
0,68
0,46
0,35
0,26
0,22
0,21
0,22
0,20
0,18
0,17
0,18
0,27
0,60
35,22
191,88
426,65
739,89
1080,36
1386,84
1428,32
1124,42
729,77
350,37
74,80
1,74
1,14
0,71
0,56
0,46
0,48
0,32
0,31
0,48
0,46
0,30
0,43
0,70
57,98
232,95
506,21
685,45
746,83
685,47
674,47
544,50
313,70
164,74
39,33
1,30
0,89
0,57
0,42
0,33
0,30
0,26
0,23
0,22
0,22
0,26
0,50
0,51
17,60
109,30
229,12
328,52
433,58
485,32
436,63
340,80
198,99
127,54
32,30
1,00
0,71
0,61
0,49
0,35
0,33
0,32
0,34
0,33
0,36
0,34
0,39
1,14
78,10
311,08
545,05
758,43
1021,85
1202,70
1394,88
1378,92
1091,67
598,45
136,77
4,15
0,94
0,77
0,57
0,47
0,39
0,36
0,31
0,22
0,23
0,23
0,30
1,65
72,29
322,21
782,18
1467,09
1897,98
2083,97
2110,02
1946,36
1510,75
802,76
179,02
4,11
1,00
0,89
0,57
0,50
0,40
0,39
0,42
0,38
0,35
0,35
0,42
1,69
85,50
297,79
564,42
823,21
1110,23
1093,88
1090,92
1190,10
940,26
546,10
139,89
3,90
1,11
0,87
0,74
0,61
0,53
0,35
0,34
0,29
0,29
0,28
0,33
0,49
19,52
84,22
162,77
232,33
288,97
362,55
461,90
534,39
408,31
171,34
41,52
1,09
0,65
0,50
0,40
0,35
0,32
0,31
0,30
0,30
0,28
0,31
0,36
2,83
84,12
304,41
618,94
922,23
937,73
899,95
755,76
554,40
279,52
116,77
28,17
1,11
0,72
0,61
0,53
0,49
0,32
0,45
0,31
0,22
0,19
0,22
0,28
0,66
23,22
89,45
165,86
255,38
324,86
379,77
369,90
295,73
188,27
90,84
25,94
1,06
0,53
0,34
0,26
0,23
0,20
0,19
0,17
0,14
0,15
0,17
0,24
3,29
78,72
252,82
561,16
997,29
1267,54
1289,63
1054,15
729,17
426,46
184,27
43,51
2,20
1,02
0,81
0,70
0,59
0,56
0,47
0,47
0,41
0,43
0,42
0,41
0,99
27,28
95,37
204,22
282,80
346,13
401,74
398,33
395,01
332,52
239,32
83,98
3,89
0,65
0,56
0,47
0,39
0,32
0,31
0,30
0,29
0,25
0,27
0,34
4,41
74,33
227,27
384,00
517,92
570,05
529,28
505,20
484,79
398,40
186,05
58,59
4,61
0,71
0,54
0,45
0,39
0,33
0,29
0,28
0,26
0,24
0,24
0,30
4,26
109,66
441,46
965,28
1583,25
1804,76
1748,49
1593,21
1353,57
950,53
531,66
149,34
8,72
0,98
0,73
0,60
0,46
0,39
0,36
0,30
0,26
0,26
0,25
0,31
22,93
339,04
900,96
1592,66
2146,41
2376,66
2502,67
2371,88
1873,14
1205,95
588,78
169,48
8,12
1,17
0,88
0,71
0,60
0,49
0,42
0,34
0,27
0,26
0,25
0,33
22,57
199,30
434,46
666,01
937,71
1234,18
1398,07
1439,85
1222,44
841,69
442,25
147,53
10,53
0,97
0,74
0,58
0,47
0,39
0,36
0,31
0,28
0,25
0,27
0,33
24,74
201,87
480,49
751,23
991,58
1200,53
1047,68
779,48
564,51
367,19
184,62
59,20
5,17
1,09
0,65
0,53
0,43
0,37
0,35
0,31
0,25
0,20
0,21
0,30
11,89
118,42
300,79
522,83
731,79
1076,25
1374,82
1614,14
1572,44
1218,64
611,26
172,54
10,47
1,04
0,83
0,69
0,56
0,48
0,45
0,41
0,35
0,34
0,33
0,42
12,95
190,83
513,75
894,00
1152,26
1438,38
1582,20
1626,79
1327,48
870,87
394,01
141,98
10,42
1,09
0,90
0,72
0,61
0,57
0,54
0,46
0,44
0,38
0,32
0,37
5,05
59,92
164,21
377,26
691,39
974,16
1069,07
1238,04
1315,48
1223,20
845,43
303,13
32,15
0,96
0,75
0,62
0,60
0,49
0,50
0,40
0,38
0,29
0,28
0,31
36,09
322,97
874,06
1396,46
1802,56
1974,63
1759,38
1546,60
1432,84
1075,86
645,29
206,52
21,06
1,11
0,86
0,67
0,54
0,47
0,38
0,33
0,30
0,29
0,27
0,32
25,87
208,77
470,98
764,62
991,61
1144,39
977,66
879,11
821,11
643,46
384,69
183,84
25,50
1,05
0,91
0,54
0,43
0,36
0,29
0,25
0,22
0,23
0,23
0,29
30,58
228,64
610,98
1009,90
1148,50
1215,12
1329,60
1235,91
1166,09
984,00
710,89
332,34
38,29
1,04
0,75
0,60
0,49
0,49
0,38
0,31
0,32
0,27
0,27
0,39
48,18
302,71
753,69
1262,36
1931,03
2246,98
2224,12
2110,48
2040,14
1586,90
1019,02
376,19
43,33
1,15
1,03
0,79
0,60
0,53
0,45
0,41
0,35
0,32
0,32
0,44
63,06
299,73
569,51
900,27
1471,58
1546,92
1694,39
1474,49
1077,28
804,26
515,68
188,67
26,01
1,30
1,05
0,84
0,71
0,60
0,49
0,48
0,50
0,50
0,45
0,67
58,17
297,24
540,28
642,20
556,35
363,09
316,05
247,08
247,93
281,95
375,99
158,20
18,04
0,71
0,69
0,70
0,47
0,37
0,29
0,25
0,23
0,23
0,26
0,71
89,94
441,23
771,80
938,36
932,66
1033,49
942,61
875,02
743,68
622,22
464,14
226,74
36,29
0,89
0,68
0,51
0,42
0,38
0,36
0,30
0,27
0,27
0,26
0,56
39,05
182,85
384,24
497,33
686,87
975,71
1267,97
1167,62
814,23
498,57
280,76
113,20
14,82
0,88
0,69
0,57
0,64
0,38
0,36
0,30
0,26
0,26
0,29
0,37
39,91
179,52
369,07
593,16
734,24
765,20
801,10
691,01
642,40
712,49
503,44
246,23
45,47
0,69
0,51
0,37
0,33
0,33
0,27
0,24
0,22
0,24
0,40
1,55
62,28
230,30
391,15
576,60
669,70
708,94
630,00
534,27
469,49
298,65
134,11
43,73
6,07
0,66
0,48
0,45
0,40
0,41
0,26
0,27
0,29
0,25
0,32
0,43
14,88
66,50
135,05
228,67
303,05
379,97
442,63
494,81
499,60
352,08
207,65
106,26
19,67
0,47
0,39
0,34
0,29
0,30
0,23
0,22
0,24
0,23
0,29
2,01
93,08
382,93
708,41
898,13
953,50
1162,30
1353,31
1439,11
1341,23
1107,33
599,78
238,89
43,79
1,19
0,74
0,79
0,49
0,46
0,62
0,39
0,38
0,38
0,43
0,83
29,75
123,16
241,67
438,88
635,99
645,58
492,97
348,66
256,37
263,52
200,46
109,76
28,90
2,64
0,43
0,59
0,33
0,31
0,31
0,29
0,27
0,26
0,30
2,20
77,12
228,15
372,30
512,24
579,24
597,36
578,54
478,46
261,19
117,65
112,44
83,02
29,30
0,72
0,52
0,48
0,49
0,37
0,27
0,26
0,25
0,24
0,25
6,21
133,87
502,36
952,03
1334,29
1772,00
1735,98
1437,06
1247,87
1324,55
992,72
843,43
397,28
88,76
1,59
0,88
0,72
0,59
0,52
0,44
0,39
0,35
0,35
0,41
1,12
26,45
176,20
702,76
1475,41
1359,89
1538,84
1443,06
1401,53
1379,97
1815,17
1205,56
631,70
116,39
4,16
0,91
0,69
0,63
0,52
0,44
0,40
0,37
0,39
0,42
6,83
159,03
641,13
1329,08
2007,06
2326,86
2309,62
2182,07
2022,76
1727,31
1111,09
646,90
252,69
58,53
1,95
0,83
0,69
0,57
0,50
0,42
0,37
0,34
0,34
0,36
9,68
114,91
309,27
493,75
432,75
571,25
876,00
828,62
557,48
380,03
258,86
165,97
165,01
66,30
4,88
0,66
0,63
0,54
0,54
0,46
0,42
0,41
0,43
0,46
4,02
83,73
287,39
557,47
887,20
1365,13
1806,89
2006,96
1982,15
1988,14
1711,00
1218,31
523,84
134,95
6,25
1,01
0,80
0,72
0,60
0,54
0,57
0,56
0,59
0,59
2,07
29,95
95,89
248,83
454,52
667,57
902,84
988,78
1184,18
1176,55
1001,40
654,61
265,26
90,76
4,12
0,73
0,57
0,44
0,37
0,32
0,28
0,25
0,30
0,34
4,44
72,35
146,36
231,88
335,09
343,70
307,42
392,53
500,03
514,95
436,46
354,01
191,26
47,38
1,39
0,46
0,38
0,30
0,30
0,24
0,26
0,22
0,22
0,30
15,73
193,78
540,77
948,54
1350,50
927,33
984,88
1013,26
1002,39
759,78
444,57
471,83
199,06
44,16
1,93
0,87
0,71
0,63
0,59
0,54
0,51
0,48
0,49
0,50
26,57
246,43
699,07
1291,46
1502,97
1194,24
1165,77
1080,69
967,41
1062,08
873,34
913,41
504,79
141,30
10,18
0,88
0,73
0,57
2,15
0,47
0,44
0,35
0,36
0,42
29,97
219,25
634,19
1112,04
1458,38
1611,80
1699,62
1670,32
1482,35
1146,13
802,41
489,48
218,68
58,46
2,94
0,90
0,70
0,61
0,51
0,45
0,37
0,34
0,35
0,39
23,90
192,00
610,87
1159,22
1748,08
2175,37
2341,86
2059,89
1790,89
1799,95
1569,06
1292,35
666,96
183,28
11,76
0,87
0,70
0,56
0,45
0,39
0,34
0,33
0,31
0,36
33,26
246,77
690,34
1122,68
1512,50
1670,31
1856,71
1927,21
1833,95
1783,38
1612,51
1284,33
670,30
196,45
15,70
1,02
0,82
0,71
0,68
0,57
0,46
0,43
0,40
0,57
44,18
284,29
711,94
1251,80
1594,03
1736,62
1838,00
1780,26
1853,57
1654,57
1304,15
855,84
375,61
119,24
9,42
0,91
0,79
0,63
0,50
0,41
0,35
0,33
0,33
0,38
16,48
158,02
333,08
462,34
682,57
947,48
939,27
1002,42
1139,12
1117,18
1108,77
842,94
494,29
164,28
15,92
0,58
0,50
0,56
0,36
0,30
0,27
0,27
0,26
0,46
59,28
312,67
810,14
1356,93
1703,58
1842,44
1976,99
1900,62
1851,19
1644,80
1156,92
760,69
464,26
141,86
18,92
0,92
0,68
0,55
0,49
0,43
0,45
0,35
0,33
0,54
56,68
377,40
1008,71
1583,82
2002,35
2169,20
2063,27
2340,54
2274,25
2377,46
2217,58
1551,79
796,36
263,55
35,82
0,89
0,76
0,59
0,47
0,38
0,33
0,31
0,31
0,76
66,51
365,16
924,51
1463,62
1853,00
2134,25
2220,92
2240,78
2020,43
1911,88
1622,38
1170,16
706,94
243,33
28,45
0,89
0,81
0,85
1,60
0,53
0,45
0,46
0,39
0,98
69,87
329,37
665,47
859,59
873,25
890,95
964,72
1051,07
1087,68
890,66
746,26
506,30
301,30
123,21
16,32
0,83
0,54
0,43
0,36
0,31
0,26
0,26
0,25
0,54
30,63
169,35
407,36
693,73
1030,95
1169,13
1378,32
1417,69
1370,08
1417,36
1224,56
882,23
509,39
173,60
23,11
0,95
0,83
0,67
0,56
0,46
0,43
0,41
0,39
1,32
74,09
299,57
686,11
1153,02
1448,93
1623,66
1616,00
1731,42
1654,86
1394,20
1133,76
866,13
495,84
167,11
27,03
0,98
0,78
0,64
0,62
0,38
0,33
0,31
0,29
1,64
74,56
289,45
584,84
681,19
749,19
922,52
1007,49
1005,68
1078,77
1057,37
976,69
853,73
518,29
200,91
29,65
0,69
0,65
0,52
0,44
0,46
0,43
0,29
0,25
2,19
74,83
317,17
635,92
1002,12
1561,38
1876,51
2171,10
2407,96
2348,40
2048,45
1479,53
910,97
445,01
142,50
20,36
1,15
0,88
0,64
0,55
0,44
0,42
0,35
0,32
2,48
68,82
307,72
729,70
1232,76
1830,69
2238,56
1973,13
1739,68
1288,32
1011,05
785,00
675,04
340,85
143,57
37,60
0,89
0,74
0,62
0,57
0,49
0,42
0,37
0,36
3,38
98,76
437,85
1096,11
1713,76
2216,49
2471,07
2513,36
2487,65
2363,67
2393,91
2137,06
1598,97
900,75
309,79
59,10
1,40
0,79
0,68
0,63
0,53
0,47
0,43
0,39
2,95
98,63
339,74
667,80
1135,85
1588,71
2020,95
2035,28
2072,48
2095,15
2197,23
1840,78
1212,19
707,62
245,75
41,90
1,23
1,01
0,85
0,72
0,66
0,59
0,46
0,47
5,88
120,79
477,00
1070,02
1746,17
2097,05
2218,30
2326,09
2331,05
2351,38
2225,13
1959,15
1634,98
931,27
319,77
54,12
1,08
0,88
0,73
0,64
0,58
0,53
0,50
0,68
7,16
121,28
425,57
957,24
1631,44
2321,13
2691,80
2365,38
2341,28
2743,48
2305,28
2255,48
1631,45
907,73
312,64
54,96
1,36
0,94
0,83
0,71
0,57
0,58
0,47
0,46
8,10
128,47
457,60
1097,69
1790,28
2323,10
2575,63
2732,39
2775,56
2784,43
2561,98
2126,97
1449,62
680,57
258,43
48,94
1,35
0,81
0,67
0,56
0,48
0,41
0,40
0,36
3,31
54,03
150,41
328,24
539,34
774,67
1077,43
1393,91
1520,80
1294,35
1512,81
1396,65
1022,71
662,21
278,71
60,32
1,03
0,57
0,48
0,43
0,37
0,33
0,30
0,29
8,20
96,82
282,08
484,29
708,93
776,24
806,92
983,67
992,50
1002,59
949,68
889,53
545,43
265,37
109,28
15,58
0,58
0,53
0,45
0,39
0,32
0,28
0,26
0,26
4,47
72,56
246,39
545,08
836,84
1081,27
1133,93
1306,27
1073,79
954,64
845,31
810,01
572,87
305,44
143,17
33,49
1,06
0,59
0,50
0,58
0,38
0,34
0,45
0,28
10,70
108,34
355,65
694,69
1127,42
1642,20
2048,97
2334,96
2388,12
2307,04
2135,45
1770,52
1279,20
686,49
259,58
70,00
2,98
0,86
0,82
0,61
0,52
0,44
0,46
0,38
10,24
106,85
390,31
871,40
1510,35
1899,24
2231,53
2355,71
2414,28
2382,48
2035,22
1655,71
1269,13
766,16
304,07
58,70
1,77
0,95
0,85
0,74
0,85
0,62
0,61
0,51
18,34
158,46
403,86
810,36
1267,72
1686,60
1923,24
1737,30
1553,90
1295,79
1021,74
766,54
638,05
429,61
212,12
65,98
4,99
0,89
0,79
0,63
0,57
0,51
0,41
0,42
4,94
72,23
202,65
429,53
728,73
1022,78
1268,58
1451,69
1696,00
1805,48
1874,19
1794,20
1399,62
783,28
337,09
100,42
6,84
0,86
0,66
0,60
0,53
0,49
0,41
0,42
23,88
186,69
608,83
1227,06
1867,55
2273,00
2221,29
1946,62
2111,50
2092,17
2319,19
1716,90
1605,28
956,98
384,66
95,42
6,26
0,96
0,77
0,66
0,61
0,47
0,47
0,46
24,04
175,33
573,00
1213,88
1528,28
1974,98
1833,05
1733,79
1506,19
1473,76
1674,36
1554,57
1448,58
1154,93
439,74
95,98
6,37
0,87
0,69
0,66
0,56
0,48
0,44
0,46
25,25
186,89
660,45
1414,08
2128,39
2579,08
2355,60
2599,56
2405,50
2493,41
2354,78
2191,56
1822,06
1094,71
418,87
95,85
6,02
0,92
2,35
0,64
0,57
0,52
0,49
0,50
28,42
190,02
651,86
1383,15
2055,32
2165,65
2062,18
2154,69
1763,07
1669,99
1764,68
2087,75
1670,01
1098,15
421,83
100,79
7,00
0,89
0,82
2,50
0,63
0,60
0,51
0,51
27,47
183,79
638,99
1356,44
1927,31
2457,57
2659,63
2354,54
2308,80
2266,14
2560,87
2420,00
1527,54
1001,26
401,70
106,21
8,19
0,93
0,89
0,80
0,68
0,58
0,57
0,61
34,52
202,15
668,96
1358,85
2043,37
2586,03
2755,03
2820,41
2453,50
2671,11
2694,19
2462,69
1858,98
1092,35
442,53
110,26
9,97
0,87
0,76
0,66
0,57
0,54
0,49
0,55
37,81
201,92
635,95
1283,32
1963,98
2553,40
2928,62
3050,30
3094,04
3041,68
2879,13
2505,22
1915,00
1184,34
468,85
116,77
10,70
0,88
0,80
0,68
0,53
0,50
0,46
0,54
40,51
219,99
705,89
1449,95
2151,60
2706,24
2886,36
2714,39
2341,17
2412,80
2549,19
2349,44
1876,25
1141,70
463,82
118,43
12,60
0,99
0,74
0,68
0,56
0,55
0,52
0,68
40,49
224,00
669,97
1321,86
1923,41
2318,12
2453,97
2227,01
1522,72
1635,09
1435,53
1434,15
1713,04
1110,91
456,81
129,33
14,05
1,07
0,78
0,60
0,55
0,61
0,44
0,62
41,42
219,43
651,96
1293,49
1925,64
2468,06
2785,05
2818,20
2748,34
2470,91
2482,25
2307,84
1802,28
1108,76
458,13
124,82
14,23
0,89
0,69
0,61
0,54
0,49
0,42
0,75
41,94
202,06
600,77
1333,96
2002,40
2552,48
2873,67
2990,47
2932,22
2865,32
2698,39
2320,70
1713,57
1059,31
463,36
143,32
16,41
1,00
0,86
0,73
0,59
0,53
0,48
1,27
50,69
262,31
666,18
1055,86
1608,84
2070,27
2317,19
2378,87
2224,54
2160,32
1926,44
1756,30
1298,73
734,99
344,61
115,88
13,73
0,88
0,84
0,73
0,64
0,58
0,53
1,74
49,08
171,88
367,16
516,73
674,67
737,04
702,89
618,33
689,63
765,87
818,58
739,82
632,26
469,31
302,79
106,15
12,36
0,66
0,56
0,53
0,47
0,36
0,33
0,53
41,47
197,62
448,15
940,08
1359,34
1672,72
1992,31
2206,12
2298,26
2351,80
2362,26
2012,13
1652,03
1098,85
536,60
165,57
24,67
0,93
0,71
0,61
0,57
0,48
0,46
1,26
59,86
270,96
639,36
1076,88
1485,02
1698,27
2072,18
2139,35
1973,81
1784,55
1460,24
1332,10
952,53
649,75
333,59
127,88
13,89
0,95
0,70
0,62
0,50
0,49
0,42
1,10
45,14
196,97
451,05
824,08
1300,72
1653,12
1544,41
1224,16
945,44
1022,92
983,40
1207,05
1046,30
777,81
503,55
160,67
21,23
0,73
0,65
0,73
0,54
0,47
0,44
1,02
41,06
207,50
499,75
787,35
1085,24
1504,83
1837,52
2057,72
2117,54
2181,29
2261,34
2095,95
1637,80
1027,04
476,12
159,65
24,56
0,87
0,75
0,77
0,51
0,50
0,40
2,40
48,52
107,27
172,62
280,52
463,81
691,37
901,91
890,39
894,58
1100,52
1173,38
996,44
1053,54
893,45
462,04
169,24
25,21
0,75
0,67
0,64
0,45
0,44
0,34
2,67
72,18
238,98
519,31
781,29
997,99
973,65
872,39
856,82
714,66
673,12
713,89
605,69
569,78
568,79
346,96
143,23
22,97
0,93
0,70
0,66
0,59
0,47
0,49
1,16
58,69
246,08
613,07
1068,96
1467,33
1782,08
2008,12
1946,52
2095,97
2068,60
2046,92
1741,47
1352,77
805,31
372,58
158,43
32,14
0,94
0,75
3,54
0,61
0,44
0,42
1,40
23,38
92,11
216,53
349,94
536,33
841,04
1053,40
1169,06
1336,42
1487,89
1707,84
1705,71
1342,37
847,51
406,97
161,87
25,39
0,98
0,74
0,62
0,56
0,56
0,41
2,45
74,88
273,92
737,05
1362,63
1945,43
2405,38
2738,04
2909,97
2886,72
2637,93
2529,15
2091,79
1517,83
1007,16
493,04
175,53
34,18
1,15
0,93
0,71
0,58
0,53
0,45
2,37
48,76
186,50
454,39
914,98
1368,84
1896,10
2425,50
2620,23
2028,66
1707,06
1555,75
1719,14
1719,04
1118,86
543,17
191,13
28,65
0,85
0,68
0,64
0,57
0,51
0,56
2,21
58,70
237,57
431,62
687,96
977,77
1184,53
1098,06
1109,58
1134,60
1248,00
1364,98
1344,96
1144,45
822,27
445,62
175,98
38,80
1,17
0,66
0,56
0,51
0,45
0,44
4,17
76,40
255,95
572,87
1020,87
1428,55
1676,27
1820,98
1849,37
1847,68
1606,55
1173,76
777,93
606,98
386,94
222,74
74,39
8,95
0,83
0,73
0,63
0,53
0,48
0,45
1,39
24,97
155,98
479,44
1069,05
1620,80
2082,79
2161,90
2085,53
2050,85
1873,10
1676,64
1395,98
1142,02
908,96
467,90
188,63
36,93
1,25
0,89
0,73
0,63
0,57
0,51
4,23
87,16
271,88
638,04
1065,32
1350,61
1512,11
1395,45
1466,72
1685,23
1885,36
1672,39
1556,04
1373,38
950,48
501,30
189,55
40,67
1,24
1,01
0,71
0,65
0,55
0,51
6,22
107,55
326,84
693,24
1159,97
1595,42
1686,39
1866,49
2115,34
2132,22
2015,61
1623,38
1418,95
993,25
631,57
410,62
168,29
35,66
1,06
0,76
1,18
0,59
0,53
0,54
2,82
59,59
222,97
467,33
587,26
657,51
681,93
640,20
541,51
505,39
459,47
497,01
558,45
599,83
592,27
381,93
179,78
39,27
1,02
0,59
0,70
0,49
0,46
0,41
4,21
69,63
287,57
661,63
946,16
793,76
709,79
891,95
996,28
1131,72
1052,20
894,15
1110,76
1183,88
857,81
468,06
197,02
44,25
0,98
0,93
0,72
0,60
0,53
0,55
3,49
76,02
263,50
587,66
1014,48
1362,00
1662,51
1756,63
1861,14
1889,73
1894,73
1706,92
1405,27
1028,57
720,30
381,81
147,86
29,06
1,16
0,76
0,59
0,55
0,47
0,48
1,47
34,50
129,64
284,85
495,53
696,72
907,24
1078,31
1149,88
1251,30
1250,17
1239,37
1239,20
985,16
690,09
343,14
123,56
26,27
0,96
0,67
0,72
0,58
0,50
0,46
2,76
61,74
197,95
428,56
837,75
1317,10
1521,21
1787,41
1782,69
1927,72
1889,96
1739,94
1560,27
1221,75
788,18
430,76
176,66
43,58
1,74
0,94
0,86
0,68
0,63
0,63
4,14
75,13
233,00
528,30
952,45
1327,33
1677,35
1897,07
1972,78
1914,52
1915,55
1746,44
1535,18
1115,17
797,65
455,38
176,10
35,76
1,09
0,80
0,67
0,65
0,54
0,46
2,16
42,17
158,98
354,55
527,41
696,60
979,34
1182,20
1383,78
1560,79
1648,15
1724,28
1476,75
994,51
545,25
292,29
100,83
20,11
0,90
0,76
0,75
0,68
0,60
0,58
3,96
71,29
238,09
459,78
535,52
463,95
256,78
222,87
267,62
417,29
485,97
741,31
833,08
780,44
771,69
445,69
153,28
36,27
1,15
0,69
0,57
0,49
0,42
0,41
5,57
75,66
240,18
552,21
753,71
856,57
1215,95
1391,82
1415,07
1490,24
1465,55
1345,25
975,72
785,04
527,99
230,01
81,39
14,14
0,87
0,76
0,62
0,52
0,46
0,45
3,95
77,19
272,80
661,05
1152,46
1623,89
1904,07
1866,95
1694,78
1756,57
1773,02
1897,73
1904,07
1587,68
1092,63
534,88
192,40
50,35
1,36
0,68
0,67
0,55
0,49
0,44
4,55
73,64
242,79
607,44
1067,20
1464,93
1750,85
2015,01
2124,35
2096,78
2171,79
2036,63
1725,06
1189,77
818,82
453,65
185,53
52,86
2,91
0,86
0,69
0,61
0,63
0,45
3,90
65,03
241,63
561,33
893,90
1318,97
1597,41
1792,13
1850,19
1921,66
1896,31
1794,77
1571,41
1328,01
970,78
524,26
209,00
51,14
2,06
0,85
0,80
0,71
0,68
0,62
6,07
74,32
262,56
725,70
1318,08
1960,46
2477,32
2675,43
2675,13
2582,41
2474,10
2385,68
2109,59
1607,64
1063,51
559,54
231,71
54,11
2,28
0,73
0,64
0,58
0,54
0,45
3,21
65,00
235,95
602,77
1047,93
1594,59
1959,60
2298,63
2394,78
2147,13
1962,87
1610,63
1279,18
810,00
375,11
131,96
40,77
5,74
0,97
0,92
0,68
0,55
0,47
0,40
0,60
9,22
50,82
110,91
206,39
343,88
506,12
714,16
783,76
732,08
794,67
799,11
846,64
726,45
604,32
342,17
150,52
38,94
1,56
0,72
0,54
0,46
0,44
0,38
2,91
64,79
261,95
624,20
1044,19
1379,37
1485,36
2008,28
2040,52
1999,95
1745,66
1534,17
1449,01
1584,80
1191,08
629,59
209,17
53,06
2,14
0,84
0,80
0,67
0,51
0,47
4,92
74,90
264,32
650,97
1173,66
1738,41
2238,53
2500,36
2635,71
2810,32
2899,61
2847,19
2542,34
2029,70
1358,52
665,55
228,48
54,42
2,50
0,79
0,68
0,61
0,59
0,49
5,09
78,27
275,08
749,80
1431,65
2059,00
2459,97
2633,42
2607,91
2673,09
2592,06
2640,61
2386,84
1959,99
1321,14
637,90
210,47
51,24
2,26
0,90
1,50
0,66
0,57
0,55
4,89
74,89
264,23
720,39
1379,04
2004,99
2516,82
2837,18
2928,13
2867,65
2780,60
2633,26
2297,33
1846,54
1213,87
612,82
204,39
48,68
2,17
0,92
0,90
0,76
0,75
0,65
4,74
77,91
269,88
678,00
1279,74
1877,22
2372,89
2633,90
2680,14
2757,60
2687,83
2198,17
1370,10
763,27
304,84
164,79
109,83
40,48
4,73
0,78
0,72
0,65
0,53
0,49
1,42
60,75
206,70
403,20
739,45
1023,80
1465,82
1764,31
1795,47
1785,78
1710,75
1477,39
1227,70
1286,50
845,71
465,49
170,62
37,30
2,53
1,03
0,81
0,67
0,61
0,54
4,31
79,32
270,13
612,68
1036,55
1387,90
1673,59
1586,71
1751,66
1787,00
1872,83
2133,31
2058,78
1663,72
1096,33
543,98
170,66
32,07
1,25
0,82
0,76
0,66
0,59
0,55
0,71
23,46
76,57
103,94
192,20
383,61
517,30
729,92
790,64
795,88
718,65
837,03
898,92
969,15
814,22
506,01
201,69
47,98
1,69
0,59
0,55
0,50
0,43
0,41
3,09
69,52
246,86
624,35
1110,69
1469,94
1741,96
1640,75
1754,75
1779,88
1784,80
1507,84
1306,27
1068,62
723,75
362,70
133,18
23,22
1,13
0,80
0,78
0,70
0,63
0,54
1,58
39,68
152,17
355,58
556,91
724,95
881,05
1161,99
1270,41
1242,81
1284,90
1157,21
951,32
789,54
602,76
351,59
138,60
36,80
2,30
0,84
0,80
0,68
0,67
0,57
2,33
69,96
257,49
538,35
983,84
1437,11
1605,02
1737,76
1853,21
1946,28
1926,40
1659,26
1482,98
945,30
607,11
350,29
150,70
42,09
1,68
0,98
0,87
0,79
0,76
0,78
0,88
23,08
107,98
189,96
327,70
462,98
884,70
1330,03
1547,99
1341,45
1165,81
1221,91
1061,51
1309,96
927,04
513,32
168,00
35,48
1,47
1,00
0,88
0,93
0,78
0,65
1,83
54,44
192,17
537,87
1111,87
1501,21
1928,45
1920,73
1810,99
1331,62
1159,08
1487,45
1298,06
1327,97
837,79
465,94
188,57
45,96
1,75
1,26
1,07
0,73
0,70
0,63
3,26
65,15
160,98
264,60
357,97
523,51
621,78
890,33
1261,57
1364,24
969,34
746,61
726,51
656,97
488,08
393,65
186,41
38,68
1,85
1,46
1,37
1,01
0,96
0,84
1,93
46,01
188,51
494,17
817,15
797,84
923,07
1038,81
1074,09
1228,02
1205,06
1091,40
1219,13
1444,87
1074,18
534,14
206,44
45,27
1,70
0,91
0,82
0,68
0,64
0,61
1,54
31,48
122,13
267,63
523,55
833,23
1437,13
1935,82
2133,90
2303,20
2239,27
2270,75
2150,30
1825,61
1258,85
650,65
204,24
41,79
1,36
0,77
0,69
0,58
0,53
0,46
2,50
62,00
222,79
563,24
905,02
1069,05
1191,66
1131,98
1172,74
1244,43
1652,08
1971,69
1683,98
1216,96
713,40
363,30
134,11
22,56
0,79
0,86
0,67
1,11
0,54
0,51
1,35
38,25
150,72
490,21
764,59
811,81
1005,46
1003,76
1045,56
1389,44
1523,46
1610,47
1698,92
1535,66
1018,19
457,70
169,42
34,44
1,18
0,81
0,71
0,66
0,66
0,58
1,00
46,91
144,27
453,71
932,15
1358,16
1677,74
1700,81
1654,71
1631,66
1683,50
1730,75
1768,48
1518,10
1038,53
508,87
181,73
31,82
1,14
0,78
0,74
0,59
0,57
0,50
1,67
48,32
173,17
393,06
738,65
1128,12
1510,21
1799,11
1852,39
2026,77
2018,82
2082,05
1682,18
1092,20
692,06
336,99
138,12
29,02
1,42
1,06
1,14
0,90
0,82
0,68
0,79
8,93
47,70
115,28
187,40
250,67
326,04
366,86
442,24
474,06
510,21
562,85
533,47
572,73
401,51
258,95
98,24
13,34
0,64
0,52
0,62
0,48
0,39
0,32
0,53
39,40
195,52
503,58
783,97
968,00
1042,78
1163,32
1239,34
1243,33
1125,77
1026,40
860,19
841,66
568,84
265,32
97,48
17,90
1,15
0,84
0,83
0,68
0,63
0,54
0,47
17,80
115,28
317,60
565,85
978,08
1223,13
1621,24
1739,11
1730,07
1535,97
1515,50
1339,55
1246,30
849,10
409,79
146,42
25,59
0,88
0,71
0,60
0,55
0,52
0,45
0,83
25,19
98,66
179,15
280,04
381,44
454,17
463,79
479,10
574,33
836,69
828,35
847,37
796,21
626,07
373,72
138,09
27,81
0,86
0,67
0,70
0,58
0,54
0,53
0,54
35,27
155,78
403,73
705,46
1157,22
1460,13
1455,46
1641,63
1647,08
1629,66
1535,83
1456,93
1056,73
727,50
374,02
136,22
22,79
1,12
0,96
0,83
0,72
0,62
0,62
0,75
36,56
175,37
440,56
844,05
1128,70
1218,98
1477,66
1672,67
1598,67
1821,42
1835,58
1750,27
1577,16
1137,33
575,08
185,33
29,99
1,03
0,84
0,73
0,65
0,60
0,52
0,70
35,67
193,96
619,95
1304,47
1921,86
2503,28
2671,95
2938,03
2886,53
2934,10
2812,71
2462,01
1931,52
1278,99
589,61
171,07
26,17
1,06
0,84
0,78
0,63
0,61
0,57
0,80
34,62
193,45
621,39
1317,51
2001,66
2563,68
2529,93
2455,24
2678,01
2482,57
2089,11
2456,66
1988,49
1290,16
579,67
165,62
24,96
0,96
0,83
0,71
0,62
0,55
0,51
0,68
37,42
197,23
598,74
1274,50
1947,25
2162,91
2589,39
2557,88
2523,20
2403,80
2089,51
1613,42
1024,02
502,01
221,42
86,17
9,44
1,08
0,70
0,69
0,58
0,48
0,46
0,42
2,31
21,11
66,72
147,75
345,76
566,11
839,77
1218,84
1583,36
1815,37
1953,22
1937,82
1721,85
1064,78
546,34
149,92
21,35
0,83
0,68
0,59
0,53
0,49
0,45
0,42
20,56
121,93
331,75
620,30
933,46
1240,83
1405,97
1281,96
1068,49
1092,59
1248,24
1211,44
1136,04
880,19
461,00
162,43
20,97
0,92
0,81
0,77
0,64
0,58
0,58
0,53
20,47
149,76
466,89
1017,92
1584,60
1994,39
2279,57
2394,15
2255,78
1882,69
1918,05
1993,96
1527,85
964,91
449,77
142,05
15,72
1,27
0,87
0,74
0,72
0,63
0,62
0,56
23,36
162,41
494,56
1066,71
1646,40
2075,69
2220,50
2265,74
2202,70
2015,49
1680,07
1280,72
819,90
471,98
212,43
82,12
5,82
0,97
0,84
0,76
0,71
0,96
0,62
0,57
4,20
59,24
179,83
313,33
392,77
516,76
609,84
608,63
629,25
736,71
856,76
855,78
984,13
776,37
415,52
130,77
15,62
0,71
0,59
0,69
0,54
0,49
0,42
0,39
20,42
168,39
551,56
1163,08
1620,65
2071,59
2290,43
2485,74
2474,65
2567,64
2535,10
2290,04
1776,23
1126,91
519,21
140,85
14,89
1,05
0,85
1,01
0,64
0,58
0,51
0,52
14,20
133,94
477,85
1171,73
1864,10
1989,06
1851,55
1413,27
1420,34
1329,90
1278,99
1155,62
1240,51
1186,26
499,95
132,31
12,91
0,99
0,78
0,65
0,58
0,57
0,50
0,48
19,13
153,72
535,41
1103,58
1648,54
2102,31
2191,51
1998,04
1764,84
1789,72
2046,59
2196,61
1671,69
1024,24
440,54
120,56
10,98
0,92
0,98
0,66
0,55
0,51
0,45
0,45
12,56
147,67
477,80
1072,57
1749,60
2303,90
2612,81
2611,48
2535,51
2877,35
2832,63
2474,54
1893,52
1167,42
471,29
116,60
11,58
0,99
0,77
0,81
0,71
0,62
0,45
0,43
14,19
159,44
502,99
1109,99
1649,51
2124,30
2422,89
2556,16
2614,41
2687,81
2655,14
2405,33
1845,11
1158,90
469,56
121,82
9,85
1,06
0,90
0,85
0,77
0,77
0,55
0,50
13,38
142,85
478,37
1001,74
1484,07
1929,56
2345,51
2636,17
2781,32
2768,94
2594,40
2211,35
1631,93
945,69
433,31
134,54
10,53
1,23
0,87
0,82
0,77
0,61
0,53
0,50
10,66
130,99
396,36
756,46
938,10
1150,14
1509,48
1782,27
1856,15
1873,93
1732,90
1505,37
1124,84
707,46
315,70
91,27
8,26
0,94
0,79
0,99
0,72
0,73
0,50
0,49
6,86
114,64
414,00
972,54
1498,47
1960,72
2210,97
2224,39
2008,61
1740,79
1359,98
1033,01
708,33
439,25
170,91
58,03
3,10
1,18
0,78
0,79
0,61
0,53
0,46
0,40
6,20
79,81
234,23
423,83
633,12
863,39
994,09
1236,70
1421,31
1334,33
1563,62
1606,65
1427,71
878,20
372,73
91,56
4,43
0,86
0,67
0,66
0,58
0,49
0,46
0,43
10,52
132,12
486,63
1075,60
1422,07
1746,07
2058,68
2243,69
2193,95
2125,06
2025,60
1845,79
1406,84
904,64
408,97
95,40
5,02
0,97
0,75
0,66
0,59
0,54
0,50
0,50
6,65
108,73
449,57
1068,77
1635,69
2154,02
2463,77
2519,34
2494,12
2333,82
2107,11
1804,45
1290,47
761,26
312,12
82,27
3,78
1,07
0,85
0,83
0,63
0,61
0,57
0,50
5,98
110,87
401,79
824,51
1240,08
1528,26
1603,13
1495,14
1383,88
1086,12
1068,80
994,30
750,18
606,16
296,01
76,59
4,01
0,99
0,82
0,77
0,58
0,51
0,46
0,41
2,79
96,63
308,18
602,19
929,15
1304,88
1510,32
1602,00
1969,07
2078,55
2044,81
1713,37
1445,45
903,27
360,44
64,49
2,03
0,96
0,80
0,68
0,53
0,51
0,54
0,57
1,27
31,36
106,33
175,75
207,81
231,21
315,63
548,66
826,20
892,85
1102,56
1210,09
1144,67
717,50
315,81
73,65
1,74
0,81
0,93
0,74
0,65
0,56
0,49
0,48
3,11
74,17
360,59
877,55
1105,37
1123,68
1070,14
1149,23
1231,46
1256,27
1171,34
999,11
1180,60
848,37
323,09
62,03
1,86
1,25
0,91
0,91
0,71
0,64
0,56
0,53
3,05
92,63
413,40
1000,57
1330,65
1185,42
1180,22
1222,09
1196,68
1129,53
1041,07
1062,83
1421,44
919,89
353,98
62,74
1,66
0,85
0,68
0,63
0,55
0,49
0,44
0,44
2,71
83,68
408,82
1073,02
1723,68
2309,41
2721,96
2890,50
2938,97
2916,46
2708,85
2303,11
1707,27
973,49
334,69
57,05
1,42
0,96
0,92
0,83
0,64
0,62
0,53
0,53
1,68
82,58
350,26
780,53
1177,45
1724,39
1958,90
1772,34
1736,71
1828,92
1593,61
1441,35
994,57
594,41
240,30
36,88
1,26
0,97
0,96
0,92
0,72
0,76
0,48
0,51
0,89
49,71
220,82
446,52
719,78
1051,62
1459,08
1777,18
1729,19
1509,11
1177,30
922,03
648,08
291,77
132,43
24,86
1,23
0,89
0,82
0,77
0,67
0,63
0,64
0,57
0,68
38,51
234,71
634,65
1106,14
1777,45
2157,69
2370,07
2021,51
1861,35
1819,50
1433,71
907,24
379,94
143,55
18,15
1,33
1,02
0,80
0,80
0,68
0,68
0,56
0,52
0,54
25,93
111,04
245,68
432,04
791,73
1045,20
1260,99
1508,60
1507,21
1611,81
1432,87
1223,08
752,94
273,57
42,84
1,14
0,78
0,66
0,56
0,53
0,60
0,49
0,50
0,73
52,92
302,93
817,08
1412,93
1900,64
2136,79
2202,28
2196,41
2118,16
2042,97
1723,12
1322,22
744,17
260,93
41,53
1,27
0,92
0,78
0,83
0,66
0,71
0,74
0,51
0,84
50,73
225,10
478,55
746,49
1026,30
1300,18
1566,10
1616,42
1666,55
1535,88
1190,96
905,23
562,20
198,05
28,69
0,98
0,76
0,77
0,62
0,67
0,62
0,60
0,52
0,76
55,35
326,38
909,77
1575,02
1951,60
2168,18
2231,19
2204,03
2038,39
1931,58
1726,83
1282,85
663,39
217,05
27,37
1,29
0,87
0,81
1,02
1,04
0,62
0,69
0,55
0,84
59,80
257,31
567,91
972,66
1459,78
1841,24
2089,89
1947,65
1892,53
1513,35
1259,98
976,35
468,51
108,00
11,00
1,26
0,81
0,85
0,98
0,73
0,59
0,41
0,38
0,48
19,00
133,60
455,28
1021,49
1682,47
1497,91
1405,60
1261,25
1324,68
1113,01
937,80
995,95
536,05
176,30
22,43
1,30
1,24
0,93
1,34
0,94
0,67
0,52
0,59
0,77
13,80
61,04
153,91
310,07
452,24
522,21
583,07
510,11
413,54
234,49
266,15
267,09
148,32
52,42
3,45
1,12
0,98
0,97
1,04
0,95
0,61
0,48
0,60
0,73
9,26
67,53
198,20
346,50
355,36
426,09
430,48
462,04
631,88
842,90
708,54
585,76
422,37
158,81
13,58
1,07
0,88
0,71
0,95
0,61
0,60
0,65
0,60
1,02
33,44
230,61
594,28
836,08
831,60
661,33
661,76
658,88
608,01
574,08
546,12
517,84
356,38
94,06
4,61
1,05
0,75
0,63
0,61
0,51
0,52
0,69
0,37
0,67
11,18
123,28
469,18
810,39
828,52
998,65
1024,31
1150,37
1201,38
1092,60
969,60
1000,75
624,26
184,18
14,85
1,47
0,94
0,75
0,72
0,61
0,62
0,57
0,57
0,60
21,37
185,77
623,27
1190,04
1571,16
1851,35
1950,18
2010,74
1833,40
1613,60
1329,40
846,99
445,34
127,20
9,78
1,20
0,84
0,71
0,73
0,81
0,89
0,57
0,48
0,58
26,76
245,97
772,51
1375,53
1811,67
2188,28
2382,79
2108,92
2143,53
2097,00
1789,26
1234,37
586,49
138,75
9,63
1,14
0,82
0,71
0,62
0,59
0,51
0,46
0,45
0,57
27,81
248,95
837,99
1556,48
2110,29
2570,29
2794,42
2829,27
2731,24
2542,49
2083,12
1411,42
677,48
153,51
6,90
1,25
0,99
0,84
0,79
0,88
0,93
0,68
0,63
0,63
31,25
243,32
683,59
1253,02
1931,28
2348,27
2592,22
2559,52
2413,98
1941,23
1407,07
804,20
453,07
135,26
10,19
1,43
0,90
0,75
0,74
0,79
0,90
0,43
0,59
0,55
22,33
219,95
610,27
1054,74
1397,96
1557,19
1885,68
1993,07
2025,83
1980,72
1643,09
1204,71
594,21
133,52
7,00
1,11
0,87
0,74
0,62
0,97
0,61
0,51
0,60
0,60
22,62
238,70
828,30
1552,76
1980,03
2360,69
2209,73
2024,22
1885,37
2423,26
2142,28
1474,71
678,77
135,45
6,56
1,14
0,86
0,75
0,68
0,62
0,83
0,50
0,52
0,57
22,28
217,09
659,66
1223,08
1716,15
1570,58
1349,68
1350,55
866,94
1022,93
1061,52
734,54
321,09
75,01
2,60
0,95
0,80
0,79
0,69
0,67
0,60
0,91
0,56
0,57
15,77
194,05
603,22
1100,09
1558,40
1816,55
2085,33
2260,44
2091,51
1608,54
1150,20
693,55
348,34
82,88
2,44
1,05
0,91
0,82
0,79
0,70
0,62
0,59
0,55
0,64
12,02
181,27
555,02
840,13
1128,50
1413,69
1556,14
1603,01
1552,94
1430,93
1118,33
691,09
232,38
37,84
3,11
1,24
0,79
0,64
0,69
0,78
0,55
0,44
0,64
0,63
8,64
137,92
373,05
721,29
862,52
1052,23
1252,62
1223,86
1086,29
888,81
794,34
549,13
252,82
41,74
1,99
1,12
0,94
0,76
0,70
0,73
0,73
0,64
0,86
0,64
10,47
166,55
667,03
1341,01
1923,81
2070,91
2111,87
1839,34
2048,63
1561,50
1472,51
1065,72
441,38
76,16
1,76
1,15
1,02
0,99
0,81
0,77
0,68
0,63
0,67
0,85
9,08
166,87
657,02
1345,67
1957,16
2391,51
2388,65
2385,68
2235,27
1968,44
1435,36
1125,76
453,75
76,30
1,79
1,15
0,90
0,78
0,96
0,87
0,74
0,55
0,56
0,52
6,70
131,82
471,65
970,36
1568,33
2143,30
2469,15
2228,70
2138,73
1994,43
1515,23
879,13
350,21
53,10
1,71
1,09
0,86
0,76
0,84
0,70
0,66
0,62
0,51
0,58
3,94
125,99
514,70
1150,95
1777,63
1870,06
1851,96
1866,71
1810,57
1821,94
1207,58
586,46
243,17
34,13
1,34
0,92
0,76
0,63
1,16
0,62
0,46
0,44
0,45
0,57
0,92
25,76
97,99
230,16
428,71
557,89
553,18
625,01
724,23
692,89
508,61
382,74
170,38
34,72
1,14
0,77
0,62
0,82
0,71
0,43
0,43
0,75
0,55
0,40
3,66
128,85
556,64
986,48
1337,62
1470,56
1172,40
951,25
555,01
412,64
308,79
168,08
57,40
14,15
1,20
0,92
0,77
0,76
0,51
0,54
0,51
0,57
0,64
0,44
0,84
47,06
323,45
806,79
1159,72
1231,09
1181,15
1394,58
1373,52
1575,09
1356,33
973,86
339,24
31,16
1,67
1,10
0,86
0,99
0,84
0,82
0,66
0,56
0,69
0,62
4,66
151,98
540,73
1127,76
1733,22
2122,13
2033,41
1902,74
1778,75
1783,40
1295,75
699,63
308,27
43,24
2,21
1,06
0,88
0,78
0,71
0,68
0,50
0,55
0,38
0,47
1,49
115,87
636,76
1276,26
1702,91
1956,55
2007,94
2085,08
1889,26
1620,14
1303,81
846,35
336,72
42,33
1,43
0,92
0,79
0,77
0,67
0,82
0,53
0,57
0,55
0,50
2,49
138,55
662,65
1335,09
1919,70
2194,78
1868,80
1864,21
1593,42
1536,77
1353,19
888,90
338,61
28,73
1,67
1,03
0,84
0,68
0,61
0,60
0,87
0,86
0,82
0,45
1,53
87,04
398,15
801,02
1139,35
1261,62
1353,75
1366,45
1161,42
964,59
822,76
482,83
145,71
11,56
1,23
0,90
0,73
0,62
0,62
0,51
0,46
0,45
0,53
0,44
0,63
52,61
355,97
790,56
1302,00
1613,25
1585,54
1589,61
1424,05
1274,14
1115,02
765,04
280,10
19,24
1,30
0,91
0,76
0,61
0,73
0,73
0,55
0,44
0,44
0,38
1,45
82,61
407,58
977,66
1549,06
1998,21
2170,44
2261,01
2035,75
1616,95
1020,18
551,48
201,84
17,51
1,31
0,94
0,78
0,96
0,77
0,63
0,47
0,44
0,54
0,49
0,74
54,07
322,08
754,59
1228,12
1660,62
1942,67
1992,42
1904,28
1716,81
1462,64
837,84
260,90
20,68
1,40
1,12
0,87
0,83
0,78
0,82
0,81
0,57
0,67
0,57
0,84
58,45
333,00
781,09
1358,52
1970,12
2212,28
2263,62
2112,40
1919,29
1453,59
813,76
232,24
13,01
1,40
1,08
0,87
0,95
0,65
0,59
0,52
0,71
0,68
0,53
0,74
32,83
188,26
441,53
776,85
1309,55
1890,66
1979,66
2048,09
2056,64
1581,33
868,08
230,40
10,25
1,55
1,02
0,80
0,72
0,62
0,61
0,82
0,56
0,58
0,48
0,82
51,48
307,15
836,96
1595,28
2232,72
2535,69
2412,13
2171,06
2102,01
1579,14
859,65
239,28
12,53
1,43
1,08
0,86
0,80
0,69
0,67
0,67
0,55
0,49
0,43
0,65
44,84
329,44
863,94
1509,30
2080,82
2377,28
2430,65
2302,58
1971,42
1446,35
758,31
187,30
7,73
1,24
0,92
0,72
0,70
0,82
0,71
0,52
0,44
0,44
0,49
0,70
41,56
265,24
675,76
1236,62
1704,68
1940,60
2101,91
1805,58
1365,20
786,89
368,81
89,93
5,09
1,35
1,03
0,74
0,66
0,89
0,52
0,59
0,55
0,36
0,42
0,67
15,11
98,88
223,17
427,14
690,74
910,83
938,38
756,07
671,03
542,46
316,43
106,14
4,08
0,82
0,64
0,49
0,53
0,43
0,49
0,49
0,45
0,42
0,59
0,56
32,58
244,47
633,78
893,00
1033,14
1375,12
1495,41
1228,56
940,10
713,17
425,20
120,93
4,58
1,22
0,92
0,79
0,73
0,59
0,63
0,52
0,46
0,59
0,52
0,60
15,49
127,44
259,35
387,47
488,03
429,05
368,41
334,27
385,98
416,92
211,75
63,16
1,45
0,68
0,64
0,51
0,57
0,61
0,41
0,49
0,51
0,46
0,47
0,39
13,74
105,72
352,89
488,12
624,29
563,23
508,62
385,87
341,66
223,74
143,20
40,24
1,35
0,64
0,52
0,44
0,38
0,37
0,30
0,26
0,29
0,60
0,37
0,36
38,64
377,85
1010,51
1477,71
1497,13
1406,00
1484,86
1589,05
1415,96
1050,08
535,66
80,63
1,79
1,12
0,84
0,67
0,62
0,60
0,44
0,63
0,76
0,40
0,42
0,41
37,13
388,40
911,91
1445,70
1716,69
1792,50
1536,70
1353,01
1247,02
941,38
383,55
60,18
2,09
1,40
0,90
0,72
0,57
0,54
0,50
0,47
0,43
0,41
0,45
0,56
32,14
293,83
801,95
1449,10
1845,09
2057,93
2077,85
1946,41
1708,48
1182,02
560,28
101,46
1,78
1,77
1,44
1,30
1,20
1,25
1,07
1,14
0,95
0,87
0,81
0,92
17,16
151,98
416,86
733,87
922,56
876,57
739,80
546,91
505,38
337,75
157,86
27,77
1,44
1,01
0,88
0,79
0,77
0,76
0,59
0,52
0,45
0,83
0,56
0,71
17,70
261,04
836,07
1564,38
1939,93
2079,49
1978,70
1720,75
1421,59
1044,68
486,03
69,48
1,95
1,26
1,05
0,78
0,73
0,64
0,63
0,63
0,58
0,56
0,52
0,56
16,90
313,18
992,39
1622,96
1994,40
2272,00
2260,27
2120,86
1773,10
1159,10
496,59
63,49
1,55
1,13
0,90
0,77
0,65
0,67
0,45
0,37
0,37
0,43
0,41
0,57
19,34
311,88
927,72
1481,19
1803,73
1867,21
1790,11
1580,10
1394,49
898,61
382,45
45,19
1,57
1,09
1,02
0,67
0,57
0,44
0,42
0,36
0,33
0,40
0,34
0,39
14,05
232,13
764,38
1375,90
1745,27
1833,23
1751,27
1622,61
1361,56
833,88
363,64
43,33
1,36
0,91
0,87
0,76
0,49
0,44
0,40
0,42
0,50
0,36
0,36
0,46
14,91
275,35
899,39
1485,47
1774,23
1954,83
1898,75
1485,07
1105,49
810,52
335,10
30,17
1,27
1,14
0,74
0,64
0,55
0,47
0,47
0,39
0,43
0,45
0,47
0,54
7,59
113,26
276,81
364,67
367,34
339,98
276,34
200,30
189,27
217,78
115,36
14,27
1,01
0,73
0,58
0,45
0,41
0,42
0,42
0,43
0,34
0,33
0,29
0,40
1,10
37,12
128,73
167,38
182,54
183,19
187,23
205,66
218,28
166,59
82,06
8,37
0,80
0,51
0,37
0,36
0,40
0,42
0,48
0,39
0,33
0,40
0,40
0,49
2,20
93,28
310,36
556,44
610,43
607,92
735,08
699,42
580,60
358,79
158,16
10,95
1,22
0,84
0,76
0,59
0,58
0,64
0,46
0,40
0,36
0,29
0,41
0,52
0,69
24,60
102,81
262,17
518,91
771,61
859,41
913,32
743,13
538,90
187,56
15,76
1,65
1,24
0,98
0,97
0,97
0,95
0,77
0,61
0,44
0,54
0,56
0,65
5,55
191,42
683,54
1296,42
1588,18
1581,80
1487,30
1235,13
990,94
633,00
194,31
12,68
1,74
1,03
0,89
0,74
0,64
0,51
0,48
0,54
0,60
0,52
0,43
0,51
4,52
161,72
591,57
1080,93
1410,29
1495,87
1353,89
1099,80
706,87
339,10
114,12
8,25
1,49
1,13
1,02
0,91
0,75
0,67
0,65
0,46
0,47
0,49
0,39
0,42
0,60
46,25
311,42
755,48
1145,15
1249,86
1207,43
1064,27
827,51
393,05
134,15
7,45
1,41
1,31
1,19
1,06
0,92
0,84
0,76
0,60
0,47
0,55
0,52
0,60
1,51
99,32
496,84
1012,95
1312,48
1286,25
1279,83
1207,92
898,87
579,94
208,51
13,46
1,90
1,09
0,77
0,61
0,52
0,46
0,47
0,41
0,41
0,38
0,39
0,58
2,81
166,35
635,00
1293,55
1739,54
1894,50
1886,91
1638,45
1413,27
826,30
240,23
8,01
1,40
0,96
0,79
0,68
0,55
0,44
0,40
0,43
0,44
0,38
0,45
0,51
2,85
119,97
465,21
928,07
1487,55
1501,45
1691,04
1039,09
851,36
702,98
171,44
6,57
1,46
1,20
1,03
0,96
0,85
1,01
0,70
0,89
0,68
0,84
0,55
0,62
1,99
86,81
473,06
900,53
1120,59
1293,56
1115,89
751,71
480,56
239,57
75,78
2,43
1,53
1,01
0,89
0,75
0,79
0,69
0,57
0,41
0,34
0,34
0,46
0,45
0,73
27,45
116,14
210,39
371,01
540,17
517,36
428,83
333,92
188,60
52,05
1,53
0,70
0,55
0,42
0,35
0,36
0,30
0,38
0,34
0,37
0,30
0,33
0,37
0,73
44,59
195,63
397,57
605,40
599,26
579,56
431,03
273,53
132,90
29,26
1,20
0,87
0,64
0,53
0,45
0,36
0,37
0,30
0,29
0,36
0,30
0,29
0,33
0,46
60,40
314,83
615,21
625,61
602,77
432,92
373,37
217,22
122,50
32,62
1,04
0,86
0,73
0,63
0,60
0,44
0,61
0,42
0,41
0,36
0,45
0,46
0,49
0,69
48,79
198,47
399,03
476,74
471,56
447,33
394,48
263,38
145,51
40,48
1,39
0,76
0,53
0,43
0,40
0,34
0,32
0,44
0,28
0,30
0,43
0,31
0,77
0,50
25,71
291,99
882,86
1259,35
1290,83
1227,36
1102,80
790,04
350,06
69,58
1,62
1,31
0,96
0,79
0,63
0,56
0,41
0,99
0,39
0,34
0,39
0,41
0,52
0,98
63,69
383,37
768,80
1006,09
1142,72
1108,91
1087,12
764,27
382,66
89,12
2,19
1,27
0,98
0,82
0,68
0,65
0,60
0,48
0,45
0,69
0,36
0,45
0,48
0,67
24,81
150,65
335,79
509,66
727,29
831,42
872,01
791,89
432,11
79,95
1,58
1,27
1,00
0,72
0,54
0,57
0,62
0,29
0,45
0,30
0,30
0,33
0,54
0,67
10,76
94,18
267,73
527,29
658,89
631,74
540,88
342,46
152,75
31,37
1,23
0,98
0,60
0,59
0,47
0,43
0,37
0,50
0,30
0,29
0,24
0,32
0,40
0,42
20,98
196,69
589,47
872,24
978,05
987,26
868,73
531,04
233,43
41,40
1,34
0,97
0,64
0,49
0,44
0,34
0,31
0,27
0,28
0,27
0,24
0,24
0,27
0,43
11,17
52,90
94,38
196,40
534,13
760,28
877,47
700,09
360,58
58,69
1,16
0,87
0,60
0,43
0,38
0,29
0,25
0,37
0,47
0,34
0,24
0,36
0,42
0,44
5,17
71,76
187,38
238,44
325,33
288,27
224,66
174,41
85,24
13,35
0,77
0,79
0,54
0,36
0,32
0,25
0,23
0,20
0,22
0,19
0,18
0,27
0,32
0,40
10,71
93,53
216,11
330,40
384,83
348,90
313,76
187,26
81,91
15,37
1,46
1,01
0,60
0,45
0,33
0,26
0,24
0,22
0,19
0,23
0,24
0,25
0,32
0,42
17,31
192,78
433,31
739,72
979,26
1004,99
943,00
629,71
268,44
33,66
1,62
1,56
1,01
0,78
0,64
0,54
0,50
0,48
0,38
0,34
0,33
0,36
0,41
0,49
3,76
48,57
136,94
202,10
238,01
216,36
204,82
152,79
67,07
7,98
0,98
0,96
0,81
0,55
0,49
0,47
0,46
0,46
0,44
0,44
0,49
0,37
0,53
0,59
7,75
86,48
178,38
223,28
275,24
278,38
300,69
209,87
111,27
12,11
0,95
0,93
0,72
0,47
0,36
0,27
0,25
0,24
0,21
0,42
0,19
0,22
0,29
0,37
28,77
289,88
661,77
1093,70
1355,20
1388,85
1143,91
715,87
256,92
28,23
1,39
1,28
0,77
0,62
0,47
0,43
0,34
0,30
0,26
0,30
0,30
0,24
0,28
0,41
5,47
85,92
217,81
351,87
451,75
485,50
489,48
351,78
147,82
14,55
0,94
0,91
0,61
0,46
0,33
0,32
0,28
0,27
0,23
0,26
0,24
0,22
0,33
0,59
6,87
98,45
271,87
372,87
392,49
343,90
255,46
152,25
65,53
5,48
1,17
0,88
0,51
0,43
0,37
0,27
0,31
0,38
0,27
0,28
0,25
0,26
0,28
0,38
3,22
51,39
140,29
211,14
238,10
229,94
186,09
103,73
37,09
2,63
2,65
1,63
0,57
0,38
0,35
0,27
0,34
0,39
0,23
0,39
0,28
0,28
0,30
0,49
1,60
24,11
75,85
121,88
155,91
160,80
127,40
84,41
39,41
2,09
3,24
1,31
0,65
0,48
0,38
0,36
0,41
0,39
0,33
0,40
0,27
0,25
0,39
0,47
0,94
19,54
76,81
138,26
167,21
180,90
150,12
83,40
27,80
1,66
2,08
1,16
0,55
0,42
0,39
0,37
0,33
0,37
0,30
0,30
0,23
0,26
0,33
0,46
0,63
18,11
73,18
128,37
172,79
167,95
141,86
81,23
26,68
1,25
0,97
0,85
0,51
0,37
0,32
0,25
0,31
0,26
0,25
0,21
0,21
0,23
0,31
0,36
0,45
5,71
31,98
64,45
84,58
88,28
71,16
40,70
12,17
0,53
0,75
0,75
0,47
0,33
0,27
0,25
0,19
0,20
0,22
0,13
0,20
0,21
0,27
0,35
0,35
10,15
53,54
99,24
121,80
132,61
125,96
84,36
29,33
1,56
0,86
0,69
0,49
0,43
0,29
0,26
0,26
0,20
0,20
0,24
0,23
0,21
0,28
0,47
0,58
19,77
75,85
137,51
142,79
162,23
156,64
120,34
48,99
3,15
0,97
0,89
0,46
0,38
0,31
0,25
0,24
0,28
0,24
0,26
0,20
0,20
0,34
0,47
1,96
85,56
391,34
696,06
793,61
765,76
659,81
383,86
120,40
8,04
1,69
1,09
0,69
0,58
0,44
0,41
0,31
0,28
0,27
0,20
0,24
0,23
0,31
0,58
1,05
35,96
183,76
286,47
383,28
342,20
234,26
128,71
37,14
1,15
1,17
0,86
0,67
0,54
0,42
0,41
0,40
0,37
0,34
0,41
0,38
0,50
0,48
0,59
3,17
113,43
411,03
702,87
830,24
825,62
714,61
429,65
135,03
5,55
1,33
1,04
0,73
0,53
0,41
0,34
0,30
0,30
0,25
0,20
0,24
0,34
0,31
0,51
0,68
23,63
110,88
204,01
229,74
220,43
169,29
102,21
30,97
1,05
1,00
0,80
0,61
0,51
0,49
0,42
0,42
0,38
0,36
0,39
0,34
0,49
0,41
0,49
0,56
15,50
91,83
215,48
286,59
298,90
291,12
185,14
52,12
1,61
0,89
0,75
0,52
0,40
0,31
0,26
0,26
0,24
0,27
0,25
0,29
0,29
0,36
0,45
0,80
61,16
253,09
489,33
569,09
516,72
453,34
244,92
67,85
1,72
1,06
0,91
0,71
0,59
0,46
0,43
0,36
0,37
0,37
0,29
0,32
0,33
0,34
0,52
0,72
41,26
236,22
488,16
663,94
680,17
572,30
302,08
75,63
1,75
1,75
1,69
1,44
1,26
1,08
0,73
0,31
0,24
0,26
0,26
0,31
0,42
0,31
0,46
0,53
18,49
121,97
243,39
333,22
408,77
360,15
195,64
48,62
1,49
1,56
0,79
0,62
0,48
0,31
0,26
0,23
0,22
0,24
0,22
0,28
0,36
0,34
0,48
0,75
42,22
227,29
510,71
534,33
454,68
358,12
243,26
54,53
1,87
1,72
1,53
1,33
1,22
1,20
0,90
0,41
0,42
0,33
0,36
0,37
0,44
0,47
0,55
0,69
7,43
53,39
145,30
249,38
271,34
290,08
173,31
35,09
0,83
1,04
1,37
1,56
1,14
1,08
1,05
1,00
1,13
1,02
1,03
0,72
0,24
0,34
0,51
0,66
9,60
48,46
90,93
124,62
129,20
129,39
97,25
21,51
0,62
0,83
0,67
0,49
0,36
0,28
0,24
0,23
0,22
0,20
0,19
0,25
0,29
0,37
0,47
0,63
24,71
118,33
236,13
367,09
403,76
334,84
182,25
25,78
0,64
1,12
0,81
0,60
0,50
0,42
0,34
0,34
0,29
0,29
0,29
0,28
0,33
0,43
0,53
0,51
0,82
12,23
40,37
103,46
206,66
193,41
103,69
27,06
0,65
0,97
0,91
0,74
0,59
0,45
0,40
0,40
0,52
0,40
0,40
0,35
0,39
0,48
0,58
0,70
6,67
32,46
62,30
102,24
134,43
109,28
50,97
12,72
0,52
0,97
0,78
0,57
0,47
0,36
0,32
0,36
0,34
0,32
0,28
0,32
0,35
0,38
0,74
0,80
31,41
218,79
417,59
535,64
506,93
407,36
223,60
47,42
1,04
1,33
1,00
0,73
0,57
0,42
0,34
0,31
0,35
0,29
0,23
0,28
0,28
0,36
0,45
0,57
24,74
204,32
423,32
482,02
367,59
209,86
69,95
8,66
0,64
0,98
0,96
0,69
0,60
0,50
0,42
0,41
0,37
0,39
0,39
0,41
0,41
0,51
0,78
0,73
7,11
68,12
198,73
258,37
242,87
182,47
107,78
20,72
0,75
1,03
1,86
0,90
0,58
0,46
0,37
0,37
0,35
0,34
0,30
0,33
0,34
0,64
0,90
0,66
12,71
127,22
266,62
347,45
324,60
237,91
136,08
29,60
0,93
1,98
0,82
0,65
0,50
0,41
0,39
0,33
0,29
0,28
0,29
0,26
0,24
0,32
0,47
0,60
21,27
197,10
439,88
544,33
497,75
368,79
177,79
30,17
0,75
1,06
0,90
0,73
0,55
0,40
0,33
0,28
0,27
0,25
0,25
0,27
0,21
0,26
0,39
0,41
10,54
89,08
199,27
256,15
259,45
262,17
152,46
28,16
0,69
0,88
0,75
0,58
0,42
0,37
0,29
0,32
0,28
0,25
0,40
0,31
0,29
0,30
0,42
0,60
1,68
23,79
58,40
88,55
100,56
76,89
43,37
8,44
0,57
1,34
0,71
0,49
0,37
0,95
0,96
0,99
1,02
0,96
0,69
0,42
0,27
0,30
0,46
0,65
6,45
72,17
200,22
264,96
282,61
219,65
106,89
17,97
0,94
1,11
0,86
0,60
0,49
1,18
0,79
0,34
0,41
0,24
0,21
0,20
0,25
0,32
0,52
0,56
3,17
33,19
89,17
142,75
151,88
124,61
63,80
12,87
1,28
2,04
1,59
1,30
1,19
0,89
0,38
0,36
0,33
0,36
0,46
0,34
0,37
0,42
0,56
1,10
12,60
70,97
174,07
218,54
224,65
170,67
84,94
12,29
0,81
1,03
1,01
0,77
0,54
0,97
1,31
1,23
1,22
1,07
0,40
0,32
0,34
0,39
0,50
0,53
1,25
25,47
67,13
92,63
97,97
78,81
39,30
8,40
6,76
1,57
0,84
0,63
0,51
4,55
0,65
0,37
0,30
0,22
0,16
0,21
0,22
0,34
4,76
1,18
1,34
21,89
61,07
84,10
89,71
72,54
32,95
6,30
0,72
0,93
0,67
0,54
0,43
0,36
0,28
0,24
5,09
5,35
0,19
0,25
0,19
0,30
0,39
1,49
1,96
17,91
57,27
115,37
134,60
96,81
52,28
5,56
0,52
0,83
0,66
8,49
3,14
0,31
0,26
1,48
3,46
0,21
0,21
0,29
0,28
0,34
1,41
9,92
2,99
45,35
119,52
160,46
182,59
144,59
81,57
11,51
2,11
10,24
0,76
0,62
0,39
0,31
1,32
3,85
0,31
0,35
0,19
0,20
0,24
0,27
0,41
0,49
3,46
41,47
95,89
136,51
140,78
115,70
60,05
9,05
3,75
6,29
0,97
0,52
0,35
0,35
0,23
0,22
0,35
0,19
0,18
0,21
0,35
0,42
0,49
0,55
5,28
48,23
133,12
192,01
171,55
135,37
71,39
8,06
1,44
1,49
1,15
6,20
0,91
0,43
0,36
0,32
0,26
0,27
0,27
0,26
0,32
0,40
0,46
0,91
5,75
27,39
75,16
114,51
114,37
88,72
38,69
5,20
1,30
5,65
1,85
0,73
0,50
0,56
0,31
0,29
0,27
0,19
0,23
0,20
0,22
0,30
0,47
0,64
3,24
44,56
101,18
160,89
154,60
126,26
63,13
10,75
2,15
5,21
0,83
0,68
0,53
0,42
0,34
0,28
0,35
0,23
0,25
0,25
0,42
0,40
0,38
0,51
0,63
17,91
65,28
141,06
200,25
172,32
114,52
26,99
0,62
0,80
0,67
0,47
0,38
0,31
0,26
0,22
0,21
0,20
0,21
0,24
0,23
0,29
0,39
0,42
4,45
60,00
120,83
115,33
88,19
62,87
34,17
3,95
0,71
0,98
0,78
0,64
0,56
0,49
0,42
0,38
0,57
0,59
0,58
0,58
0,61
0,65
0,70
0,76
1,36
36,24
112,59
183,06
184,14
132,97
58,45
7,24
0,90
5,41
1,00
0,75
0,60
8,94
2,88
0,42
0,37
0,39
0,37
0,36
0,32
0,35
0,50
0,58
2,23
47,95
142,75
232,44
242,63
180,30
75,86
12,15
0,71
1,20
0,92
0,67
0,51
0,42
0,40
0,35
0,30
0,37
0,31
0,36
0,49
0,67
0,82
0,92
1,15
12,07
32,97
48,82
45,17
39,65
23,76
4,61
3,17
1,37
1,13
1,01
0,85
0,70
0,69
0,69
0,50
0,41
0,35
0,31
0,33
0,37
0,53
0,64
0,75
14,36
81,10
165,27
170,88
180,43
122,20
21,44
0,74
1,11
1,00
0,91
0,82
0,69
0,64
0,59
0,56
0,75
0,63
0,64
0,65
0,65
0,81
0,87
5,71
115,46
301,36
439,87
439,92
349,19
170,02
39,85
4,34
2,08
1,44
1,34
4,04
0,88
0,70
0,71
0,62
0,69
0,53
0,46
0,44
0,53
0,58
1,19
2,11
38,79
110,11
135,86
123,76
86,53
41,72
4,17
0,87
1,14
1,01
0,83
0,71
0,60
0,46
0,35
0,29
0,33
0,36
0,30
0,35
0,50
0,53
0,46
2,31
65,96
245,81
397,40
412,63
293,88
140,37
16,87
0,71
1,16
0,97
0,65
0,54
0,43
0,43
0,43
0,37
0,27
0,32
0,45
0,54
0,71
0,72
0,65
2,03
57,97
215,78
370,86
423,17
357,14
199,27
34,85
4,31
4,38
1,92
2,54
6,05
0,40
0,31
0,29
0,22
0,25
0,24
0,23
0,25
0,34
0,88
2,14
7,26
65,79
155,72
161,75
195,45
157,15
83,43
13,92
0,61
1,07
0,78
0,56
0,48
0,40
0,34
0,31
0,29
0,28
0,31
0,30
0,35
0,47
0,49
0,55
0,68
17,95
71,01
118,46
139,11
104,99
53,31
9,30
0,61
1,04
0,85
0,65
0,62
0,51
0,49
0,41
0,45
0,34
0,29
0,39
0,41
0,41
0,49
0,56
2,28
30,13
80,94
113,75
111,48
81,76
39,92
9,60
0,56
0,89
0,69
0,52
0,44
0,35
0,29
0,26
0,38
0,22
0,22
0,20
0,28
0,36
0,45
0,50
0,82
24,88
74,02
108,55
107,70
82,50
46,05
10,58
0,55
0,89
0,76
0,55
0,41
0,31
0,27
0,27
0,22
0,26
0,24
0,34
0,22
0,33
0,41
0,45
0,67
19,63
66,05
103,34
105,33
89,08
53,89
12,66
0,57
0,90
0,78
0,59
0,45
0,38
0,31
0,25
0,30
0,23
0,34
0,24
0,30
0,34
0,48
0,55
0,64
18,34
108,14
158,30
145,21
100,63
48,83
8,98
0,70
1,00
0,90
0,75
0,67
0,59
0,55
0,50
0,52
0,63
0,64
0,53
0,58
0,56
0,68
0,61
0,70
16,04
47,20
65,79
66,53
45,69
20,82
2,88
0,82
1,20
1,04
0,84
0,66
0,45
0,40
0,33
0,61
0,24
0,23
0,21
0,23
0,27
0,41
0,55
0,89
10,15
39,90
53,29
48,79
38,12
23,84
4,20
0,80
1,19
1,10
0,92
0,78
0,68
0,63
0,61
0,47
0,27
0,30
0,31
0,27
0,35
0,39
0,38
0,58
18,42
49,62
73,63
92,23
82,84
37,18
7,48
0,50
0,72
0,64
0,53
0,43
0,35
0,41
0,34
0,29
