0.07
0.07
0.07
0.07
0.06
0.06
0.06
0.31
15.83
62.60
96.36
86.26
53.67
23.60
5.22
0.19
0.21
0.21
0.14
0.14
0.07
0.07
0.07
0.07
0.06
0.07
0.06
0.06
0.07
0.09
0.14
0.16
4.44
19.58
30.54
44.25
33.73
19.46
2.31
0.18
0.24
0.18
0.16
0.19
0.09
0.08
0.07
0.07
0.06
0.06
0.07
0.08
0.08
0.10
0.16
0.62
16.71
56.11
97.62
124.79
123.86
82.74
15.94
0.26
0.17
0.15
0.12
0.11
0.09
0.08
0.06
0.06
0.05
0.06
0.06
0.07
0.07
0.08
0.24
0.40
28.27
139.23
227.77
288.84
284.82
162.73
41.86
0.55
0.19
0.11
0.10
0.09
0.08
0.09
0.11
0.10
0.10
0.09
0.09
0.09
0.09
0.16
0.74
1.96
39.06
144.32
220.32
203.40
137.00
77.82
24.30
0.41
0.23
0.32
0.28
0.33
0.17
0.19
0.18
0.27
0.33
0.35
0.30
0.30
0.26
0.22
0.18
2.78
96.99
352.21
566.93
631.54
540.15
258.98
52.51
1.00
0.40
0.31
0.32
0.25
0.19
0.10
0.09
0.08
0.07
0.07
0.08
0.09
0.10
0.16
0.27
0.40
10.10
54.14
105.95
162.41
214.37
122.16
17.71
0.25
0.09
0.09
0.09
0.08
0.07
0.07
0.06
0.15
0.14
0.14
0.15
0.14
0.15
0.17
0.27
1.18
20.97
140.39
243.87
297.32
260.84
157.13
34.95
0.51
0.14
0.11
0.10
0.09
0.11
0.09
0.09
0.08
0.07
0.07
0.07
0.08
0.08
0.09
0.09
0.76
11.46
39.02
77.99
84.66
79.79
46.14
9.90
0.10
0.10
0.09
0.08
0.08
0.07
0.06
0.07
0.07
0.07
0.06
0.06
0.06
0.08
0.11
0.18
0.76
27.25
111.50
238.72
317.08
264.89
134.97
27.10
0.48
0.17
0.13
0.10
0.08
0.07
0.07
0.08
0.07
0.07
0.07
0.07
0.08
0.08
0.14
0.20
2.17
28.71
76.18
122.95
116.89
93.91
57.68
13.15
0.31
0.13
0.12
0.12
0.11
0.10
0.10
0.09
0.09
0.06
0.06
0.06
0.06
0.07
0.17
0.22
2.29
39.53
115.32
153.10
161.31
132.59
89.66
18.77
0.52
0.29
0.30
0.38
0.39
0.29
0.29
0.30
0.28
0.26
0.24
0.29
0.24
0.26
0.20
0.29
0.74
31.46
120.81
174.20
200.23
179.09
134.34
58.25
3.93
0.25
0.15
0.15
0.15
0.13
0.15
0.14
0.14
0.14
0.15
0.14
0.12
0.15
0.16
0.33
1.60
72.70
293.28
554.75
698.64
627.87
392.60
107.84
3.93
0.34
0.23
0.15
0.12
0.10
0.10
0.08
0.07
0.07
0.06
0.07
0.06
0.14
0.18
0.16
5.07
104.95
275.76
386.11
408.50
340.46
190.75
54.71
2.00
0.27
0.21
0.19
0.12
0.10
0.08
0.08
0.07
0.06
0.07
0.06
0.06
0.07
0.15
0.21
0.46
13.04
43.18
96.49
133.19
115.52
80.93
41.64
2.01
0.20
0.13
0.11
0.12
0.13
0.15
0.15
0.15
0.14
0.13
0.13
0.13
0.14
0.15
0.22
5.43
120.96
407.02
681.23
789.48
709.85
440.52
135.20
7.34
0.42
0.36
0.24
0.23
0.22
0.25
0.25
0.19
0.19
0.21
0.19
0.23
0.18
0.17
0.19
2.97
53.93
146.27
192.26
235.91
207.44
181.57
98.19
9.42
0.20
0.24
0.27
0.21
0.12
0.09
0.10
0.11
0.12
0.10
0.12
0.14
0.14
0.21
0.26
2.10
21.66
46.14
47.66
39.94
34.66
23.88
11.34
0.59
0.40
0.47
0.49
0.45
0.31
0.24
0.31
0.49
0.42
0.39
0.39
0.37
0.40
0.35
0.30
9.34
130.05
394.47
612.17
697.54
702.60
456.47
167.87
11.15
0.49
0.43
0.39
0.35
0.28
0.29
0.29
0.22
0.21
0.22
0.21
0.21
0.21
0.22
0.24
11.93
153.89
417.17
547.57
514.96
423.73
216.18
63.86
6.63
0.28
0.24
0.19
0.14
0.12
0.12
0.11
0.09
0.08
0.08
0.07
0.08
0.09
0.21
0.28
6.61
72.79
249.70
325.25
319.71
232.42
141.36
57.75
6.00
0.20
0.14
0.13
0.10
0.10
0.10
0.09
0.08
0.08
0.08
0.07
0.07
0.08
0.09
0.11
2.37
40.78
138.93
186.94
201.22
186.24
116.44
42.73
2.94
0.26
0.22
0.26
0.22
0.17
0.18
0.14
0.12
0.08
0.07
0.07
0.08
0.08
0.11
0.15
0.54
9.09
28.85
43.60
52.56
61.51
62.67
32.61
3.76
0.21
0.16
0.15
0.09
0.08
0.08
0.08
0.08
0.08
0.10
0.07
0.08
0.08
0.13
0.18
6.07
89.52
255.57
377.02
411.31
342.11
232.83
67.69
3.67
0.32
0.31
0.25
0.22
0.16
0.12
0.11
0.12
0.11
0.12
0.12
0.14
0.12
0.11
0.16
1.54
22.16
99.69
195.09
210.88
205.71
133.95
93.34
22.00
0.36
0.37
0.37
0.34
0.18
0.19
0.19
0.21
0.19
0.18
0.19
0.20
0.20
0.25
0.36
3.10
59.46
219.64
444.97
560.92
455.49
303.80
126.57
17.12
0.25
0.25
0.23
0.22
0.21
0.21
0.20
0.20
0.19
0.16
0.16
0.18
0.18
0.18
0.32
20.93
238.69
609.95
842.94
903.99
763.42
463.12
167.28
17.76
0.55
0.48
0.35
0.29
0.23
0.15
0.13
0.13
0.12
0.11
0.12
0.13
0.15
0.17
0.35
1.30
22.41
68.63
98.58
104.17
81.34
67.62
67.42
4.31
0.14
0.13
0.12
0.15
0.15
0.15
0.14
0.15
0.15
0.15
0.15
0.16
0.18
0.17
0.19
20.13
203.75
552.62
843.85
941.98
870.94
597.14
235.71
25.91
0.57
0.45
0.27
0.21
0.17
0.16
0.12
0.11
0.10
0.09
0.09
0.09
0.09
0.14
0.29
10.74
74.39
174.74
220.68
257.88
285.61
212.11
106.20
22.86
0.35
0.30
0.32
0.24
0.25
0.21
0.25
0.23
0.22
0.19
0.18
0.16
0.12
0.12
0.19
8.13
43.94
75.69
118.29
136.16
146.89
199.99
110.36
17.39
0.25
0.23
0.27
0.29
0.20
0.15
0.18
0.19
0.17
0.18
0.18
0.19
0.18
0.16
0.60
23.91
189.74
474.89
763.68
839.61
665.40
479.64
224.68
58.18
0.46
0.53
0.46
0.45
0.24
0.24
0.26
0.27
0.30
0.25
0.15
0.15
0.17
0.16
0.28
3.51
23.56
52.27
69.36
77.43
89.72
72.89
33.97
7.47
0.24
0.28
0.29
0.33
0.31
0.33
0.24
0.17
0.17
0.15
0.17
0.14
0.18
0.16
0.24
3.01
23.23
58.65
92.11
105.14
94.09
70.01
45.38
12.55
0.15
0.13
0.13
0.16
0.15
0.15
0.14
0.12
0.14
0.15
0.15
0.14
0.17
0.25
0.45
41.98
248.05
494.13
665.72
593.93
570.25
313.50
142.67
21.13
0.38
0.35
0.28
0.23
0.22
0.22
0.21
0.18
0.17
0.15
0.15
0.15
0.14
0.15
0.19
27.75
166.78
302.65
382.40
399.19
314.53
250.42
164.20
27.91
0.29
0.19
0.16
0.17
0.21
0.23
0.22
0.24
0.27
0.25
0.19
0.17
0.18
0.18
0.56
56.61
324.10
675.63
908.05
871.29
783.34
600.28
273.78
58.03
0.91
0.46
0.30
0.21
0.17
0.17
0.17
0.16
0.15
0.15
0.16
0.18
0.23
0.23
0.22
13.27
78.75
304.77
659.95
894.54
865.88
638.28
330.23
80.92
1.22
0.42
0.33
0.25
0.16
0.13
0.11
0.11
0.10
0.10
0.09
0.11
0.12
0.14
0.25
18.25
75.98
190.04
423.20
560.98
506.20
434.95
291.00
84.03
2.01
0.45
0.42
0.39
0.24
0.25
0.34
0.22
0.21
0.29
0.29
0.31
0.36
0.27
0.42
37.37
166.99
398.58
606.10
706.17
596.78
538.09
343.78
94.65
2.01
0.37
0.37
0.35
0.29
0.14
0.16
0.12
0.11
0.10
0.10
0.11
0.11
0.11
0.61
33.58
217.46
535.09
860.74
1091.11
1127.58
996.23
595.51
164.90
5.35
0.45
0.35
0.30
0.25
0.24
0.21
0.10
0.10
0.08
0.08
0.08
0.08
0.15
2.73
82.90
316.18
572.52
659.58
576.66
469.55
291.13
176.60
48.54
1.26
0.31
0.23
0.20
0.18
0.17
0.16
0.13
0.13
0.11
0.12
0.11
0.14
0.22
1.35
32.46
138.38
246.90
271.63
253.53
227.25
176.41
94.49
24.31
0.86
0.30
0.25
0.14
0.12
0.16
0.21
0.20
0.20
0.17
0.18
0.12
0.15
0.24
1.03
31.60
83.49
169.95
233.04
279.21
284.33
215.99
112.23
38.57
1.37
0.30
0.29
0.34
0.32
0.25
0.21
0.19
0.15
0.15
0.15
0.17
0.20
0.19
2.39
43.88
208.40
613.75
818.59
842.02
643.35
358.48
178.85
57.69
1.90
0.37
0.29
0.22
0.19
0.18
0.22
0.20
0.22
0.22
0.24
0.21
0.11
0.15
0.96
20.22
51.08
73.77
89.21
110.21
115.10
117.22
93.76
26.70
1.36
0.39
0.45
0.44
0.26
0.26
0.33
0.21
0.18
0.34
0.35
0.32
0.36
0.70
2.46
63.68
249.72
409.69
528.74
547.81
517.31
426.51
283.14
85.20
5.51
0.43
0.45
0.35
0.28
0.27
0.30
0.37
0.31
0.23
0.26
0.25
0.15
0.13
4.07
65.86
159.10
199.19
176.04
104.94
60.51
35.84
24.19
26.50
3.69
0.22
0.16
0.14
0.11
0.12
0.15
0.23
0.12
0.13
0.16
0.17
0.16
0.19
5.44
115.88
331.33
633.17
769.76
738.07
720.18
567.56
390.75
145.71
10.65
0.38
0.37
0.32
0.26
0.22
0.20
0.18
0.16
0.13
0.09
0.10
0.10
0.11
11.54
111.70
240.83
306.87
244.47
186.36
127.61
87.63
52.70
21.30
2.80
0.19
0.16
0.15
0.13
0.12
0.13
0.13
0.14
0.13
0.17
0.20
0.23
0.22
3.86
83.64
315.45
660.68
848.17
917.89
951.01
847.28
551.41
197.53
19.49
0.43
0.34
0.32
0.28
0.30
0.24
0.16
0.14
0.14
0.12
0.11
0.11
0.12
18.72
198.54
484.91
627.03
637.93
541.13
360.97
231.60
120.46
34.63
2.30
0.44
0.53
0.45
0.38
0.29
0.22
0.20
0.19
0.18
0.19
0.18
0.18
0.18
14.39
170.44
455.72
736.53
920.80
1099.45
1029.79
852.31
463.14
125.89
16.94
0.57
0.44
0.39
0.35
0.32
0.24
0.21
0.25
0.20
0.18
0.15
0.15
0.16
3.43
61.60
219.17
367.19
340.93
306.80
273.38
204.24
87.12
28.45
2.55
0.29
0.24
0.18
0.17
0.16
0.16
0.19
0.15
0.14
0.15
0.26
0.29
0.35
10.64
104.24
274.52
552.21
860.15
996.54
902.97
821.20
647.32
284.91
34.67
0.62
0.50
0.44
0.18
0.15
0.13
0.10
0.13
0.13
0.10
0.11
0.12
0.22
33.95
327.57
799.52
1207.10
1392.47
1447.06
1394.71
1224.02
895.61
358.70
33.40
0.65
0.52
0.48
0.36
0.31
0.28
0.22
0.18
0.14
0.09
0.10
0.10
0.12
27.09
294.08
769.56
1166.98
1535.05
1692.55
1645.90
1413.03
995.06
451.10
57.88
0.51
0.36
0.29
0.23
0.17
0.13
0.13
0.12
0.11
0.10
0.11
0.12
0.15
32.88
327.62
887.47
1331.14
1629.57
1759.57
1710.63
1431.60
936.33
408.27
61.89
0.51
0.41
0.34
0.27
0.20
0.18
0.39
0.20
0.22
0.20
0.18
0.19
0.21
37.60
183.50
373.95
443.95
538.39
575.35
588.20
542.48
352.85
198.84
48.33
0.70
0.40
0.29
0.25
0.21
0.21
0.19
0.14
0.16
0.13
0.13
0.14
0.22
31.47
226.85
558.15
908.11
1232.00
1489.32
1524.31
1311.70
945.77
448.49
71.56
0.90
0.65
0.63
0.39
0.33
0.30
0.25
0.34
0.36
0.36
0.34
0.34
0.43
38.53
306.96
716.52
1175.32
1523.74
1738.68
1732.57
1511.02
1083.24
534.91
86.46
2.01
0.59
0.51
0.39
0.32
0.22
0.18
0.17
0.19
0.17
0.16
0.16
0.32
63.68
417.40
880.48
1274.17
1556.20
1638.79
1585.41
1324.43
1019.53
504.50
90.51
0.88
0.45
0.35
0.27
0.24
0.17
0.17
0.15
0.14
0.13
0.12
0.13
0.22
53.76
376.02
836.57
1092.39
1103.90
1076.48
1034.10
942.59
586.96
309.95
59.80
0.64
0.35
0.30
0.26
0.20
0.16
0.15
0.15
0.14
0.13
0.13
0.13
0.80
71.19
429.52
932.15
1351.84
1616.82
1691.65
1670.64
1472.75
1111.07
578.50
115.66
1.34
0.44
0.35
0.28
0.22
0.18
0.15
0.15
0.15
0.14
0.20
0.24
0.82
94.92
494.00
989.23
1410.62
1669.96
1741.74
1694.63
1494.76
1110.19
576.13
121.33
3.16
0.45
0.36
0.31
0.24
0.21
0.17
0.14
0.15
0.14
0.13
0.14
0.63
62.98
287.46
594.27
1062.15
1512.06
1759.85
1789.93
1565.59
1165.95
621.76
139.79
2.16
0.42
0.38
0.30
0.26
0.21
0.17
0.17
0.17
0.15
0.18
0.17
1.13
94.83
391.72
819.36
1158.31
1411.61
1570.12
1549.63
1406.28
1075.94
572.31
139.50
2.60
0.46
0.42
0.34
0.29
0.25
0.24
0.21
0.19
0.13
0.11
0.11
0.75
76.64
357.12
766.29
1196.88
1517.02
1680.05
1692.49
1489.24
1094.49
591.92
135.40
2.31
0.50
0.41
0.26
0.21
0.18
0.15
0.14
0.12
0.11
0.12
0.13
2.44
134.97
594.70
1161.02
1611.17
1878.39
1963.09
1908.64
1695.07
1283.15
706.61
172.39
5.20
0.45
0.37
0.31
0.23
0.21
0.17
0.15
0.15
0.14
0.14
0.13
3.41
153.70
649.54
1159.45
1566.71
1852.11
1897.86
1812.92
1521.66
1085.20
534.14
91.76
1.85
0.42
0.35
0.30
0.26
0.21
0.16
0.14
0.13
0.13
0.17
0.20
7.03
181.14
587.51
1030.22
1421.93
1680.40
1811.26
1760.47
1373.55
1012.04
514.89
122.76
2.92
0.45
0.34
0.26
0.22
0.19
0.17
0.13
0.12
0.12
0.11
0.15
9.27
173.43
603.60
1024.78
1377.73
1597.25
1681.05
1567.90
1232.01
749.52
281.03
63.26
2.35
0.43
0.36
0.28
0.23
0.19
0.15
0.13
0.13
0.11
0.12
0.11
0.73
36.08
132.87
258.03
463.97
773.22
1083.44
1247.70
1100.26
849.29
518.72
162.25
7.38
0.26
0.24
0.22
0.15
0.14
0.11
0.10
0.10
0.12
0.10
0.11
7.23
131.56
288.65
435.79
605.25
813.80
1032.17
1128.21
892.78
571.64
283.64
108.21
13.45
0.44
0.37
0.35
0.34
0.31
0.28
0.27
0.25
0.20
0.42
0.44
1.09
21.45
58.84
98.00
131.26
174.94
177.37
151.49
142.43
201.78
235.83
116.74
9.76
0.44
0.46
0.28
0.20
0.26
0.23
0.20
0.24
0.25
0.29
0.33
13.86
201.89
704.04
1220.98
1584.60
1890.44
2014.47
1992.87
1808.06
1438.29
862.43
267.97
15.12
0.45
0.36
0.31
0.23
0.20
0.16
0.14
0.13
0.13
0.13
0.13
19.28
257.62
771.87
1351.86
1812.19
2060.37
2105.17
2068.66
1878.89
1464.86
895.35
289.48
17.17
0.48
0.42
0.39
0.28
0.21
0.16
0.14
0.14
0.15
0.13
0.12
16.66
213.48
610.89
1147.18
1595.22
1914.96
2031.98
2009.55
1806.79
1401.38
827.75
266.53
19.20
0.56
0.41
0.34
0.24
0.19
0.17
0.15
0.14
0.14
0.19
0.25
23.00
202.90
550.03
971.67
1429.59
1822.75
1874.46
1873.75
1639.43
1231.42
714.05
236.53
20.41
0.47
0.40
0.35
0.28
0.22
0.20
0.19
0.17
0.16
0.17
0.20
24.33
263.96
734.75
1218.76
1568.65
1792.97
1842.37
1783.01
1550.32
1180.94
665.58
236.56
22.36
0.58
0.45
0.31
0.22
0.19
0.16
0.14
0.16
0.14
0.14
0.17
28.74
237.64
650.04
1154.41
1614.49
1906.55
1987.87
1915.72
1684.58
1299.63
760.88
253.90
24.23
0.73
0.53
0.47
0.41
0.37
0.35
0.30
0.25
0.28
0.33
0.34
40.72
302.74
774.56
1285.85
1678.88
1939.09
2021.86
1950.37
1717.02
1319.52
778.46
262.62
27.35
0.75
0.59
0.44
0.45
0.37
0.41
0.32
0.24
0.29
0.24
0.20
36.48
278.03
779.60
1291.73
1657.64
1935.89
2053.33
1996.71
1771.75
1386.90
868.69
322.59
34.43
0.52
0.40
0.36
0.33
0.29
0.23
0.20
0.19
0.19
0.18
0.17
17.02
157.60
527.00
1082.18
1628.01
1966.80
2107.66
2109.73
1896.80
1508.21
962.47
356.39
37.04
0.61
0.42
0.36
0.32
0.23
0.21
0.17
0.16
0.15
0.14
0.18
50.25
336.35
738.84
1028.43
1260.32
1517.97
1761.01
1835.04
1688.78
1367.55
878.62
343.16
38.19
0.49
0.41
0.36
0.31
0.26
0.25
0.19
0.18
0.18
0.19
0.26
12.77
86.96
205.84
362.90
589.50
945.75
1254.62
1365.96
1205.95
1009.67
650.32
272.99
34.70
0.42
0.34
0.30
0.25
0.20
0.18
0.15
0.16
0.18
0.26
0.42
49.38
273.54
683.88
1038.94
1379.17
1624.89
1640.10
1680.95
1526.38
1077.43
627.30
241.29
37.11
0.50
0.37
0.29
0.23
0.20
0.17
0.14
0.15
0.14
0.17
0.47
48.06
255.02
657.57
874.28
1089.12
1234.79
1234.86
1227.41
1167.25
864.27
552.17
252.62
35.89
0.58
0.34
0.33
0.36
0.35
0.31
0.28
0.27
0.28
0.26
0.97
67.73
356.29
837.83
1298.26
1637.01
1773.59
1816.89
1807.40
1753.54
1358.30
876.30
390.71
55.38
0.64
0.43
0.30
0.24
0.21
0.19
0.17
0.16
0.14
0.15
0.92
76.64
381.00
850.67
1348.24
1669.27
1766.69
1699.24
1662.15
1415.35
1159.52
785.88
335.11
57.68
0.73
0.34
0.28
0.25
0.21
0.17
0.15
0.14
0.14
0.13
1.47
100.60
501.15
1065.71
1566.80
1806.35
1713.33
1744.94
1594.25
1381.59
1195.38
871.42
399.14
61.28
0.57
0.34
0.29
0.24
0.21
0.18
0.17
0.14
0.13
0.15
2.72
106.29
456.40
866.02
1140.06
1308.11
1248.31
1253.87
1276.92
987.70
739.58
389.30
131.10
21.11
0.42
0.34
0.28
0.23
0.20
0.17
0.16
0.16
0.17
0.16
0.45
16.70
51.28
90.47
130.96
208.23
261.80
355.31
514.64
547.44
556.07
472.98
233.54
53.19
0.83
0.32
0.26
0.23
0.25
0.18
0.18
0.22
0.19
0.18
4.57
109.67
451.09
883.56
1174.56
1383.70
1461.92
1397.52
1344.00
1278.57
990.39
605.96
267.70
43.86
0.66
0.34
0.29
0.24
0.22
0.18
0.15
0.11
0.11
0.12
0.39
12.18
43.92
96.26
187.92
352.53
550.28
550.56
441.55
281.38
213.97
175.39
114.34
44.46
0.43
0.13
0.12
0.11
0.10
0.09
0.09
0.07
0.07
0.08
0.45
21.07
94.02
218.92
298.01
438.04
618.42
797.67
890.42
968.81
645.69
385.56
184.91
31.52
0.72
0.36
0.36
0.36
0.32
0.32
0.29
0.24
0.20
0.17
7.20
120.73
430.38
780.71
1098.62
1360.59
1464.13
1524.47
1624.88
1442.49
1253.71
912.91
394.17
78.71
3.68
0.53
0.46
0.34
0.28
0.29
0.28
0.23
0.19
0.14
8.11
141.04
508.60
907.64
1255.46
1444.19
1628.89
1709.26
1648.30
1483.24
1203.50
793.55
398.16
88.01
2.22
0.39
0.33
0.28
0.25
0.22
0.19
0.17
0.17
0.19
11.54
157.44
576.73
1021.06
1459.12
1662.07
1650.92
1695.18
1626.74
1530.19
1216.75
827.00
383.51
89.58
1.83
0.38
0.29
0.24
0.21
0.20
0.19
0.16
0.17
0.17
15.10
164.05
589.20
1067.76
1404.09
1649.80
1836.22
1925.32
2023.10
1972.04
1579.51
1040.36
509.97
118.70
3.43
0.39
0.34
0.27
0.23
0.19
0.17
0.16
0.21
0.24
20.99
206.23
491.08
716.93
880.98
1173.81
1556.76
1711.54
1583.35
1546.61
1353.23
900.40
330.06
76.02
1.68
0.40
0.32
0.26
0.24
0.21
0.19
0.17
0.17
0.17
12.80
125.33
362.45
655.06
972.55
1062.63
1284.00
1408.59
1320.23
1283.83
925.61
460.77
251.46
80.83
4.11
0.47
0.34
0.27
0.21
0.19
0.14
0.11
0.11
0.10
4.49
42.71
116.32
203.31
347.09
551.50
667.77
686.91
624.09
530.75
370.04
223.14
101.18
23.08
1.04
0.34
0.31
0.24
0.26
0.22
0.18
0.15
0.11
0.09
2.63
37.88
102.79
197.87
295.97
369.50
414.05
451.57
488.81
459.04
389.93
296.79
173.55
55.89
4.52
0.13
0.12
0.11
0.11
0.12
0.11
0.10
0.10
0.12
27.45
220.97
626.05
1147.44
1480.83
1736.76
1886.33
2020.12
2162.17
2073.02
1740.67
1190.97
592.21
140.58
9.46
0.42
0.33
0.26
0.22
0.18
0.17
0.15
0.14
0.16
25.34
232.00
721.68
1330.61
1864.04
2193.25
2311.96
2344.36
2313.09
2169.68
1785.31
1251.95
618.18
149.95
10.35
0.41
0.34
0.29
0.25
0.21
0.21
0.18
0.17
0.19
32.06
265.64
783.58
1387.70
1876.56
2192.79
2297.93
2315.71
2260.45
2073.10
1703.97
1176.90
588.16
169.74
17.91
0.45
0.36
0.29
0.23
0.20
0.19
0.16
0.15
0.15
36.47
255.36
738.89
1294.83
1754.79
2079.22
2258.56
2287.28
2239.50
2022.15
1738.97
1219.66
609.09
157.21
12.51
0.49
0.41
0.39
0.29
0.32
0.23
0.21
0.21
0.25
41.45
245.49
739.17
1311.48
1778.41
2145.17
2276.29
2292.99
2241.96
2028.02
1640.94
1137.79
575.43
160.46
16.73
0.48
0.39
0.40
0.43
0.33
0.34
0.33
0.30
0.45
46.11
287.71
820.35
1413.21
1913.09
2216.63
2324.81
2347.56
2306.08
2152.86
1739.03
1252.17
634.38
175.35
15.56
0.56
0.57
0.46
0.32
0.29
0.24
0.17
0.17
0.61
42.66
280.55
829.07
1418.60
1864.52
2161.31
2264.34
2214.69
2218.29
2109.23
1726.57
1255.82
654.65
176.43
17.63
0.40
0.33
0.28
0.23
0.20
0.18
0.15
0.14
0.55
48.80
294.80
815.54
1432.71
1923.62
2226.76
2313.96
2302.98
2303.50
2131.20
1795.84
1283.58
670.70
187.00
19.60
0.39
0.31
0.28
0.25
0.22
0.20
0.18
0.16
0.48
41.08
240.30
618.80
1118.74
1472.13
1691.63
1788.95
1779.92
1618.44
1402.46
1141.25
765.74
442.92
164.70
23.34
0.34
0.27
0.21
0.19
0.16
0.17
0.17
0.17
1.32
55.03
313.04
859.29
1406.08
1813.98
1944.04
2030.76
2061.54
1979.35
1846.52
1583.06
1153.45
654.62
198.09
24.27
0.47
0.44
0.28
0.26
0.23
0.22
0.20
0.19
1.24
44.22
209.46
548.82
943.84
1287.51
1486.49
1643.72
1666.07
1784.29
1687.63
1378.39
989.74
572.90
174.31
24.90
0.41
0.33
0.29
0.37
0.20
0.18
0.15
0.16
1.62
65.39
311.99
793.62
1306.77
1780.05
1935.83
2023.55
2025.89
1952.26
1760.21
1603.70
1146.48
644.71
215.04
33.04
0.53
0.44
0.47
0.38
0.34
0.29
0.29
0.25
3.52
64.58
306.58
795.60
1346.33
1885.39
2253.71
2355.18
2343.78
2320.39
2223.23
1888.55
1351.13
728.78
220.38
32.15
0.60
0.51
0.45
0.35
0.25
0.25
0.22
0.22
4.69
93.81
353.60
733.92
1140.49
1463.58
1671.19
1771.39
1820.30
1791.70
1654.41
1456.44
1099.96
657.21
231.18
34.72
0.50
0.33
0.28
0.23
0.18
0.21
0.20
0.19
3.56
83.65
304.33
737.74
1330.20
1799.82
1977.37
1894.62
1811.21
1838.74
1752.75
1451.51
1126.40
655.33
205.74
39.02
0.52
0.38
0.33
0.25
0.19
0.15
0.13
0.13
2.16
64.07
215.90
457.84
762.08
1077.10
1264.64
1350.58
1331.64
1345.37
1339.37
1267.02
967.87
535.93
195.21
30.97
0.43
0.25
0.22
0.17
0.14
0.13
0.12
0.11
3.93
76.65
330.00
777.21
1268.23
1640.97
1797.46
1794.71
1752.44
1572.67
1301.76
980.55
650.56
295.96
85.79
14.78
0.41
0.27
0.23
0.19
0.15
0.15
0.13
0.12
5.17
73.61
304.65
724.76
1203.34
1594.28
1795.22
1850.09
1792.13
1715.49
1574.34
1347.85
947.35
515.00
191.45
38.65
0.48
0.25
0.22
0.44
0.27
0.26
0.25
0.23
6.32
90.87
317.32
650.92
1055.14
1292.59
1422.62
1502.94
1473.89
1434.22
1347.53
1181.28
897.94
531.00
215.77
45.48
1.22
0.56
0.50
0.54
0.42
0.43
0.43
0.38
5.55
64.57
222.86
426.64
610.70
763.35
830.40
902.12
1071.94
1208.05
1188.29
956.53
712.75
489.84
193.33
41.22
1.38
0.79
0.73
2.02
0.65
0.59
0.66
0.62
6.96
63.51
176.22
312.65
445.01
592.43
850.06
1134.86
1248.99
1097.81
927.75
860.30
679.19
339.36
138.01
22.89
0.85
0.68
0.66
0.64
0.58
0.57
0.53
0.51
4.10
54.27
176.13
414.77
838.96
1240.09
1588.49
1834.24
1903.41
1850.36
1772.21
1501.80
1123.97
651.91
243.05
52.15
1.76
0.54
0.52
0.65
0.57
0.48
0.49
0.45
10.31
97.28
376.91
875.94
1359.97
1743.37
1938.37
2001.22
2007.55
1981.76
1870.42
1593.86
1164.04
666.55
231.73
47.96
1.83
0.98
0.90
0.56
0.50
0.51
0.42
0.34
12.32
102.64
358.48
787.91
1248.29
1619.39
1839.40
1916.16
1931.89
1900.46
1841.37
1589.79
1131.42
610.04
198.95
44.27
1.44
1.03
0.83
0.42
0.40
0.38
0.37
0.37
9.25
69.32
168.90
302.63
404.12
492.87
586.15
651.42
556.26
532.73
446.60
391.75
223.27
123.33
95.62
41.41
2.42
0.40
0.34
0.33
0.29
0.27
0.28
0.26
10.30
78.24
198.10
351.05
453.51
501.45
563.56
599.07
858.98
1005.44
797.63
526.92
309.28
152.82
68.39
21.78
1.30
0.46
0.44
0.39
0.38
0.37
0.36
0.37
14.23
99.76
351.45
727.83
1157.68
1503.01
1557.70
1612.63
1603.21
1397.09
1285.17
995.47
769.14
527.54
234.32
56.33
3.98
0.52
0.51
0.50
0.41
0.38
0.38
0.41
9.17
69.54
176.21
362.78
655.65
926.07
848.31
921.98
972.19
941.02
951.61
788.35
523.06
241.64
114.92
34.45
2.68
0.50
0.48
0.49
0.45
0.42
0.40
0.41
11.14
95.92
335.04
720.51
1115.44
1409.85
1608.71
1707.53
1774.99
1707.08
1653.48
1477.49
1195.46
716.94
276.28
60.47
5.32
0.60
0.53
0.50
0.48
0.42
0.38
0.33
17.81
96.73
309.26
657.78
1086.09
1545.17
1716.64
1813.22
1766.81
1808.92
1714.01
1490.94
1095.05
679.69
254.60
66.40
5.57
0.47
0.40
0.41
1.28
0.35
0.34
0.34
21.92
119.12
309.49
567.33
855.91
1037.42
1141.98
1143.00
1118.27
1062.02
980.06
878.01
724.93
471.81
203.48
65.27
3.66
0.45
0.38
0.38
0.36
0.35
0.33
0.79
22.84
126.61
316.91
615.38
933.80
1294.49
1549.60
1700.57
1653.29
1660.73
1732.06
1527.14
1145.79
691.83
277.40
67.78
6.80
0.62
0.55
0.46
0.41
0.36
0.34
0.79
23.42
128.51
364.27
788.38
1169.75
1570.46
1708.54
1735.73
1604.19
1443.11
1429.76
1104.43
780.86
439.38
201.56
70.13
5.90
0.53
0.59
0.63
0.50
0.45
0.40
0.49
14.41
91.73
241.42
447.42
612.10
757.49
730.67
705.94
748.50
1050.10
1128.39
894.56
555.07
247.09
97.33
27.75
4.05
0.44
0.43
0.40
0.34
0.35
0.31
0.42
19.99
95.95
197.63
346.76
519.46
923.22
1347.50
1610.55
1585.78
1215.28
1001.96
825.58
523.84
266.35
105.29
31.18
1.56
0.43
0.39
0.36
0.35
0.33
0.31
0.32
5.98
64.92
217.75
416.75
636.51
750.22
919.78
1064.79
1074.43
1037.19
1040.00
1006.61
834.78
554.46
225.13
54.06
3.24
0.43
0.43
0.23
0.17
0.15
0.13
0.24
23.88
104.64
296.39
585.57
960.13
1289.83
1442.34
1575.88
1632.87
1663.96
1553.83
1461.28
1087.82
680.23
296.47
71.83
7.70
0.26
0.21
0.20
0.20
0.20
0.19
0.47
31.24
150.54
428.22
819.11
1237.61
1634.70
1790.30
1865.06
1940.16
1908.93
1811.69
1546.00
1202.49
709.95
284.17
77.63
6.82
0.39
0.36
0.37
0.31
0.29
0.24
0.31
6.16
23.52
51.82
145.58
329.77
530.75
753.06
959.21
965.14
840.86
700.19
641.09
578.32
411.61
182.87
61.29
6.17
0.25
0.22
0.20
0.19
0.16
0.15
0.32
33.38
135.92
413.79
796.61
1098.79
1322.82
1479.21
1442.16
1432.40
1413.73
1340.57
1142.05
694.05
387.80
199.08
66.73
7.02
0.30
0.25
0.23
0.21
0.18
0.16
0.28
29.71
157.83
405.30
770.96
1162.79
1383.34
1459.06
1561.90
1472.95
1380.51
1490.60
1395.51
1039.21
634.19
302.84
97.33
12.18
0.31
0.26
0.24
0.22
0.18
0.16
0.56
35.49
157.83
462.12
812.64
1062.46
1121.63
1389.78
1425.65
1420.44
1393.47
1339.85
1244.48
941.33
646.74
284.76
88.20
11.15
0.31
0.27
0.26
0.23
0.19
0.16
1.09
27.11
127.35
330.95
691.24
1005.19
1269.87
1365.65
1425.00
1488.18
1427.57
1299.98
1231.36
927.58
595.22
306.61
102.73
17.95
0.29
0.24
0.26
0.23
0.16
0.14
0.95
34.21
136.99
345.72
672.11
1146.22
1576.40
1788.58
1825.77
1792.06
1683.66
1561.01
1325.07
986.97
568.94
242.35
82.66
12.75
0.24
0.21
0.21
0.18
0.14
0.14
0.65
31.83
127.27
306.97
552.51
635.25
720.81
787.13
945.24
958.23
730.77
579.12
486.22
338.98
230.34
153.41
58.55
7.85
0.27
0.22
0.19
0.14
0.12
0.11
0.33
15.87
76.78
222.42
412.19
608.36
696.79
804.67
896.70
1046.69
1144.73
1082.34
981.58
787.33
488.10
241.87
100.94
21.68
0.32
0.20
0.23
0.16
0.12
0.11
1.41
42.16
157.82
386.96
639.06
900.45
1095.66
1123.93
1182.08
1172.61
1074.69
929.15
853.30
690.09
482.85
230.14
82.35
14.79
0.28
0.24
0.22
0.18
0.15
0.13
0.72
16.07
53.71
107.56
168.62
240.45
341.82
370.78
375.13
357.83
328.43
319.07
261.87
198.38
137.71
83.34
30.44
4.74
0.18
0.14
0.20
0.11
0.10
0.09
0.30
10.25
45.93
115.09
233.55
440.86
679.35
892.39
985.69
1130.76
1168.83
1108.29
959.37
747.42
472.27
193.51
58.98
11.01
0.30
0.22
0.19
0.16
0.15
0.13
1.06
26.45
101.14
258.65
475.76
726.25
1019.83
1287.62
1494.54
1678.53
1709.52
1682.79
1487.91
1143.19
736.28
327.69
96.47
19.26
0.42
0.23
0.22
0.18
0.14
0.14
1.60
34.60
129.34
367.92
725.74
1173.37
1597.64
1772.39
1833.35
1835.11
1799.08
1648.20
1345.77
879.49
496.24
264.49
103.86
21.62
0.42
0.23
0.21
0.17
0.14
0.13
0.97
24.07
84.30
163.26
194.31
210.75
281.75
372.14
392.59
492.70
589.99
842.77
816.17
760.29
532.74
271.65
93.21
16.11
0.25
0.16
0.13
0.13
0.11
0.11
0.55
18.53
79.58
194.46
306.93
434.32
561.30
626.01
641.01
576.36
586.65
544.46
440.67
298.25
214.28
119.22
59.62
9.07
0.22
0.18
0.17
0.14
0.12
0.10
0.57
15.89
61.97
172.03
325.87
421.29
572.02
701.17
874.72
945.43
929.56
903.09
800.56
674.89
438.85
250.34
90.38
18.99
0.52
0.22
0.23
0.17
0.13
0.13
0.44
16.57
62.72
125.91
227.19
343.19
457.34
553.69
721.65
943.69
837.20
883.38
789.10
626.14
358.98
199.84
70.14
12.49
0.36
0.26
0.25
0.21
0.15
0.16
0.43
19.98
92.79
260.95
579.37
935.00
1196.73
1266.15
1336.37
1264.70
1218.18
1103.78
811.77
497.86
319.50
202.81
95.65
22.37
0.44
0.22
0.20
0.17
0.13
0.12
2.52
37.00
147.09
364.30
700.05
920.81
1079.19
1278.78
1276.76
1309.42
1533.93
1458.49
1394.22
1105.80
725.15
328.37
109.91
30.48
1.07
0.22
0.20
0.18
0.15
0.14
3.56
38.28
149.80
366.31
642.01
898.93
1143.36
1259.42
1243.28
1278.16
1238.51
1194.43
1094.90
854.73
516.42
231.41
80.57
17.92
0.39
0.22
0.19
0.16
0.14
0.13
2.66
50.42
168.50
386.10
663.17
933.40
1166.07
1338.78
1404.81
1415.86
1320.69
1259.36
1102.76
847.88
569.01
252.56
93.14
17.05
0.47
0.28
0.31
0.18
0.19
0.15
4.39
34.49
114.63
256.73
457.72
704.83
901.90
1043.82
1173.96
1222.02
1146.87
1071.18
972.51
723.95
484.25
252.37
86.28
23.61
0.44
0.24
0.33
0.18
0.15
0.14
2.08
38.24
139.45
378.01
615.09
832.22
950.39
1180.41
1318.99
1331.13
1243.23
1175.60
964.94
758.89
561.12
315.48
127.31
30.76
1.31
0.24
0.21
0.23
0.20
0.19
3.37
47.37
165.58
405.44
806.20
1155.38
1457.00
1646.59
1731.57
1734.75
1689.90
1640.64
1453.40
1144.76
749.99
323.57
106.01
26.28
1.91
0.25
0.20
0.18
0.15
0.13
3.23
43.96
160.71
450.04
810.71
1060.80
1157.37
1037.76
828.67
687.20
568.01
485.13
440.95
298.69
200.50
110.11
58.19
14.15
0.29
0.20
0.18
0.15
0.13
0.11
1.83
25.98
95.55
237.01
433.80
841.03
1217.11
1526.13
1579.22
1693.77
1718.10
1686.81
1451.88
1047.26
549.12
259.14
108.93
20.58
0.53
0.23
0.20
0.16
0.17
0.15
0.43
9.41
33.21
100.79
252.74
447.77
536.12
598.42
804.35
943.12
916.63
840.41
756.15
720.42
509.68
259.29
106.29
29.48
0.87
0.20
0.15
0.13
0.12
0.11
1.53
36.41
119.24
275.74
507.49
701.37
855.83
1003.05
1033.53
991.68
1029.47
1103.30
1090.44
857.41
620.05
338.21
121.77
27.06
0.71
0.29
0.47
0.24
0.19
0.15
2.65
37.11
141.72
362.51
749.20
1186.91
1381.66
1572.81
1633.69
1628.80
1627.36
1474.17
1296.73
937.44
554.05
279.81
122.05
27.05
0.83
0.28
0.28
0.20
0.17
0.15
1.01
25.32
105.67
207.01
320.78
437.33
491.58
518.14
653.56
815.03
946.03
947.35
907.28
691.46
468.68
255.92
101.84
23.08
0.56
0.26
0.23
0.21
0.19
0.18
1.01
19.68
84.95
226.21
422.65
668.77
928.49
1209.87
1482.74
1635.95
1675.50
1673.96
1483.51
1167.44
774.04
367.91
112.35
26.36
1.10
0.32
0.27
0.24
0.21
0.20
2.90
40.13
143.22
429.28
829.82
1213.71
1523.28
1703.33
1779.62
1786.91
1757.81
1680.40
1394.65
946.04
531.98
228.00
97.41
20.21
0.56
0.27
0.20
0.16
0.14
0.12
1.42
38.74
156.81
335.79
626.49
971.63
1182.24
1296.86
1311.56
1326.19
1277.57
1264.77
1028.58
748.08
550.72
321.91
133.96
29.41
1.97
0.34
0.26
0.24
0.21
0.17
2.33
40.85
136.49
304.56
558.81
881.76
1225.18
1344.57
1365.65
1448.39
1402.69
1290.35
1077.90
792.56
493.85
262.09
97.12
19.70
0.47
0.19
0.17
0.14
0.13
0.12
1.85
23.85
57.54
117.43
212.57
340.79
483.89
546.90
582.14
642.16
472.96
375.50
348.87
265.36
124.27
53.59
23.68
10.67
1.97
0.23
0.23
0.16
0.15
0.14
0.67
23.36
106.30
284.37
645.55
981.44
1222.07
1425.08
1452.48
1414.58
1471.41
1373.19
1322.99
1048.91
737.54
364.06
113.24
25.73
0.79
0.21
0.18
0.15
0.14
0.12
2.28
41.08
147.31
423.40
801.12
1129.26
1367.29
1467.49
1514.89
1493.42
1450.69
1380.95
1191.16
959.68
649.48
326.14
110.18
23.95
0.67
0.20
0.18
0.15
0.14
0.12
2.10
41.28
141.20
402.20
789.23
1153.64
1447.43
1603.32
1636.65
1627.62
1632.00
1516.68
1301.03
970.75
689.06
337.18
119.22
27.90
0.91
0.21
0.18
0.15
0.14
0.12
2.85
52.21
137.61
244.01
383.21
454.47
386.98
459.23
512.74
454.46
362.97
319.51
337.00
276.08
191.87
123.47
60.18
10.63
0.22
0.15
0.17
0.12
0.11
0.11
0.46
25.67
125.00
395.50
701.26
1035.09
1263.53
1399.81
1441.54
1450.70
1440.93
1417.19
1226.94
940.20
679.32
351.63
127.68
28.07
2.18
0.23
0.19
0.15
0.14
0.13
0.53
21.10
103.94
268.74
543.58
923.58
1175.32
1269.93
1316.14
1247.61
1304.56
1240.45
1083.14
804.14
503.12
245.05
95.58
24.51
2.58
0.20
0.16
0.14
0.12
0.12
0.66
31.60
135.15
341.80
558.24
713.54
899.00
1021.54
1093.82
1128.47
1010.54
841.75
694.42
564.20
451.65
267.21
107.78
23.63
0.65
0.22
0.30
0.16
0.14
0.13
0.97
28.81
128.81
339.53
644.02
867.65
975.23
1107.91
1190.83
1188.06
1093.38
971.96
891.37
731.05
507.57
269.96
102.94
28.20
0.71
0.22
0.21
0.18
0.16
0.15
1.49
36.00
139.53
403.00
722.90
957.75
1199.33
1300.80
1392.83
1399.11
1358.70
1175.86
880.09
520.62
281.97
123.08
32.21
5.17
0.26
0.25
0.19
0.16
0.13
0.13
0.26
18.65
88.42
241.08
412.88
680.40
887.06
986.72
996.07
1120.80
1292.42
1282.67
1233.89
1044.17
717.20
351.41
110.30
24.27
0.60
0.26
0.20
0.17
0.15
0.15
0.38
18.89
96.18
209.00
358.63
547.09
728.23
907.58
1038.08
1224.02
1331.17
1302.29
1171.41
927.72
601.54
277.69
96.21
16.28
0.37
0.30
0.22
0.19
0.16
0.15
0.60
28.05
131.79
346.08
576.85
847.34
1009.54
1139.51
1080.78
1046.62
988.68
1002.35
886.74
678.72
443.25
233.59
87.31
20.84
0.52
0.22
0.23
0.20
0.15
0.14
0.69
29.14
127.84
351.09
659.13
956.60
1197.04
1401.78
1496.75
1502.95
1445.38
1390.44
1179.63
917.21
612.19
327.61
114.42
25.30
0.81
0.23
0.20
0.17
0.14
0.14
0.60
26.66
114.25
371.16
743.77
1118.22
1446.12
1624.34
1724.15
1741.26
1705.84
1703.06
1503.91
1165.34
750.07
338.77
98.40
18.95
0.32
0.24
0.21
0.17
0.15
0.14
0.75
26.35
108.87
297.15
582.10
1076.42
1477.59
1689.63
1666.32
1530.13
1350.66
1188.30
910.63
653.06
396.19
192.47
69.32
12.41
0.27
0.22
0.19
0.14
0.14
0.14
0.26
22.08
109.34
314.82
541.71
782.25
1097.84
1388.02
1532.46
1511.83
1585.18
1500.44
1401.99
1088.31
729.70
331.17
106.69
20.28
0.35
0.23
0.22
0.24
0.21
0.21
0.45
25.43
116.62
338.22
612.45
831.33
953.72
1059.80
1147.22
1149.33
1117.13
1067.17
1033.96
802.19
529.95
281.32
111.47
19.81
0.46
0.30
0.27
0.22
0.16
0.15
0.30
24.96
121.11
348.63
672.03
900.99
1110.03
1249.06
1265.04
1259.49
1240.35
1114.24
888.94
731.51
507.43
247.85
75.96
14.10
0.33
0.25
0.24
0.18
0.16
0.15
0.24
21.80
119.69
350.17
708.65
1001.25
1201.93
1430.55
1560.91
1513.53
1522.43
1487.31
1329.84
1029.46
654.55
301.76
92.06
14.00
0.32
0.27
0.25
0.19
0.17
0.16
0.44
22.01
95.61
234.95
492.99
748.65
1064.95
1227.05
1390.34
1430.84
1485.94
1418.02
1096.34
725.17
414.45
169.12
68.42
11.13
0.27
0.23
0.19
0.15
0.14
0.14
0.13
7.66
51.66
120.46
201.88
339.62
548.39
682.80
950.81
1191.00
1309.91
1241.44
1234.58
962.74
641.53
308.10
87.56
16.10
0.29
0.23
0.22
0.17
0.15
0.14
0.16
20.04
106.13
309.84
643.40
999.68
1355.50
1585.62
1698.12
1753.36
1725.17
1576.91
1314.54
974.75
610.24
272.22
85.58
12.92
0.28
0.23
0.28
0.16
0.14
0.14
0.15
18.91
101.99
315.42
666.66
1060.79
1403.68
1639.08
1747.77
1770.64
1732.72
1624.65
1389.65
1040.05
654.73
286.70
89.57
13.84
1.16
1.00
0.22
0.18
0.16
0.15
0.20
18.71
93.38
229.28
440.98
663.77
883.04
1093.09
1221.50
1175.46
1044.78
873.93
688.37
599.68
389.53
193.92
57.12
7.94
0.39
0.34
0.25
0.17
0.14
0.14
0.14
7.33
59.98
128.29
216.66
324.38
424.13
586.43
697.57
707.49
719.87
626.52
506.77
338.01
193.80
87.89
29.12
2.28
0.28
0.25
0.20
0.16
0.13
0.13
0.17
2.41
22.60
63.36
142.61
196.61
260.86
302.16
392.18
404.97
407.72
412.34
368.53
378.31
263.76
142.27
54.05
7.27
0.15
0.16
0.16
0.12
0.10
0.09
0.09
19.30
113.90
309.26
542.92
720.24
945.69
1032.26
1060.60
970.65
837.58
748.97
531.38
392.76
248.15
120.17
42.02
5.62
0.23
0.21
0.18
0.14
0.13
0.12
0.13
4.55
53.26
163.31
277.77
336.67
472.13
639.92
787.77
860.36
818.39
791.02
612.75
559.57
383.17
147.86
55.17
7.53
0.22
0.18
0.23
0.15
0.13
0.13
0.13
8.32
79.17
240.28
478.15
781.14
955.27
1181.09
1283.03
1213.01
1145.27
1133.72
901.20
675.46
452.71
211.52
60.89
6.53
0.31
0.28
0.23
0.19
0.18
0.16
0.16
5.66
58.04
166.40
338.93
525.37
674.71
842.02
950.62
1016.44
957.19
935.00
870.40
677.35
444.52
220.74
68.35
6.22
0.27
0.24
0.21
0.16
0.14
0.13
0.13
7.45
76.89
250.54
489.70
788.81
1046.52
1272.85
1461.30
1541.97
1584.64
1577.78
1422.34
1105.35
686.95
294.78
72.94
8.81
0.29
0.24
0.29
0.16
0.15
0.15
0.14
11.48
90.14
319.33
665.01
984.61
1304.13
1432.81
1557.95
1579.17
1555.63
1483.56
1331.53
1011.62
589.21
274.54
78.56
7.96
0.29
0.23
0.22
0.18
0.17
0.16
0.15
9.20
85.20
260.88
493.64
811.78
983.50
1110.11
1239.48
1216.92
1116.69
978.63
850.62
729.64
441.37
217.21
50.08
3.95
0.26
0.23
0.19
0.15
0.13
0.13
0.12
4.50
61.79
168.27
354.69
558.03
733.39
876.97
905.62
936.61
760.35
560.61
373.57
209.51
120.38
70.45
14.55
2.74
0.21
0.21
0.22
0.13
0.12
0.11
0.11
3.48
56.15
227.93
500.56
784.76
1114.34
1356.47
1610.99
1731.98
1745.54
1677.51
1462.94
1112.67
679.20
276.24
66.79
6.08
0.39
0.28
0.25
0.19
0.18
0.17
0.17
6.91
78.66
258.34
543.20
787.36
937.42
944.02
898.18
835.48
686.23
541.48
330.82
194.33
116.27
59.68
17.25
0.79
0.22
0.20
0.19
0.17
0.16
0.17
0.17
2.97
47.57
163.12
331.46
539.86
749.73
1022.33
1147.43
1143.08
1071.34
855.95
651.56
461.01
283.78
158.51
54.67
3.61
0.34
0.29
0.22
0.17
0.16
0.15
0.14
4.29
52.15
183.74
478.72
832.19
1070.33
1289.12
1299.15
1039.85
915.17
769.51
686.45
566.71
404.76
209.39
56.26
2.93
0.32
0.25
0.22
0.16
0.15
0.15
0.14
3.97
38.96
208.45
391.91
631.89
966.46
1184.61
1083.37
1004.41
942.01
888.11
827.07
754.44
459.48
178.74
46.79
2.05
0.28
0.26
0.23
0.18
0.17
0.17
0.15
3.81
67.87
254.68
609.38
886.58
1068.20
1150.06
1273.71
1282.40
1235.77
1225.91
1063.91
774.11
437.69
204.44
45.79
2.64
0.29
0.26
0.24
0.19
0.16
0.17
0.15
2.03
41.92
141.61
252.09
413.07
508.04
542.44
646.69
647.41
538.77
571.02
463.64
406.35
278.55
147.85
35.41
1.15
0.22
0.21
0.18
0.14
0.14
0.13
0.13
2.59
40.39
160.50
362.08
692.92
908.73
924.91
1095.54
1167.93
1213.24
1124.17
976.14
775.75
460.92
177.11
34.28
0.94
0.28
0.24
0.22
0.15
0.14
0.13
0.12
3.56
51.11
170.60
375.09
609.52
835.23
962.53
1078.46
1144.06
1171.06
1126.56
1010.67
796.54
540.22
201.47
38.43
0.64
0.26
0.22
0.27
0.14
0.13
0.13
0.12
1.52
42.25
198.75
519.20
858.16
1248.05
1488.18
1600.12
1685.27
1678.10
1556.23
1320.82
879.94
514.42
180.94
30.25
0.94
0.30
0.24
0.29
0.15
0.15
0.14
0.14
1.61
39.76
185.63
537.19
985.47
1336.84
1556.20
1703.75
1666.22
1664.63
1541.83
1353.19
1019.11
587.04
201.75
33.24
0.79
0.30
0.25
0.20
0.15
0.15
0.15
0.14
1.43
45.96
238.29
625.63
1034.68
1380.11
1622.68
1688.83
1749.71
1735.13
1628.74
1380.09
1024.31
582.17
196.15
31.72
0.64
0.31
0.28
0.21
0.16
0.16
0.14
0.14
1.17
43.74
219.06
604.14
1042.59
1382.15
1624.94
1744.19
1767.01
1728.76
1580.42
1337.98
943.37
539.75
182.55
32.35
0.61
0.30
0.28
0.21
0.17
0.17
0.16
0.14
0.91
41.36
201.57
471.15
767.63
981.27
1141.12
1238.63
1341.53
1269.22
1089.34
949.35
574.83
300.47
117.00
19.76
0.35
0.30
0.25
0.21
0.16
0.14
0.15
0.12
0.83
48.39
217.71
546.21
902.92
1232.47
1483.70
1561.53
1536.03
1517.48
1388.31
1170.38
827.59
459.54
148.15
21.21
0.42
0.33
0.28
0.22
0.15
0.13
0.14
0.14
0.26
24.09
118.44
301.36
506.19
785.94
1009.50
1157.35
1253.62
1301.33
1257.97
1033.20
748.53
378.69
125.66
16.49
0.32
0.27
0.23
0.19
0.15
0.14
0.15
0.13
0.34
29.67
169.78
415.75
704.85
1026.15
1244.63
1241.38
1307.18
1245.83
1103.00
883.09
580.11
321.42
123.12
18.79
0.36
0.27
0.25
0.17
0.14
0.13
0.13
0.12
0.14
12.06
76.11
200.15
390.52
548.88
704.13
778.83
801.05
824.67
790.92
689.35
573.67
327.31
111.64
13.58
0.31
0.27
0.23
0.16
0.14
0.12
0.13
0.13
0.17
24.11
124.75
287.72
528.65
724.42
809.33
816.19
903.67
964.49
941.22
819.98
602.21
379.43
128.59
13.16
0.22
0.19
0.19
0.14
0.16
0.15
0.14
0.14
0.13
19.52
144.27
397.14
806.62
1121.14
1298.15
1346.68
1363.07
1357.72
1166.17
994.11
723.66
439.83
146.62
18.54
0.31
0.28
0.24
0.20
0.16
0.15
0.15
0.14
0.14
26.68
189.07
497.20
698.04
969.71
1155.98
1203.18
1247.37
1278.76
1082.76
1018.26
817.91
446.22
137.76
12.79
0.31
0.27
0.23
0.18
0.15
0.15
0.13
0.14
0.19
31.93
202.31
510.65
818.91
1049.89
1150.62
1163.92
1129.62
1076.56
1032.89
921.53
719.42
419.15
131.49
13.76
0.39
0.36
0.26
0.38
0.17
0.15
0.14
0.13
0.14
19.31
139.20
388.87
682.75
1029.89
1368.56
1516.79
1521.16
1469.83
1300.44
1027.39
695.74
354.54
105.58
7.82
0.36
0.30
0.24
0.29
0.16
0.15
0.15
0.19
0.21
15.36
127.73
369.73
698.73
987.16
1257.18
1477.33
1522.54
1591.39
1474.12
1193.03
805.29
394.52
108.51
9.21
0.36
0.29
0.27
0.27
0.17
0.14
0.15
0.15
0.13
20.13
146.46
430.97
781.18
1128.18
1296.40
1410.26
1479.70
1515.86
1440.10
1184.63
821.71
407.46
103.33
6.72
0.41
0.31
0.26
0.30
0.18
0.15
0.15
0.14
0.15
13.11
110.29
270.83
460.29
644.55
702.18
742.92
775.04
790.17
650.38
493.69
293.93
182.77
59.05
6.68
0.31
0.26
0.25
0.20
0.15
0.14
0.13
0.11
0.11
3.69
62.71
183.84
308.72
486.56
718.81
855.82
956.23
977.64
985.69
855.80
617.48
338.17
99.37
5.80
0.24
0.22
0.21
0.17
0.14
0.14
0.12
0.12
0.10
8.14
93.93
239.18
334.75
477.26
657.80
776.34
734.55
750.62
632.76
562.43
405.94
224.31
76.05
4.89
0.26
0.22
0.20
0.25
0.13
0.12
0.13
0.12
0.13
8.33
109.40
374.25
725.24
991.26
1179.71
1285.00
1353.46
1324.41
1205.48
1012.04
717.62
341.24
78.91
3.60
0.34
0.28
0.23
0.30
0.16
0.15
0.13
0.13
0.16
16.38
157.27
510.28
962.34
1251.24
1448.39
1503.39
1449.73
1487.25
1394.99
1170.98
809.81
396.64
84.52
3.06
0.38
0.31
0.28
0.25
0.19
0.17
0.18
0.19
0.22
13.24
147.60
518.83
956.12
1254.71
1349.24
1334.28
1377.57
1311.54
1201.24
1006.60
763.15
378.10
80.38
3.90
0.35
0.31
0.25
0.22
0.17
0.16
0.15
0.16
0.18
10.09
137.07
504.67
967.93
1297.55
1457.36
1593.17
1613.50
1580.03
1407.62
1215.81
824.10
379.19
70.96
1.88
0.36
0.30
0.23
0.22
0.18
0.16
0.16
0.19
0.17
8.99
130.54
461.64
898.16
1230.21
1341.77
1422.12
1407.73
1360.24
1264.98
1072.40
702.02
346.30
65.85
1.61
0.39
0.30
0.24
0.21
0.17
0.16
0.15
0.14
0.16
7.15
105.02
393.84
791.83
1154.57
1172.90
1150.60
1186.10
1151.58
1136.22
1004.52
683.94
315.43
56.42
2.42
0.39
0.33
0.25
0.20
0.18
0.15
0.15
0.16
0.14
5.77
109.68
396.38
825.77
1191.17
1444.89
1573.39
1567.23
1420.04
1200.09
896.70
501.97
213.62
42.48
0.58
0.39
0.31
0.22
0.18
0.18
0.17
0.16
0.15
0.16
9.85
129.41
397.22
690.58
928.82
1060.66
1148.81
1261.79
1123.60
1008.34
728.94
449.08
203.64
46.56
0.49
0.32
0.27
0.23
0.21
0.18
0.18
0.18
0.21
0.21
7.19
108.81
364.02
666.83
930.60
1167.58
1200.80
1266.82
1244.50
1110.57
951.37
584.69
220.96
34.08
0.49
0.35
0.29
0.25
0.20
0.17
0.17
0.15
0.16
0.14
6.90
86.46
254.19
459.21
654.50
837.26
887.74
803.77
606.72
412.82
234.31
130.55
69.63
14.73
0.41
0.31
0.25
0.19
0.19
0.17
0.13
0.12
0.13
0.13
2.34
54.85
185.91
415.72
540.78
572.25
657.08
685.85
636.05
450.75
290.88
161.13
62.53
11.11
0.44
0.29
0.23
0.19
0.18
0.15
0.13
0.12
0.13
0.13
0.41
15.94
82.60
189.57
291.76
406.96
552.01
679.14
734.15
774.30
640.11
345.50
140.84
21.00
0.40
0.33
0.27
0.19
0.17
0.14
0.13
0.14
0.12
0.12
1.85
60.65
203.23
365.57
513.14
697.80
774.34
894.80
905.02
807.49
657.17
399.76
167.53
25.20
0.33
0.33
0.26
0.18
0.16
0.16
0.17
0.13
0.14
0.12
1.47
72.90
334.91
696.55
981.99
1091.54
1144.03
1077.44
932.00
867.07
698.78
488.94
209.31
23.92
0.35
0.30
0.27
0.23
0.20
0.18
0.17
0.14
0.14
0.15
2.59
82.52
275.66
525.68
752.12
833.06
882.94
805.40
683.04
487.01
346.34
181.77
70.22
8.57
0.53
0.46
0.45
0.37
0.21
0.15
0.13
0.13
0.14
0.14
0.62
51.08
249.75
576.76
750.67
931.67
1094.84
1099.08
970.73
775.49
527.40
292.77
100.48
8.88
0.43
0.38
0.36
0.29
0.26
0.21
0.15
0.14
0.16
0.16
0.90
51.78
198.71
434.71
580.01
725.56
818.45
875.85
802.99
709.21
412.33
301.13
109.31
13.27
0.47
0.30
0.25
0.20
0.28
0.16
0.16
0.15
0.15
0.16
0.92
63.78
350.37
721.44
941.74
1134.73
1191.88
1298.53
1271.70
1191.94
924.95
560.16
171.11
14.00
0.55
0.43
0.38
0.36
0.48
0.25
0.20
0.19
0.19
0.17
0.63
44.30
220.36
470.25
788.92
1064.77
1203.90
1227.87
1238.01
1141.36
875.57
530.13
190.09
12.71
0.47
0.41
0.37
0.30
0.23
0.19
0.17
0.17
0.16
0.15
0.61
47.38
230.84
531.34
918.82
1141.19
1160.10
1030.55
1002.68
781.99
594.90
360.99
118.10
9.26
0.41
0.33
0.30
0.25
0.21
0.19
0.17
0.17
0.17
0.16
0.29
42.97
208.48
444.71
636.58
730.09
787.50
883.24
949.22
950.77
735.07
429.65
128.96
9.65
0.36
0.31
0.27
0.21
0.17
0.15
0.14
0.14
0.14
0.13
0.28
49.86
326.38
755.11
1079.64
1284.55
1382.29
1294.12
1271.00
1177.43
943.23
560.70
156.26
7.38
0.43
0.36
0.29
0.28
0.37
0.24
0.20
0.16
0.15
0.16
0.43
51.61
345.50
762.84
1140.50
1380.94
1456.66
1372.40
1367.61
1265.58
963.77
555.46
158.16
6.62
0.42
0.41
0.38
0.23
0.20
0.17
0.16
0.15
0.14
0.16
0.30
50.67
351.49
795.17
1136.22
1340.97
1392.01
1421.49
1324.38
1131.94
907.53
502.99
136.55
4.77
0.51
0.48
0.42
0.24
0.21
0.18
0.16
0.16
0.16
0.17
0.29
29.96
203.81
532.64
754.43
955.59
1045.27
1065.46
967.51
812.14
605.05
328.96
97.33
3.69
0.43
0.34
0.27
0.20
0.19
0.17
0.15
0.14
0.14
0.15
0.36
25.31
163.65
417.08
642.28
753.71
743.52
698.79
628.67
488.16
284.58
143.87
35.03
1.12
0.44
0.36
0.29
0.22
0.18
0.14
0.15
0.14
0.13
0.13
0.17
24.00
212.62
535.00
867.65
1130.94
1194.66
1193.53
1075.72
887.00
589.88
289.30
85.41
3.17
0.33
0.28
0.24
0.18
0.16
0.14
0.14
0.14
0.13
0.14
0.14
21.76
190.71
467.10
755.70
823.16
918.82
879.36
880.57
799.12
555.89
233.23
37.58
0.60
0.32
0.28
0.23
0.18
0.13
0.13
0.12
0.11
0.11
0.11
0.17
5.96
57.93
169.00
282.81
312.04
305.99
323.60
234.01
168.37
98.48
51.87
17.35
0.34
0.30
0.28
0.23
0.25
0.20
0.10
0.09
0.08
0.08
0.10
0.15
7.05
56.93
119.48
207.79
301.27
355.19
380.31
282.20
222.51
151.26
87.75
24.87
0.59
0.17
0.16
0.12
0.09
0.09
0.09
0.07
0.07
0.08
0.09
0.18
10.51
111.13
281.75
444.39
590.02
585.64
557.98
565.74
438.63
304.97
142.27
31.93
0.53
0.38
0.25
0.20
0.17
0.14
0.14
0.12
0.10
0.09
0.11
0.18
10.64
109.47
316.95
551.64
684.66
714.72
740.82
678.66
495.22
403.97
196.76
39.05
0.47
0.32
0.28
0.20
0.15
0.18
0.15
0.11
0.10
0.09
0.09
0.14
9.58
119.20
280.19
408.87
535.94
610.32
730.74
761.89
754.70
590.22
274.23
43.11
0.37
0.28
0.26
0.20
0.18
0.15
0.13
0.13
0.11
0.10
0.10
0.12
3.90
36.40
77.15
137.84
172.52
232.43
258.43
360.64
434.45
339.41
224.29
36.40
0.26
0.14
0.15
0.12
0.11
0.09
0.07
0.08
0.08
0.07
0.07
0.11
14.45
198.26
546.77
877.02
1085.60
1178.75
1210.09
1068.04
881.46
632.81
291.16
40.30
0.45
0.37
0.32
0.25
0.21
0.18
0.16
0.15
0.13
0.13
0.13
0.16
11.19
172.39
520.91
865.42
1098.86
1141.44
994.60
914.58
736.70
527.44
218.63
19.27
0.42
0.38
0.39
0.35
0.30
0.29
0.23
0.22
0.22
0.17
0.16
0.20
9.43
78.14
231.74
481.46
716.09
801.00
885.26
823.14
610.54
393.24
136.94
12.81
0.43
0.38
0.36
0.29
0.25
0.20
0.22
0.19
0.15
0.18
0.22
0.19
2.36
36.30
107.33
173.01
233.32
270.63
253.15
210.21
137.23
73.88
30.44
2.83
0.35
0.34
0.24
0.24
0.26
0.21
0.22
0.22
0.21
0.22
0.26
0.26
8.97
143.71
461.50
769.56
989.38
1082.89
1056.95
803.60
690.08
451.51
156.86
18.43
0.54
0.44
0.36
0.28
0.22
0.19
0.18
0.17
0.15
0.16
0.18
0.20
6.08
101.73
294.85
518.45
663.81
770.79
829.41
767.03
610.61
335.47
112.52
10.31
0.39
0.34
0.30
0.26
0.24
0.18
0.13
0.13
0.11
0.11
0.11
0.12
3.33
107.93
374.03
734.49
941.83
1054.68
1082.97
1045.29
873.03
546.35
179.55
16.83
0.39
0.31
0.27
0.24
0.20
0.17
0.16
0.13
0.12
0.12
0.13
0.14
5.56
142.02
521.75
864.42
1150.22
1214.55
1097.14
969.60
697.03
489.17
205.63
15.72
0.47
0.36
0.28
0.22
0.19
0.17
0.17
0.16
0.15
0.13
0.14
0.16
5.89
143.65
530.86
852.57
1099.84
1110.60
965.65
672.38
387.17
151.41
51.26
11.88
0.48
0.41
0.39
0.24
0.25
0.24
0.27
0.21
0.21
0.16
0.13
0.30
4.13
124.98
428.85
828.42
1047.13
1085.74
1036.02
854.06
589.91
374.61
126.88
9.34
0.45
0.38
0.33
0.27
0.24
0.24
0.20
0.15
0.13
0.10
0.11
0.13
2.01
66.26
262.30
568.40
758.06
879.15
832.66
768.63
536.86
279.78
102.68
5.59
0.48
0.39
0.26
0.19
0.17
0.14
0.13
0.12
0.11
0.09
0.10
0.15
2.81
50.52
155.78
292.57
447.60
452.70
350.48
263.60
174.04
93.39
34.03
2.28
0.29
0.25
0.21
0.16
0.13
0.09
0.07
0.08
0.07
0.07
0.08
0.17
0.86
45.19
193.57
368.30
646.46
794.99
841.13
753.42
527.49
345.77
99.36
3.94
0.36
0.29
0.23
0.17
0.15
0.13
0.11
0.11
0.10
0.09
0.10
0.10
1.82
59.54
300.19
573.84
761.98
862.67
781.50
617.29
408.42
183.18
53.83
1.53
0.26
0.23
0.19
0.16
0.15
0.12
0.11
0.11
0.11
0.10
0.09
0.11
0.71
71.27
332.15
624.47
761.57
824.21
975.64
925.98
761.03
430.43
113.71
4.05
0.43
0.31
0.27
0.21
0.18
0.17
0.14
0.12
0.11
0.11
0.11
0.12
1.05
31.69
113.31
192.08
237.85
339.70
332.57
177.63
92.34
54.39
16.46
0.77
0.28
0.26
0.14
0.10
0.11
0.12
0.09
0.07
0.07
0.08
0.08
0.10
0.27
33.67
199.84
459.06
574.00
713.23
689.65
585.40
466.92
283.95
55.76
1.07
0.44
0.28
0.21
0.19
0.18
0.15
0.14
0.13
0.13
0.12
0.13
0.20
0.70
79.54
421.22
839.49
1155.73
1301.58
1322.55
1219.02
953.70
524.28
120.63
2.92
0.55
0.34
0.29
0.24
0.20
0.16
0.14
0.14
0.13
0.12
0.13
0.23
0.79
72.73
410.33
785.52
958.97
1011.09
1023.72
970.10
721.53
378.72
63.72
0.84
0.48
0.38
0.29
0.23
0.18
0.15
0.16
0.14
0.12
0.12
0.13
0.22
0.25
11.23
78.38
164.13
198.84
216.60
204.90
148.45
93.44
47.53
9.78
0.20
0.17
0.14
0.10
0.08
0.07
0.07
0.07
0.05
0.06
0.06
0.05
0.07
0.12
12.80
63.83
150.38
221.02
282.70
320.85
292.46
219.62
91.70
16.55
0.22
0.16
0.13
0.10
0.09
0.09
0.08
0.07
0.07
0.08
0.08
0.09
0.14
0.19
24.67
114.95
236.13
408.99
574.58
662.62
574.87
389.42
166.79
26.98
0.32
0.24
0.20
0.16
0.13
0.11
0.10
0.10
0.10
0.08
0.07
0.09
0.12
0.19
29.45
150.26
246.79
375.82
457.85
504.11
444.89
256.95
142.44
22.52
0.47
0.39
0.32
0.29
0.26
0.22
0.14
0.10
0.08
0.08
0.08
0.08
0.11
0.16
17.90
133.84
354.54
374.16
395.22
512.29
429.14
308.33
177.12
29.13
0.42
0.34
0.26
0.16
0.12
0.12
0.10
0.09
0.08
0.09
0.08
0.07
0.10
0.18
22.36
145.41
299.59
421.47
487.56
468.65
372.76
251.15
150.00
28.43
0.40
0.32
0.18
0.13
0.11
0.10
0.08
0.08
0.07
0.06
0.06
0.11
0.30
0.24
18.83
120.00
319.60
462.66
523.80
504.91
417.21
229.53
90.29
12.62
0.44
0.31
0.21
0.17
0.14
0.12
0.11
0.09
0.08
0.07
0.08
0.11
0.19
0.19
17.64
126.23
316.18
541.86
711.50
715.87
562.25
355.58
137.16
19.07
0.45
0.39
0.39
0.21
0.38
0.19
0.18
0.14
0.11
0.10
0.10
0.09
0.10
0.21
13.45
118.73
311.49
536.16
743.99
779.62
550.48
270.48
95.82
12.30
0.34
0.29
0.24
0.17
0.15
0.13
0.13
0.11
0.10
0.08
0.07
0.07
0.10
0.14
9.29
119.93
294.31
420.61
487.82
494.58
480.97
342.90
119.05
11.38
0.38
0.30
0.24
0.19
0.15
0.17
0.11
0.10
0.10
0.09
0.08
0.07
0.08
0.18
5.02
91.33
252.08
377.38
468.47
473.98
383.39
311.82
145.66
19.42
0.37
0.29
0.30
0.25
0.14
0.11
0.09
0.08
0.08
0.09
0.08
0.08
0.11
0.16
1.52
20.32
40.82
68.42
251.69
307.62
283.13
225.04
113.56
12.07
0.29
0.20
0.16
0.13
0.12
0.09
0.08
0.44
0.84
0.28
0.07
0.13
0.19
0.20
5.59
86.36
244.50
351.93
419.03
402.04
380.17
313.03
148.84
15.76
0.48
0.45
0.76
0.53
0.13
0.12
0.09
0.08
0.08
0.07
0.07
0.08
0.10
0.20
8.53
67.25
185.02
300.47
378.01
317.69
210.71
130.99
63.35
5.75
0.43
0.36
0.29
0.15
0.11
0.11
0.09
0.10
0.10
0.09
0.07
0.07
0.09
0.19
1.75
19.03
74.66
165.27
210.30
266.64
285.99
227.77
102.70
9.18
0.30
0.27
0.17
0.11
0.09
0.08
0.20
0.07
0.07
0.06
0.06
0.05
0.07
0.08
8.53
138.73
413.41
669.25
659.14
684.82
589.25
350.11
122.37
5.42
0.45
0.38
0.22
0.17
0.15
0.13
0.11
0.11
0.12
0.10
0.10
0.10
0.10
0.10
0.94
36.37
134.05
208.43
215.88
186.74
141.24
76.11
22.34
0.64
0.17
0.17
0.11
0.10
0.09
0.09
0.08
0.08
0.07
0.07
0.09
0.09
0.12
0.19
3.03
47.82
146.70
274.99
341.02
387.18
326.81
200.16
71.01
3.21
0.38
0.29
0.17
0.13
0.11
0.09
0.08
0.07
0.07
0.05
0.06
0.07
0.08
0.15
3.19
61.35
166.49
316.39
397.92
387.09
297.57
155.43
45.59
1.99
0.33
0.27
0.20
0.15
0.12
0.11
0.11
0.10
0.10
0.09
0.08
0.08
0.10
0.12
2.05
54.97
184.70
339.26
410.21
429.46
318.74
197.39
58.13
1.98
0.41
0.36
0.30
0.14
0.11
0.09
0.07
0.07
0.06
0.05
0.06
0.06
0.09
0.34
4.85
58.48
164.95
165.21
170.74
161.93
112.89
62.94
26.88
0.76
0.30
0.26
0.23
0.15
0.12
0.14
0.11
0.10
0.10
0.09
0.09
0.09
0.12
0.19
0.22
10.85
38.42
61.83
79.77
98.37
94.93
72.61
31.61
1.07
0.19
0.19
0.15
0.16
0.13
0.13
0.10
0.08
0.07
0.06
0.07
0.07
0.07
0.09
0.28
16.75
58.51
116.18
143.05
127.99
87.76
40.33
11.70
0.49
0.21
0.17
0.16
0.13
0.12
0.09
0.06
0.05
0.05
0.04
0.05
0.05
0.05
0.07
0.98
40.28
158.57
267.64
347.26
394.40
309.56
167.63
47.79
1.39
0.29
0.15
0.12
0.10
0.08
0.07
0.07
0.06
0.05
0.05
0.04
0.06
0.08
0.13
0.24
16.56
67.30
122.59
179.91
232.32
179.01
111.94
34.27
0.94
0.23
0.24
0.20
0.20
0.08
0.07
0.06
0.06
0.05
0.05
0.06
0.07
0.09
0.10
0.87
20.58
67.23
89.57
84.72
71.30
63.21
39.74
9.90
0.17
0.20
0.16
0.11
0.16
0.09
0.12
0.13
0.12
0.11
0.09
0.09
0.10
0.11
0.13
0.48
15.23
51.29
75.48
91.95
84.42
73.71
47.79
9.73
0.25
0.23
0.20
0.18
0.12
0.12
0.12
0.10
0.11
0.11
0.10
0.11
0.12
0.12
0.14
0.21
22.20
99.38
164.18
243.05
296.30
284.23
151.42
37.57
0.60
0.22
0.20
0.17
0.15
0.14
0.13
0.11
0.10
0.09
0.09
0.09
0.16
0.17
0.20
0.38
24.13
125.82
272.01
368.31
355.98
338.10
202.74
63.61
1.14
0.46
0.29
0.23
0.21
0.13
0.11
0.09
0.09
0.07
0.06
0.07
0.07
0.08
0.09
0.36
26.49
114.76
205.82
259.72
242.48
169.72
88.38
18.13
0.32
0.29
0.34
0.26
0.21
0.14
0.12
0.09
0.10
0.09
0.08
0.08
0.08
0.09
0.09
0.13
19.48
146.16
354.97
513.43
542.98
473.83
278.43
72.32
1.07
0.34
0.26
0.17
0.14
0.12
0.11
0.10
0.09
0.09
0.09
0.07
0.08
0.10
0.11
0.13
1.90
17.76
89.92
162.66
169.21
153.54
91.77
21.51
0.31
0.21
0.16
0.13
0.10
0.10
0.09
0.08
0.07
0.06
0.07
0.07
0.15
0.19
0.18
0.25
5.01
30.87
57.88
72.20
64.28
47.43
25.84
8.18
0.31
0.27
0.28
0.20
0.13
0.09
0.09
0.07
0.07
0.06
0.06
0.07
0.08
0.10
0.30
0.18
4.79
29.96
60.87
87.05
95.97
82.15
59.62
14.57
0.26
0.28
0.36
0.18
0.09
0.07
0.07
0.07
0.08
0.08
0.07
0.06
0.07
0.11
0.21
0.24
5.14
28.73
58.32
83.48
77.45
61.19
35.32
15.53
0.27
0.29
0.24
0.24
0.15
0.13
0.10
0.12
0.12
0.11
0.08
0.07
0.38
0.15
0.15
0.25
12.93
43.27
76.05
91.89
86.70
62.54
38.92
11.25
0.24
0.26
0.23
0.16
0.14
0.13
0.10
0.11
0.07
0.05
0.07
0.06
0.05
0.07
0.08
0.09
10.73
92.15
212.65
312.45
352.73
261.11
99.41
12.23
0.17
0.20
0.19
0.12
0.10
0.09
0.08
0.07
0.06
0.06
0.05
0.06
0.06
0.08
0.09
0.12
9.92
67.52
126.94
160.78
174.48
114.10
51.69
8.25
0.18
0.19
0.16
0.11
0.11
0.10
0.08
0.07
0.08
0.06
0.06
0.06
0.07
0.09
0.14
0.24
6.60
38.68
72.97
90.68
94.63
84.39
36.37
4.48
0.23
0.24
0.21
0.17
0.15
0.29
0.46
0.18
0.07
0.07
0.07
0.05
0.07
0.09
0.14
0.26
4.36
34.40
75.23
100.51
104.33
85.20
46.41
11.88
0.29
0.17
0.18
0.15
0.11
0.09
0.07
0.07
0.07
0.05
0.06
0.06
0.06
0.08
0.16
0.24
3.01
35.15
81.36
125.28
135.56
92.37
50.80
11.73
0.25
0.27
0.24
0.23
0.18
0.19
0.20
0.13
0.17
0.12
0.08
0.09
0.12
0.13
0.17
0.22
3.59
44.77
122.14
171.66
190.48
148.76
78.08
12.01
0.21
0.25
0.23
0.21
0.18
0.17
0.10
0.11
0.09
0.08
0.06
0.06
0.06
0.08
0.11
0.17
2.88
45.68
102.21
156.27
151.74
121.13
63.68
12.92
0.15
0.20
0.18
0.14
0.11
0.09
0.07
0.07
0.06
0.06
0.06
0.06
0.07
0.09
0.10
0.10
0.89
16.24
46.14
79.12
91.97
70.82
35.60
5.81
0.12
0.16
0.15
0.11
0.11
0.10
0.10
0.08
0.08
0.08
0.08
0.08
0.08
0.10
0.12
0.20
0.97
17.90
43.73
59.57
63.18
50.38
34.98
5.14
0.22
0.24
0.18
0.13
0.10
0.09
0.08
0.06
0.07
0.06
0.07
0.08
0.09
0.10
0.11
0.17
0.39
9.01
30.40
56.98
67.57
51.57
25.09
3.67
0.22
0.24
0.24
0.23
0.13
0.10
0.08
0.08
0.07
0.07
0.07
0.06
0.08
0.09
0.11
0.18
4.10
59.49
170.16
226.70
239.89
191.81
95.19
19.32
0.22
0.23
0.20
0.16
0.15
0.12
0.17
0.12
0.11
0.16
0.10
0.12
0.11
0.10
0.34
0.67
5.95
65.99
148.03
210.07
239.50
262.80
121.28
16.71
0.29
0.39
0.31
0.28
0.26
0.10
0.14
0.15
0.13
0.11
0.11
0.13
0.17
0.16
0.17
0.19
2.23
58.99
197.69
329.67
371.25
332.10
151.95
23.28
0.40
0.35
0.28
0.18
0.14
0.12
0.11
0.11
0.10
0.08
0.07
0.08
0.09
0.10
0.17
0.17
3.25
16.58
35.50
66.39
75.09
56.14
34.92
10.31
0.21
0.26
0.25
0.15
0.12
0.10
0.08
0.07
0.07
0.07
0.06
0.07
0.08
0.09
0.12
0.16
1.99
28.29
75.44
124.83
117.53
88.45
53.56
9.04
0.14
0.20
0.17
0.12
0.10
0.11
0.10
0.08
0.08
0.07
0.07
0.06
0.07
0.09
0.12
0.13
2.43
47.96
143.71
224.30
218.31
166.14
80.26
14.45
0.24
0.28
0.23
0.14
0.11
0.10
0.08
0.08
0.07
0.06
0.07
0.07
0.08
0.10
0.14
0.19
1.49
32.44
83.47
133.91
135.32
110.39
62.71
11.64
0.19
0.22
0.23
0.20
0.18
0.17
0.19
0.19
0.15
0.15
0.17
0.15
0.13
0.13
0.16
0.17
2.10
41.73
116.53
169.39
172.42
110.74
43.44
5.62
0.20
0.26
0.25
0.20
0.18
0.13
0.13
0.15
0.15
0.12
0.10
0.10
0.11
0.13
0.30
0.20
1.86
27.63
84.41
132.62
141.30
123.83
58.55
9.63
0.27
0.30
0.31
0.26
0.16
0.16
0.15
0.15
0.13
0.12
0.10
0.11
0.14
0.15
0.20
0.21
0.43
9.31
38.82
72.57
82.51
66.15
32.85
4.08
0.36
0.40
0.31
0.20
0.14
0.12
0.10
0.09
0.09
0.08
0.09
0.09
0.09
0.12
0.17
0.20
2.02
37.33
113.52
175.68
191.26
159.17
77.39
9.61
0.26
0.30
0.27
0.18
0.14
0.11
0.10
0.08
0.08
0.07
0.07
0.07
0.09
0.10
0.12
0.15
1.61
20.02
52.53
91.25
118.43
111.50
61.67
11.87
0.20
0.26
0.25
0.20
0.18
0.16
0.12
0.10
0.10
0.10
0.10
0.08
0.10
0.11
0.14
0.21
1.93
41.86
128.78
181.17
177.67
141.16
70.84
10.53
0.19
0.23
0.18
0.14
0.11
0.10
0.09
0.08
0.10
0.10
0.08
0.08
0.09
0.12
0.16
0.25
0.51
5.18
16.26
31.29
42.25
34.16
19.52
1.12
0.13
0.25
0.20
0.14
0.10
0.10
0.11
0.10
0.09
0.09
0.10
0.11
0.11
0.12
0.14
0.22
0.37
10.21
34.32
45.39
48.79
37.80
13.61
2.58
0.24
0.28
0.26
0.19
0.12
0.09
0.09
0.09
0.08
0.08
0.07
0.08
0.18
0.20
0.25
0.26
0.89
32.49
90.49
119.94
139.26
109.82
61.64
8.50
0.26
0.34
0.34
0.28
0.17
0.19
0.15
0.16
0.16
0.16
0.14
0.13
0.15
0.15
0.22
0.26
0.51
24.05
83.89
142.48
178.23
142.52
71.53
11.51
0.22
0.28
0.23
0.17
0.15
0.12
0.12
0.10
0.08
0.06
0.07
0.07
0.08
0.11
0.14
0.21
1.72
66.28
260.02
432.72
477.42
408.59
202.47
25.13
0.30
0.35
0.32
0.24
0.18
0.14
0.13
0.13
0.12
0.11
0.10
0.10
0.11
0.11
0.12
0.14
0.89
32.60
94.33
137.30
143.70
138.25
73.80
12.94
0.17
0.25
0.20
0.15
0.12
0.10
0.10
0.09
0.10
0.09
0.07
0.06
0.08
0.11
0.13
0.15
0.54
11.48
36.46
49.47
48.76
37.70
19.51
2.34
0.18
0.20
0.17
0.13
0.10
0.09
0.09
0.10
0.08
0.09
0.08
0.08
0.07
0.10
0.20
0.23
0.38
9.21
38.30
66.36
93.16
83.27
47.15
15.89
0.19
0.19
0.18
0.15
0.12
0.11
0.10
0.12
0.12
0.10
0.09
0.09
0.10
0.12
0.14
0.13
1.80
60.22
226.49
370.47
449.11
299.84
137.72
18.85
0.29
0.36
0.26
0.18
0.14
0.12
0.11
0.11
0.10
0.10
0.11
0.11
0.12
0.14
0.19
0.25
0.29
12.39
61.84
143.66
186.08
154.82
87.01
15.60
0.34
0.39
0.31
0.30
0.16
0.13
0.12
0.12
0.13
0.12
0.10
0.10
0.11
0.16
0.25
0.28
0.49
24.26
79.58
134.19
153.52
111.48
56.07
12.04
0.31
0.34
0.26
0.19
0.17
0.14
0.13
0.12
0.13
0.12
0.12
0.12
0.13
0.15
0.23
0.20
3.01
66.33
139.68
169.10
149.00
115.58
67.27
13.59
0.19
0.27
0.25
0.24
0.20
0.17
0.15
0.15
0.13
0.11
0.10
0.10
0.11
0.12
0.14
0.14
0.38
21.37
64.75
85.61
74.71
55.92
25.27
5.10
0.14
0.24
0.23
0.18
0.12
0.11
0.10
0.08
3.66
