0.71
0.71
0.74
0.74
0.77
0.73
0.73
0.82
14.12
73.55
139.44
194.89
160.83
101.46
27.02
0.72
0.66
0.66
0.35
0.31
0.27
0.19
0.13
0.14
0.13
0.09
0.06
0.09
0.12
0.16
0.20
0.21
5.98
37.51
73.08
76.08
87.43
65.42
19.34
0.55
0.70
0.52
0.44
0.55
0.41
0.33
0.42
0.37
0.16
0.22
0.19
0.16
0.19
0.24
0.33
2.96
73.49
263.98
472.04
481.35
409.93
269.63
57.11
0.66
0.52
0.49
0.36
0.29
0.25
0.29
0.26
0.31
0.35
0.41
0.58
0.69
0.77
0.80
1.29
0.84
4.74
23.40
56.72
68.52
58.39
33.68
8.02
0.82
0.92
0.98
0.91
0.82
0.87
0.88
0.80
0.84
0.88
0.83
0.76
0.86
0.86
0.77
0.67
1.30
42.10
170.12
304.22
338.20
293.13
173.32
41.98
0.62
0.32
0.29
0.17
0.14
0.15
0.17
0.20
0.24
0.27
0.30
0.35
0.36
0.30
0.40
0.63
0.69
4.06
41.23
170.89
307.67
292.45
150.33
26.24
0.67
0.65
0.50
0.38
0.27
0.19
0.15
0.18
0.14
0.14
0.14
0.13
0.13
0.15
0.19
0.21
0.60
11.50
46.56
65.18
73.81
70.26
56.17
20.08
0.30
0.34
0.36
0.37
0.41
0.36
0.32
0.32
0.37
0.39
0.42
0.41
0.46
0.37
0.39
0.33
0.62
19.12
66.95
96.32
122.55
135.80
118.48
43.78
1.05
0.32
0.32
0.26
0.24
0.17
0.20
0.23
0.23
0.23
0.31
0.24
0.29
0.28
0.34
0.29
0.38
15.46
92.90
225.69
267.26
233.41
107.41
22.69
0.42
0.31
0.28
0.22
0.20
0.15
0.13
0.12
0.15
0.11
0.11
0.11
0.14
0.16
0.43
0.33
2.78
79.26
276.82
381.36
326.64
215.13
90.93
23.62
1.15
0.63
0.59
0.54
0.69
0.81
0.76
0.77
0.79
0.79
0.78
0.77
0.81
0.74
0.57
0.52
0.73
23.82
125.81
271.16
323.39
266.37
179.15
65.06
3.17
0.59
0.55
0.69
0.55
0.56
0.63
0.70
0.58
0.48
0.51
0.43
0.40
0.30
0.39
0.44
0.72
10.62
41.66
71.46
130.02
188.79
141.22
31.85
0.99
0.87
0.41
0.37
0.31
0.45
0.54
0.48
0.51
0.48
0.46
0.43
0.38
0.44
0.50
0.61
4.32
49.14
111.25
121.06
129.41
106.89
67.02
37.52
1.77
0.74
0.80
0.80
0.78
0.77
0.59
0.66
0.64
0.55
0.53
0.39
0.33
0.32
0.32
0.30
4.57
64.51
193.49
223.16
187.31
97.89
41.92
7.83
0.65
0.78
0.80
0.71
0.42
0.42
0.42
0.53
0.38
0.48
0.54
0.50
0.64
0.69
0.76
0.78
2.68
71.69
209.17
267.01
269.45
179.57
112.31
36.43
1.94
1.06
1.03
0.93
0.74
0.44
0.56
0.41
0.34
0.18
0.13
0.10
0.15
0.15
0.25
0.29
4.71
76.47
215.41
311.25
361.74
249.59
140.09
45.33
1.40
0.61
0.54
0.42
0.37
0.27
0.30
0.30
0.25
0.16
0.15
0.17
0.21
0.18
0.16
0.20
0.89
16.52
63.17
89.24
142.02
198.30
152.77
79.57
4.65
0.45
0.32
0.26
0.25
0.20
0.16
0.15
0.15
0.14
0.11
0.17
0.23
0.26
0.34
0.37
2.82
70.79
222.87
406.76
455.15
423.28
311.44
134.55
5.70
0.58
0.53
0.61
0.45
0.46
0.43
0.46
0.53
0.66
0.65
0.58
0.58
0.39
0.28
0.42
2.63
19.41
58.37
151.40
217.44
228.14
128.25
51.50
2.85
0.35
0.35
0.26
0.20
0.16
0.11
0.10
0.10
0.08
0.06
0.05
0.08
0.10
0.13
0.17
3.11
51.66
152.63
299.00
423.59
409.14
270.15
115.42
8.35
0.39
0.35
0.24
0.16
0.12
0.11
0.09
0.08
0.09
0.10
0.09
0.10
0.11
0.15
0.20
5.96
110.13
319.28
536.08
603.31
572.20
394.89
155.47
10.84
0.32
0.34
0.27
0.23
0.25
0.15
0.16
0.13
0.11
0.12
0.13
0.13
0.09
0.13
0.18
3.35
47.66
123.72
182.59
203.86
179.51
116.07
45.15
3.20
0.29
0.29
0.22
0.17
0.12
0.13
0.10
0.09
0.09
0.09
0.10
0.11
0.11
0.18
0.26
5.04
62.09
173.34
288.22
361.18
369.52
235.82
102.51
10.48
0.29
0.31
0.25
0.22
0.15
0.17
0.17
0.16
0.12
0.06
0.07
0.11
0.10
0.16
0.23
8.45
105.62
271.70
361.72
374.72
330.52
220.98
92.48
12.31
0.42
0.37
0.26
0.48
0.52
0.21
0.16
0.72
0.24
0.14
0.15
0.16
0.19
0.28
0.36
2.09
23.37
61.43
89.36
104.25
79.63
48.19
17.24
1.32
0.51
0.45
0.46
0.29
0.32
0.27
0.21
0.20
0.17
0.18
0.14
0.16
0.16
0.26
0.32
6.96
119.74
366.81
576.69
658.96
623.61
485.46
212.25
22.36
0.68
0.61
0.42
0.30
0.25
0.20
0.22
0.21
0.17
0.11
0.13
0.11
0.13
0.21
0.30
23.26
191.47
462.07
716.02
875.62
830.46
661.02
288.74
37.21
0.60
0.49
0.37
0.26
0.19
0.15
0.15
0.11
0.09
0.08
0.08
0.09
0.11
0.15
0.19
19.29
84.97
170.80
290.39
302.93
291.41
240.11
138.58
25.10
0.33
0.30
0.28
0.20
0.16
0.17
0.18
0.18
0.16
0.14
0.15
0.16
0.16
0.20
0.21
14.65
94.79
203.87
285.17
277.23
214.31
118.12
48.68
8.46
0.65
0.79
0.83
0.82
0.76
0.72
0.71
0.74
0.59
0.44
0.46
0.50
0.62
0.61
0.79
18.04
132.18
387.53
547.18
656.35
677.83
564.17
263.92
40.01
1.31
1.02
0.92
0.77
0.65
0.56
0.38
0.39
0.36
0.38
0.15
0.20
0.33
0.27
0.39
7.74
36.26
80.16
125.32
175.38
199.84
119.94
83.65
17.92
1.04
0.91
0.86
0.79
0.76
0.69
0.70
4.40
0.63
0.29
0.52
0.59
0.58
0.67
1.12
17.76
123.02
280.58
435.63
370.55
311.76
262.94
154.86
28.90
1.25
1.19
1.03
0.91
0.84
0.69
0.40
0.46
0.49
0.45
0.34
0.45
0.40
0.43
0.49
36.16
300.72
639.64
866.96
953.10
845.59
526.18
207.26
41.27
0.71
0.74
0.58
0.47
0.52
0.50
0.45
0.46
0.69
0.76
0.77
0.78
0.85
0.96
1.04
11.27
122.91
249.86
285.91
236.18
214.76
162.04
78.12
18.71
1.05
0.82
0.62
0.48
0.29
0.27
0.26
0.17
0.10
0.09
0.09
0.09
0.12
0.17
0.81
58.87
307.21
581.38
753.59
873.41
884.51
612.17
324.72
55.04
0.76
0.54
0.40
0.30
0.22
0.17
0.21
0.26
0.28
0.23
0.24
0.21
0.23
0.28
0.36
11.63
82.04
287.12
480.11
622.96
639.11
522.12
258.36
55.40
0.74
0.40
0.31
0.27
0.25
0.16
0.14
0.13
0.10
0.12
0.12
0.12
0.15
0.21
0.69
37.93
179.25
345.87
498.01
480.89
465.87
335.83
168.47
46.77
0.85
0.41
0.34
0.25
0.17
0.17
0.15
0.13
0.11
0.11
0.11
0.12
0.17
0.35
0.51
38.06
184.94
379.66
585.27
712.61
698.58
523.19
284.06
67.76
1.56
0.49
0.37
0.27
0.20
0.22
0.23
0.15
0.12
0.13
0.12
0.15
0.18
0.25
0.91
66.96
302.14
592.42
887.41
911.47
856.41
691.21
405.83
104.37
2.13
0.88
0.86
0.57
0.53
0.55
0.52
0.53
0.53
0.62
0.58
0.53
0.59
0.50
1.24
35.85
133.83
252.19
503.98
556.71
594.48
434.20
221.83
45.33
1.34
0.74
0.64
0.62
0.63
0.57
0.55
0.55
0.47
0.35
0.26
0.29
0.28
0.41
0.86
70.65
270.50
434.72
497.62
432.13
318.33
223.55
119.33
24.39
1.42
1.00
0.85
0.79
0.76
0.81
0.69
0.65
0.67
0.62
0.59
0.55
0.64
0.65
1.27
58.81
202.41
394.36
601.46
635.65
589.11
563.53
356.01
103.97
4.00
0.83
0.62
0.42
0.31
0.27
0.28
0.28
0.23
0.20
0.15
0.14
0.15
0.18
0.78
44.18
149.77
284.99
370.00
421.93
385.49
270.25
135.49
40.38
1.77
0.56
0.41
0.31
0.28
0.23
0.21
0.19
0.19
0.19
0.17
0.19
0.21
0.28
0.71
42.79
192.99
424.07
615.07
636.65
524.57
423.90
254.54
75.83
4.38
0.71
0.53
0.32
0.26
0.21
0.17
0.13
0.12
0.11
0.11
0.12
0.15
0.38
0.67
12.99
55.88
110.88
174.32
213.67
226.02
193.44
121.27
42.49
2.25
0.38
0.32
0.22
0.19
0.17
0.18
0.15
0.17
0.15
0.13
0.16
0.20
0.29
2.47
36.45
114.53
192.11
232.86
239.68
212.80
153.02
92.83
31.43
1.20
0.49
0.46
0.23
0.22
0.24
0.26
0.26
0.27
0.24
0.25
0.27
0.26
0.36
3.23
42.66
124.36
214.40
309.31
339.70
277.01
302.71
323.90
122.17
5.07
0.36
0.27
0.20
0.16
0.14
0.12
0.12
0.10
0.12
0.11
0.13
0.19
0.31
0.81
5.22
27.63
64.81
160.41
270.81
343.70
257.90
162.27
62.13
3.86
1.01
0.94
0.90
0.84
0.83
0.84
0.81
0.77
0.63
0.54
0.52
0.45
0.47
3.17
56.49
127.43
199.33
305.24
552.52
958.98
1038.12
678.57
250.58
14.99
0.77
0.51
0.39
0.26
0.20
0.17
0.17
0.15
0.12
0.15
0.18
0.20
0.26
7.32
195.39
666.03
1099.04
1278.36
1355.73
1141.32
811.09
456.76
135.02
7.94
0.80
0.65
0.57
0.56
0.61
0.75
0.85
0.79
0.82
0.82
0.74
0.83
0.95
1.49
22.72
53.48
80.90
145.09
180.66
233.05
276.38
244.28
120.13
11.92
1.03
0.96
0.78
0.70
0.66
0.68
0.73
0.66
0.57
0.55
0.61
0.67
0.61
11.94
174.91
552.57
897.93
1000.31
991.25
862.95
749.84
489.97
201.43
26.42
0.64
0.51
0.40
0.33
0.26
0.25
0.22
0.16
0.15
0.13
0.13
0.18
0.34
8.15
85.55
209.24
307.90
428.31
453.79
443.10
348.27
190.06
65.51
5.24
0.83
0.63
0.76
0.36
0.34
0.28
0.26
0.24
0.32
0.28
0.31
0.26
0.31
1.57
25.55
95.05
192.32
285.97
369.82
484.92
498.41
401.66
161.92
17.08
0.65
0.53
0.43
0.32
0.32
0.30
0.27
0.27
0.29
0.43
0.43
0.60
0.69
4.91
91.88
263.46
444.10
584.34
774.55
876.46
664.91
377.81
174.47
19.99
0.91
0.75
0.70
0.69
0.63
0.58
0.51
0.38
0.32
0.25
0.33
0.55
0.55
13.21
212.83
612.64
1040.93
1277.60
1307.19
1132.09
906.91
672.40
312.30
47.84
0.73
0.56
0.43
0.37
0.33
0.25
0.22
0.22
0.14
0.12
0.13
0.14
0.18
35.43
327.46
806.49
1289.16
1507.06
1497.94
1525.69
1316.11
908.63
383.76
51.15
0.81
0.64
0.94
0.41
0.27
0.25
0.33
1.29
0.13
0.13
0.14
0.19
0.29
30.31
280.38
666.44
992.75
1250.59
1487.89
1356.04
1009.54
718.53
325.22
50.72
0.74
0.59
0.48
0.35
0.26
0.21
0.22
0.16
0.14
0.13
0.15
0.18
0.29
40.08
329.50
766.42
1147.26
1388.76
1509.29
1544.79
1365.96
955.39
446.98
62.90
0.89
0.64
0.52
0.40
0.33
0.30
0.29
0.21
0.19
0.20
0.20
0.23
0.44
28.92
181.52
375.25
578.01
788.80
935.11
1139.63
1113.95
859.76
418.93
73.27
1.21
0.76
0.57
0.50
0.44
0.43
0.36
0.27
0.23
0.21
0.22
0.24
0.42
49.09
373.48
843.54
1166.42
1427.78
1627.45
1620.48
1369.08
966.57
458.57
77.50
0.96
0.66
0.52
0.42
0.31
0.29
0.24
0.18
0.16
0.19
0.20
0.23
0.31
27.58
162.87
416.86
699.10
1164.81
1412.29
1475.58
1334.56
1018.68
500.32
96.26
1.69
0.92
0.83
0.74
0.76
1.00
0.59
0.66
0.79
0.66
0.74
0.77
0.73
67.54
396.48
906.25
1320.65
1510.12
1499.75
1382.07
1006.85
640.40
276.93
49.38
0.96
0.68
0.69
0.48
0.44
0.45
0.38
0.31
0.26
0.18
0.22
0.20
0.58
90.76
484.24
1055.37
1485.22
1597.35
1709.89
1681.13
1522.44
1039.01
492.06
80.76
1.23
0.65
0.50
0.37
0.30
0.28
0.32
0.32
0.34
0.28
0.24
0.25
1.08
95.48
500.18
984.82
1435.13
1575.29
1501.96
1359.67
1052.27
654.11
244.21
40.10
1.07
0.81
0.69
0.65
0.72
0.67
0.61
0.58
0.54
0.66
0.66
0.53
0.71
21.99
111.17
270.20
479.65
690.47
780.29
784.77
728.56
606.95
343.19
90.54
1.45
0.55
0.46
0.37
0.32
0.35
0.21
0.15
0.13
0.12
0.16
0.18
1.62
104.68
477.05
952.87
1309.36
1518.71
1667.63
1565.56
1395.73
1080.12
595.05
133.47
1.97
0.79
0.61
0.50
0.38
0.36
0.32
0.30
0.25
0.32
0.30
0.28
1.17
110.73
515.23
999.75
1344.91
1456.71
1391.77
1110.33
857.89
539.63
265.76
57.60
1.09
0.57
0.44
0.32
0.25
0.22
0.21
0.17
0.16
0.14
0.16
0.17
0.69
56.25
255.65
508.44
681.22
799.87
754.80
674.61
522.76
321.92
154.10
39.13
0.95
0.49
0.38
0.31
0.25
0.18
0.17
0.16
0.19
0.18
0.17
0.20
0.67
51.29
259.04
699.15
1221.32
1382.29
1425.77
1277.73
1085.02
578.73
377.45
110.10
4.35
0.58
0.51
0.42
0.31
0.29
0.29
0.25
0.23
0.22
0.21
0.16
4.65
115.49
410.59
832.29
1218.98
1070.52
773.51
629.72
455.72
228.51
92.98
22.50
0.82
0.64
0.48
0.50
0.56
0.56
0.48
0.50
0.36
0.43
0.47
0.50
0.72
14.67
47.64
73.76
129.85
253.75
489.85
639.33
475.52
214.44
111.50
27.35
1.54
1.02
0.95
0.90
0.86
0.86
0.82
0.63
0.69
0.74
0.70
0.70
1.68
40.91
185.84
431.15
771.21
1077.79
1285.86
1209.66
1130.54
906.35
552.83
172.61
7.75
0.97
0.94
0.58
0.41
0.32
0.30
0.28
0.28
0.24
0.23
0.28
7.96
154.48
533.54
1051.02
1408.11
1513.41
1457.94
1171.29
936.87
727.79
392.21
103.70
7.00
1.32
1.18
1.01
0.72
0.48
0.40
0.26
0.22
0.19
0.21
0.23
12.48
136.47
350.76
578.38
734.79
814.10
748.24
634.94
492.87
336.72
156.82
36.73
1.96
0.82
0.68
0.60
0.59
0.57
0.52
0.45
0.43
0.32
0.27
0.29
2.24
52.53
202.64
422.42
664.75
696.83
696.44
576.84
455.37
419.73
256.18
73.73
2.88
0.42
0.32
0.27
0.21
0.18
0.16
0.12
0.12
0.13
0.13
0.13
1.27
38.78
133.57
281.12
425.53
498.61
642.34
701.39
564.47
396.35
260.18
89.34
5.77
0.45
0.35
0.27
0.21
0.17
0.17
0.13
0.14
0.15
0.16
0.21
7.06
77.56
232.62
418.27
614.91
679.20
661.60
605.28
529.15
358.68
208.20
69.38
5.59
0.48
0.37
0.30
0.28
0.27
0.25
0.25
0.26
0.21
0.23
0.31
5.39
37.01
107.69
261.48
417.45
564.66
630.36
559.51
530.29
431.39
332.82
137.59
12.58
0.42
0.32
0.28
0.21
0.19
0.17
0.14
0.11
0.13
0.14
0.16
11.36
96.12
197.48
283.29
356.19
376.02
334.95
277.22
200.80
153.09
83.05
28.59
2.41
0.55
0.46
0.37
0.35
0.33
0.35
0.36
0.39
0.35
0.37
0.42
12.96
71.84
142.64
191.80
273.25
319.79
295.19
230.04
194.18
171.84
204.63
105.62
15.79
0.89
0.71
0.59
0.37
0.35
0.52
0.41
0.42
0.44
0.35
0.40
5.94
62.29
145.53
296.74
563.94
1034.39
1421.00
1593.72
1608.88
1323.80
839.91
293.49
23.40
0.89
0.70
0.60
0.53
0.44
0.48
0.37
0.25
0.25
0.58
0.70
4.89
37.57
121.92
318.90
617.93
700.71
905.32
1245.59
1176.92
914.11
620.18
233.36
22.23
1.18
0.99
0.77
0.61
0.58
0.53
0.55
0.55
0.44
0.49
0.48
12.27
78.57
207.13
409.54
654.23
794.33
819.89
766.99
705.78
517.10
301.11
125.05
13.66
0.62
0.46
0.39
0.34
0.34
0.34
0.31
0.35
0.34
0.38
0.37
36.04
236.04
646.43
985.29
1144.55
1284.31
1440.53
1431.61
1412.10
1203.78
815.44
323.49
38.62
0.57
0.48
0.37
0.31
0.33
0.23
0.22
0.19
0.17
0.22
0.40
61.65
400.09
1025.10
1359.76
1554.64
1407.36
1395.41
1137.36
973.71
791.68
502.60
205.36
36.18
0.67
0.64
0.38
0.31
0.30
0.24
0.17
0.17
0.18
0.20
0.35
44.02
290.54
842.68
1337.66
1670.84
1638.38
1598.26
1382.60
1042.33
943.06
540.23
187.63
23.94
0.69
0.56
0.50
0.47
0.41
0.47
0.43
0.35
0.29
0.32
0.52
18.22
84.55
191.74
380.52
493.45
532.13
482.10
444.80
351.46
231.47
139.40
50.24
6.44
0.45
0.38
0.38
0.40
0.35
0.35
0.31
0.34
0.37
0.35
0.42
5.80
30.26
64.50
112.36
163.72
217.85
280.59
372.12
405.80
317.68
198.95
87.54
13.93
0.62
0.51
0.44
0.45
0.36
0.33
0.28
0.27
0.17
0.17
0.25
19.81
90.61
192.50
309.67
413.77
453.42
559.81
579.29
425.27
256.55
189.75
89.09
13.99
0.47
0.39
0.39
0.35
0.52
0.43
0.52
0.45
0.56
0.60
0.93
25.24
162.09
461.25
861.24
1219.26
1584.10
1792.55
1928.17
1902.61
1655.50
1160.70
497.83
67.79
1.09
0.73
0.54
0.39
0.34
0.27
0.24
0.28
0.25
0.29
2.26
125.30
609.66
1290.77
1875.47
2232.37
2379.43
2405.79
2378.75
2223.46
1835.04
1216.88
489.08
65.12
1.05
0.62
0.53
0.40
0.31
0.26
0.23
0.21
0.20
0.23
3.16
131.27
578.07
1174.47
1669.53
2025.49
2138.16
2162.75
2129.00
2010.01
1704.62
1100.03
426.45
67.50
1.24
0.69
0.60
0.49
0.43
0.34
0.24
0.22
0.22
0.24
4.22
139.20
537.96
958.81
1241.06
1575.07
1735.83
1763.31
1663.65
1504.63
1128.88
747.68
345.09
65.60
1.00
0.63
0.52
0.39
0.30
0.24
0.21
0.21
0.21
0.25
4.20
106.13
396.14
854.14
1432.56
1975.12
1994.35
1916.28
1863.83
1737.48
1356.86
906.06
421.14
75.55
1.39
0.72
0.61
0.50
0.36
0.30
0.36
0.35
0.29
0.26
4.53
106.60
420.22
918.06
1457.55
1873.73
1893.18
1785.04
1725.37
1752.75
1530.31
1042.18
459.51
81.22
1.70
0.83
0.67
0.60
0.55
0.44
0.46
0.43
0.39
0.45
6.87
155.15
625.70
1267.60
1785.27
2156.08
2213.18
2114.95
2002.43
1812.95
1376.45
819.02
332.75
72.55
2.06
0.58
0.47
0.37
0.32
0.23
0.22
0.20
0.19
0.23
5.83
114.92
436.87
837.44
1220.76
1725.91
2143.85
2352.60
2333.56
2077.18
1609.26
1112.78
466.92
87.80
2.40
0.80
0.63
0.55
0.41
0.34
0.30
0.23
0.21
0.25
9.60
153.96
533.91
1119.13
1654.55
1920.95
2092.10
2198.74
2094.66
1758.56
1347.11
827.47
390.69
91.01
2.15
0.66
0.62
0.55
0.42
0.31
0.34
0.33
0.34
0.30
15.05
177.81
516.39
959.17
1560.97
1844.99
1899.06
1873.42
1589.65
1265.72
902.77
573.15
206.09
46.61
1.12
1.11
1.02
0.69
0.57
0.55
0.40
0.37
0.33
0.33
3.39
63.43
223.93
438.51
690.86
869.26
1100.19
1170.13
1384.25
1324.83
1012.97
722.64
350.48
82.18
3.04
0.68
0.57
0.47
0.40
0.33
0.30
0.32
0.29
0.38
23.70
208.44
613.38
958.48
1215.57
1249.85
1115.76
963.33
698.15
372.76
251.52
171.86
96.38
24.68
1.29
0.57
0.54
0.40
0.33
0.22
0.22
0.23
0.22
0.24
12.78
170.66
608.17
1169.91
1518.49
1427.88
1177.41
1140.35
1205.49
1262.80
1045.49
793.52
370.98
96.34
4.59
0.69
0.56
0.47
0.42
0.37
0.31
0.31
0.26
0.26
18.06
151.43
460.62
901.96
1200.51
1330.25
1295.57
1165.60
1042.64
826.45
640.42
473.42
222.10
105.97
15.50
0.49
0.41
0.36
0.35
0.35
0.32
0.24
0.21
0.27
7.18
72.44
231.20
452.32
656.75
851.20
1219.38
1493.81
1509.84
1189.81
751.13
416.77
194.33
60.73
3.18
0.65
0.54
0.42
0.30
0.23
0.22
0.23
0.24
0.24
9.64
71.74
178.82
329.05
608.91
908.95
1226.96
1381.41
1419.35
1354.98
1093.49
752.55
349.81
101.57
5.93
0.59
0.45
0.35
0.30
0.26
0.23
0.22
0.20
0.25
34.38
260.09
787.67
1445.75
1984.28
2320.87
2428.94
2482.11
2468.14
2301.55
1873.84
1327.75
650.62
162.78
11.82
0.65
0.54
0.45
0.78
0.33
0.27
0.26
0.27
0.30
33.03
259.81
816.15
1474.82
1974.88
2326.26
2449.34
2482.35
2483.65
2333.87
1884.22
1266.99
626.41
167.59
12.33
0.66
0.58
0.48
0.40
0.30
0.29
0.25
0.25
0.34
40.55
300.85
915.18
1596.08
2162.03
2433.23
2487.88
2540.25
2494.49
2375.21
1974.42
1381.60
704.19
185.51
15.15
0.80
0.71
0.76
0.73
0.64
0.55
0.56
0.47
0.52
41.86
273.26
775.93
1380.23
1737.66
2093.64
2194.30
2448.42
2476.95
2325.07
1868.26
1288.66
649.40
178.84
16.65
0.78
0.73
0.70
0.50
0.43
0.40
0.35
0.37
0.52
48.11
309.33
905.57
1577.48
2128.76
2465.72
2560.41
2562.84
2535.21
2380.35
1973.25
1414.92
724.88
196.61
17.61
0.71
0.65
0.55
0.48
0.35
0.33
0.29
0.28
0.58
53.46
327.21
912.46
1571.96
2101.21
2375.42
2426.84
2319.29
2138.27
1923.21
1564.77
952.74
478.17
138.64
10.69
0.84
0.63
0.61
0.48
0.41
0.36
0.40
0.34
0.60
20.34
143.27
359.33
690.27
1031.96
1312.97
1698.35
1874.48
1761.24
1585.54
1338.59
842.49
434.54
153.50
19.06
0.59
0.49
0.46
0.41
0.35
0.31
0.25
0.31
0.42
10.92
89.75
234.76
445.17
695.56
840.25
860.28
855.46
794.51
779.54
573.47
391.45
163.73
52.78
7.87
0.88
0.66
0.55
0.59
0.57
0.62
0.57
0.56
0.60
26.33
143.24
361.32
617.78
905.12
991.57
981.24
1030.45
1116.61
995.96
905.29
767.68
469.85
171.97
26.69
0.91
0.81
0.75
0.62
0.52
0.52
0.49
0.48
1.82
78.38
341.53
772.58
1310.31
1648.80
1811.17
1877.64
1910.70
1858.54
1652.68
1451.43
1114.08
633.85
213.05
32.15
0.83
0.64
0.58
0.49
0.42
0.37
0.39
0.37
2.02
82.43
360.40
871.23
1318.57
1634.48
1768.57
1845.98
1895.97
1923.74
1836.56
1619.72
1295.27
745.56
235.35
31.28
0.68
0.57
0.49
0.42
0.35
0.32
0.29
0.27
3.96
105.24
376.50
950.10
1535.10
1939.66
2234.95
2317.03
2327.82
2066.73
1653.95
1164.05
704.19
375.69
172.01
38.31
0.68
0.58
0.46
0.39
0.34
0.29
0.27
0.25
2.22
70.01
252.35
658.91
1170.78
1620.44
1962.35
2025.82
2002.96
2147.56
2256.58
2030.82
1488.42
821.96
263.91
39.49
0.88
0.73
0.61
0.56
0.52
0.39
0.41
0.31
4.60
98.32
410.44
959.40
1245.05
1492.38
1695.04
1885.43
2043.84
2130.69
2213.22
1944.11
1422.79
719.79
214.51
26.65
0.63
0.56
0.46
0.36
0.31
0.28
0.28
0.27
3.21
87.45
329.17
768.09
1351.22
1853.84
2198.93
2236.15
2036.85
1864.85
1568.55
1080.97
661.38
343.57
139.01
24.65
0.78
0.66
0.61
0.60
0.47
0.48
0.41
0.39
5.92
86.59
378.07
884.98
1424.27
1738.92
1878.60
1973.95
2136.53
2165.96
2010.25
1654.74
1259.97
737.63
269.39
47.21
1.03
0.61
0.54
0.53
0.38
0.33
0.32
0.29
7.33
107.31
424.06
851.27
1236.98
1495.15
1581.30
1700.29
1744.38
1742.41
1749.51
1650.33
1268.48
702.37
255.70
47.22
1.08
0.72
0.60
0.51
0.43
0.41
0.41
0.39
9.55
123.00
319.39
657.15
924.32
1083.05
1242.05
1442.83
1505.98
1476.96
1282.85
1066.72
823.53
518.08
218.94
47.39
1.08
0.63
0.54
0.50
0.50
0.68
0.61
0.68
15.42
120.01
365.51
696.64
995.33
1302.40
1606.57
1665.93
1609.76
1656.37
1451.34
1106.42
732.37
371.15
141.93
30.77
1.18
1.05
0.96
0.85
0.82
0.72
0.58
0.62
3.56
50.98
166.13
342.73
481.19
596.78
715.27
810.45
955.92
1068.26
966.90
766.04
589.79
386.28
157.39
33.71
1.22
0.82
0.68
0.60
0.48
0.40
0.59
0.38
8.70
95.38
316.25
664.92
1218.69
1797.53
2238.42
2296.27
2286.16
2371.69
2312.82
1956.45
1476.92
843.99
307.56
62.47
3.25
1.01
0.64
0.52
0.44
0.36
0.33
0.31
14.45
131.86
496.56
1099.01
1655.92
2200.29
2425.95
2495.45
2476.67
2477.29
2369.30
2018.26
1510.88
853.05
295.87
56.79
1.52
0.68
0.62
0.52
0.50
0.47
0.43
0.41
16.92
135.03
409.15
910.74
1480.90
1900.34
2169.40
2274.61
2185.05
1929.97
1738.92
1475.46
1057.83
566.64
210.83
50.83
1.41
0.80
0.70
0.62
0.55
0.53
0.58
0.49
19.90
140.85
425.87
879.54
1463.95
1933.72
2180.63
2112.33
1894.61
1637.29
1399.22
1040.54
673.85
320.25
121.47
25.91
1.13
0.67
0.57
0.55
0.50
0.42
0.44
0.36
13.36
95.81
247.32
448.38
684.82
904.70
1084.36
1128.78
1211.47
1183.42
1270.93
1141.45
850.62
498.77
214.43
56.65
3.96
0.65
0.55
0.46
0.43
0.36
0.32
0.32
18.80
149.07
493.80
1005.98
1562.62
2058.12
2396.33
2568.07
2480.21
2299.03
2131.27
1895.63
1397.49
806.23
306.13
74.56
3.97
0.58
0.51
0.45
0.38
0.36
0.35
0.31
23.24
162.23
558.04
1186.67
1801.11
2291.39
2577.22
2623.20
2597.60
2577.19
2454.25
2065.97
1463.28
832.26
322.55
81.99
3.35
0.65
0.56
0.48
0.43
0.38
0.40
0.28
23.21
169.16
497.65
993.50
1441.47
1653.55
1938.90
2064.97
2102.20
2102.75
1872.69
1552.94
1044.53
626.14
277.96
74.63
3.11
0.51
0.48
0.41
0.36
0.32
0.37
0.28
22.67
151.55
480.49
903.00
1524.25
1933.62
2146.26
2209.32
2109.46
2113.09
1698.24
1254.72
856.23
482.18
186.59
53.13
3.77
0.61
0.52
0.58
0.55
0.52
0.50
0.55
10.59
86.66
211.38
351.68
545.95
698.41
867.61
956.99
1035.36
1100.63
1098.26
981.05
733.73
493.05
216.18
72.78
7.34
0.87
0.92
0.94
0.92
0.80
0.74
0.83
25.97
167.79
473.43
915.56
1402.56
1656.57
1828.87
1896.65
1985.62
1903.12
1804.87
1649.71
1168.38
712.50
318.78
85.51
6.52
0.79
0.67
0.57
0.48
0.55
0.47
0.66
42.13
197.39
498.00
942.45
1391.61
1810.04
2232.95
2509.92
2512.04
2451.80
2257.94
1915.86
1434.60
943.20
397.73
106.81
10.35
0.65
0.57
0.43
0.35
0.32
0.32
0.40
40.50
208.07
568.36
1048.60
1560.74
1951.39
2218.07
2380.46
2377.99
2318.79
2147.26
1866.72
1334.82
838.27
351.09
93.67
8.42
0.57
0.52
0.44
0.38
0.35
0.33
0.45
37.71
200.17
618.35
1250.15
1836.57
2243.76
2494.83
2540.22
2499.68
2424.17
2326.58
2103.50
1584.79
958.41
410.77
138.95
16.72
0.69
0.65
0.58
0.48
0.38
0.34
0.42
39.15
196.92
479.83
862.14
1275.32
1744.18
2014.67
1956.16
1980.00
1944.69
1731.55
1563.97
1181.82
762.48
352.91
117.09
13.24
0.55
0.48
0.44
0.36
0.34
0.31
0.41
39.27
194.92
457.19
890.84
1400.10
1796.15
2016.06
2129.58
2003.34
1840.84
1525.10
1146.21
788.74
421.48
167.44
45.20
2.53
0.61
0.55
0.42
0.33
0.32
0.33
0.30
6.73
39.85
106.07
220.94
441.53
653.74
883.00
1042.94
1031.71
1017.95
945.26
822.38
667.68
413.50
201.39
81.71
8.75
0.63
0.57
0.53
0.42
0.30
0.24
0.55
40.60
188.24
477.91
909.86
1258.88
1584.88
1805.76
1988.01
2038.15
2072.40
2166.88
1926.44
1465.94
985.36
430.39
117.90
17.13
0.80
0.70
0.73
0.47
0.47
0.45
0.82
45.42
216.16
634.25
1224.89
1808.46
2292.56
2558.28
2694.97
2740.65
2656.12
2561.95
2248.39
1668.15
1003.88
448.09
143.56
19.85
0.68
0.59
0.55
0.41
0.40
0.34
0.58
47.36
215.06
563.25
937.48
1409.35
1796.12
2046.68
2341.56
2459.92
2434.11
2285.78
2005.95
1576.58
1013.22
459.40
147.84
19.83
0.63
0.56
0.50
0.38
0.35
0.32
1.06
56.34
235.92
635.69
1167.80
1702.99
2237.64
2596.52
2726.35
2598.47
2660.69
2611.88
2251.28
1703.17
1052.83
459.89
141.06
17.57
0.65
0.54
0.48
0.41
0.35
0.32
1.01
44.56
213.74
563.98
1091.69
1635.81
1991.79
1805.59
1836.33
1767.78
1775.80
1774.94
1589.07
1609.52
1004.73
475.27
148.15
16.29
0.64
0.54
0.47
0.40
0.39
0.34
2.48
78.56
288.69
671.50
1305.74
1956.74
2373.99
2136.60
2183.19
2186.85
2170.55
2017.95
1642.71
1194.02
953.41
486.15
182.47
29.57
0.79
0.55
0.53
0.44
0.40
0.38
1.80
51.23
219.56
579.83
1109.06
1662.25
2152.27
2487.83
2597.42
2660.80
2648.73
2512.71
2256.84
1740.29
1102.84
481.33
140.08
23.06
0.58
0.49
0.45
0.39
0.38
0.33
1.19
42.73
204.32
549.05
1090.37
1686.99
2134.13
2368.49
2449.98
2442.91
2393.39
2274.23
2069.77
1675.19
1078.23
468.71
154.16
28.84
0.86
0.78
0.73
0.72
0.55
0.64
1.49
49.97
207.00
524.58
987.74
1572.09
2140.02
2532.32
2581.05
2625.23
2580.95
2305.90
1924.94
1556.21
993.26
452.26
150.34
27.94
0.71
0.49
0.46
0.40
0.40
0.38
2.25
60.34
236.70
679.58
1295.90
1908.73
2362.09
2507.22
2605.20
2556.99
2396.84
2322.53
2106.92
1669.42
1060.30
514.11
174.34
31.87
0.62
0.50
0.43
0.39
0.36
0.33
3.03
69.57
262.11
662.54
1275.57
1863.46
2292.75
2466.56
2522.12
1746.37
1751.68
2425.75
2216.18
1742.55
1111.94
501.40
158.11
29.68
0.73
0.54
0.46
0.43
0.37
0.32
1.73
53.79
189.97
458.78
801.46
1180.22
1514.29
1785.92
1486.81
1530.80
1546.49
1643.24
2013.82
1547.11
976.59
451.31
151.53
30.55
0.71
0.47
0.42
0.35
0.31
0.29
2.18
50.48
184.78
437.94
813.47
1403.75
2097.49
2486.05
2598.55
2571.09
2513.26
2427.15
2084.09
1645.23
1064.69
494.46
160.93
34.14
0.80
0.44
0.41
0.38
0.34
0.32
3.22
65.09
227.09
519.69
989.20
1760.65
2340.08
2584.18
2665.51
2692.02
2681.58
2595.11
2284.22
1777.43
1147.17
516.85
161.68
33.51
0.76
0.48
0.44
0.40
0.33
0.30
1.81
40.25
148.60
356.00
645.95
1109.21
1710.21
2136.66
2398.48
2557.85
2624.74
2528.71
2210.93
1709.71
1089.08
485.11
150.61
29.68
0.86
0.52
0.54
0.43
0.41
0.36
3.92
58.74
217.32
534.02
1120.14
1795.41
2353.40
2656.19
2727.27
2738.87
2722.55
2614.65
2266.64
1715.23
1071.89
469.10
141.32
26.50
0.75
0.49
0.45
0.36
0.31
0.30
3.51
62.33
211.88
446.70
834.23
1440.23
2041.57
2440.88
2631.51
2676.33
2654.87
2559.03
2259.61
1778.83
1159.59
544.55
180.15
42.32
1.06
0.54
0.50
0.42
0.37
0.36
4.10
68.04
246.79
706.35
1371.83
1989.92
2475.57
2709.52
2729.65
1615.20
1573.43
1693.89
2256.35
1744.72
1133.62
542.14
176.48
40.92
0.99
0.62
0.55
0.49
0.50
0.40
6.27
77.36
261.95
700.06
1253.20
1889.85
2353.70
2307.77
1422.43
1431.90
1466.88
1453.63
2164.10
1766.78
1149.67
533.62
170.08
38.12
0.99
0.50
0.49
0.45
0.36
0.39
5.13
73.05
253.03
698.12
1313.18
1898.62
2367.65
2621.64
2697.58
2722.98
2666.57
2522.07
2184.50
1679.04
1078.01
505.09
161.32
37.09
1.34
0.50
0.46
0.40
0.38
0.35
5.01
69.32
237.80
669.49
1302.55
1890.17
2343.15
2589.61
2666.97
2685.94
2671.09
2553.63
2204.43
1720.20
1125.61
525.41
166.48
38.86
1.10
0.47
0.46
0.42
0.35
0.31
4.85
69.26
239.78
656.85
1254.13
1823.42
2284.66
2561.77
2639.01
2642.77
2586.14
2464.72
2159.26
1665.89
1099.43
525.69
187.10
46.85
1.80
0.57
0.56
0.40
0.42
0.39
3.34
65.78
207.06
493.85
836.10
1063.18
1245.51
1351.01
1478.54
1686.58
1904.50
1940.84
1835.23
1539.34
1040.20
513.57
187.16
50.95
1.55
0.49
0.46
0.36
0.31
0.28
2.92
60.15
216.75
462.03
966.86
1439.96
1832.37
2081.13
2226.32
2294.37
2104.85
2069.62
1666.32
1421.18
894.92
445.25
193.59
57.17
1.35
0.45
0.41
0.32
0.31
0.28
5.66
77.35
248.67
666.92
1289.30
1876.78
2337.53
2508.87
2492.74
2386.96
1966.72
1730.14
1437.40
1040.63
775.69
473.05
205.23
52.18
1.75
0.49
0.43
0.33
0.30
0.28
1.82
48.63
176.77
457.74
1012.65
1676.09
2177.94
2269.49
2355.87
2322.24
2191.93
2161.71
1850.16
1462.20
1028.43
490.87
179.58
42.37
1.33
0.47
0.40
0.35
0.34
0.34
5.83
75.03
250.73
571.17
985.35
1289.64
1414.11
1620.68
1711.79
1421.16
1078.99
905.64
666.31
519.20
350.27
182.60
75.87
12.95
0.55
0.42
0.43
0.33
0.28
0.25
2.17
48.91
168.42
398.42
741.87
1223.53
1659.40
1733.50
1579.74
1509.73
1565.30
1733.67
1507.71
1391.83
1029.22
512.38
188.20
40.29
0.84
0.46
0.46
0.39
0.35
0.31
4.44
28.42
83.94
204.61
472.15
713.44
967.75
1005.50
1026.83
1161.73
1352.16
1460.96
1519.22
1285.42
894.71
469.66
181.72
43.76
1.71
0.53
0.52
0.51
0.43
0.41
5.71
70.00
242.33
573.68
1126.98
1647.36
2060.14
2322.99
2420.53
2459.13
2483.00
2393.45
2048.94
1559.94
951.86
446.55
193.95
40.38
1.50
0.51
0.47
0.45
0.35
0.27
3.54
77.25
230.67
463.19
796.99
1131.43
1421.34
1831.59
2079.53
2243.57
2316.57
2253.39
1953.81
1514.77
978.81
469.36
171.02
46.22
3.24
0.58
0.55
0.46
0.39
0.32
4.16
89.66
290.41
677.24
1210.04
1718.51
2298.14
2470.15
2480.64
2405.75
2231.30
1992.30
1701.28
1365.35
836.61
467.44
181.08
44.89
1.76
0.55
0.49
0.37
0.31
0.29
2.35
42.16
157.96
372.34
697.97
1034.15
1321.45
1429.09
1675.73
1806.53
1796.84
1923.36
1765.87
1417.81
1028.36
536.48
183.84
44.93
2.78
0.52
0.47
0.43
0.35
0.33
4.45
70.78
247.46
640.71
1124.62
1293.69
1172.58
939.19
826.43
985.36
1260.12
1522.32
1551.12
1220.71
764.35
421.05
195.63
49.45
2.53
0.60
0.58
0.52
0.45
0.37
2.06
60.55
215.49
542.57
938.35
1387.66
1741.31
2007.39
2065.77
2114.72
2101.86
2005.01
1813.45
1438.85
934.10
473.75
177.99
44.57
1.64
0.52
0.59
0.40
0.36
0.37
4.98
63.83
212.79
582.39
1092.56
1651.56
2129.85
2330.35
2412.54
2437.44
2329.15
2084.15
1623.47
1141.26
681.56
319.82
109.03
20.67
0.84
0.62
0.59
0.49
0.45
0.39
0.96
21.65
77.77
184.67
342.29
539.79
896.73
1262.06
1279.09
1281.21
1075.35
890.99
620.28
433.83
295.51
200.22
98.76
17.75
0.51
0.46
0.49
0.39
0.37
0.31
1.94
57.10
232.37
545.52
1063.09
1546.12
1969.75
2160.94
2181.42
2132.21
2062.80
2058.44
1960.55
1563.26
1014.44
457.61
181.37
37.47
0.71
0.54
0.54
0.49
0.40
0.28
0.58
13.40
82.60
200.74
325.38
400.36
442.69
569.89
578.87
650.30
825.25
683.34
545.18
473.96
367.68
235.66
116.42
29.84
1.07
0.78
0.58
0.38
0.39
0.42
2.09
60.66
225.73
479.93
740.34
822.98
917.37
968.84
1096.87
937.96
970.33
886.54
757.29
621.80
503.44
368.97
144.43
35.60
2.09
0.52
0.46
0.43
0.38
0.35
2.07
61.87
216.88
491.06
1059.42
1460.96
1688.54
1759.11
1459.08
1360.06
1190.56
1141.41
1313.83
1140.06
840.81
435.18
175.39
43.81
1.14
0.47
0.48
0.38
0.33
0.33
2.42
61.10
201.01
485.75
878.57
1194.18
1547.58
1603.84
1590.30
1628.70
1494.41
1373.46
1182.83
956.17
739.88
409.25
170.60
45.58
1.42
0.50
0.41
0.33
0.30
0.29
4.47
63.94
205.21
344.33
439.23
468.96
447.79
457.09
622.24
895.24
760.54
863.30
887.00
564.95
353.31
201.02
95.65
19.18
0.56
0.38
0.39
0.41
0.42
0.42
0.74
27.87
127.53
349.95
724.60
1188.84
1480.37
1652.07
1739.80
1826.03
1859.35
1826.55
1857.46
1618.17
1077.84
527.71
184.34
43.24
1.21
0.49
0.52
0.36
0.33
0.32
2.15
54.07
203.47
532.75
1038.20
1528.31
1967.96
2257.06
2306.53
2357.84
2335.15
2318.97
2140.50
1764.92
1189.13
568.44
190.16
44.22
1.26
0.52
0.54
1.40
1.72
1.66
4.28
50.58
204.77
624.20
1265.16
1861.47
2346.05
2647.72
2745.36
2768.37
2747.66
2624.89
2291.75
1805.28
1184.78
564.39
179.36
39.63
2.33
1.62
1.55
3.45
4.32
4.23
5.61
62.99
224.15
625.98
1237.04
1811.16
2294.48
2604.46
2699.76
2710.58
2617.16
2358.33
1799.02
1391.30
870.16
437.33
145.18
19.89
0.65
0.51
0.43
0.35
0.32
0.30
0.84
11.03
44.91
93.53
152.01
185.99
212.42
293.51
457.30
969.84
1359.21
1493.57
1463.82
1271.77
983.88
489.09
169.89
34.63
0.78
0.48
0.45
0.31
0.29
0.27
1.22
54.73
199.27
418.94
645.81
924.48
1112.84
1099.04
1209.62
1365.69
1319.15
1090.70
846.70
677.97
447.32
218.32
103.30
19.07
0.54
0.39
0.35
0.34
0.29
0.28
0.31
7.18
52.18
131.98
299.71
441.40
576.14
874.81
1507.68
1880.53
1880.40
1827.78
1704.55
1383.92
963.70
509.87
172.68
33.15
0.88
0.70
0.69
0.57
0.54
0.48
0.78
43.06
183.57
472.68
886.03
1182.92
1601.87
1832.85
1897.00
1731.65
1723.76
1798.55
1500.90
1271.47
900.91
466.18
168.12
37.50
0.71
0.52
0.47
0.38
0.37
0.35
0.80
54.41
213.33
557.05
1079.52
1502.27
1871.78
2003.17
2119.74
2064.38
2093.11
1987.23
1684.00
1292.89
801.24
389.58
137.76
24.40
0.62
0.54
0.47
0.41
0.36
0.36
0.45
15.50
101.06
245.39
472.48
838.68
1349.86
1886.09
2042.65
2110.04
1833.53
1913.83
1339.26
885.52
563.17
289.84
81.69
9.00
0.57
0.49
0.46
0.40
0.41
0.41
0.44
17.28
98.72
335.66
778.42
721.79
835.25
964.45
1087.00
940.18
894.78
895.08
845.72
737.59
733.94
378.22
138.77
21.77
0.69
0.57
0.52
0.46
0.44
0.43
0.42
23.40
136.88
300.43
610.29
956.65
1381.73
1763.89
1766.43
1849.90
1866.80
1778.83
1581.32
1327.88
954.75
444.43
166.27
33.82
0.67
0.57
0.50
0.42
0.39
0.38
0.63
39.67
179.22
551.44
1102.56
1482.25
1703.14
1871.44
1825.69
1760.60
1775.41
1701.45
1598.70
1404.66
1023.13
514.17
177.98
30.03
0.60
0.54
0.49
0.37
0.34
0.31
0.30
18.83
138.17
398.62
786.54
1158.77
1266.62
1395.69
1504.66
1714.57
1626.67
1581.47
1629.90
1342.46
963.88
488.90
150.78
24.00
0.62
0.57
0.59
0.51
0.51
0.46
0.50
33.26
184.13
526.83
900.75
1211.93
1563.35
1889.17
1987.53
2002.00
1883.58
1739.56
1620.37
1296.65
833.71
430.00
149.36
21.16
0.64
0.55
0.50
0.39
0.35
0.34
0.33
30.69
169.27
501.90
999.43
1416.31
1725.37
1859.88
1996.33
2046.43
1948.46
1913.99
1569.51
1180.20
705.68
300.88
114.67
17.95
0.64
0.54
0.47
0.38
0.32
0.29
0.27
27.11
182.96
548.99
1032.38
1522.97
1791.10
1872.83
2070.01
1991.38
1945.12
1703.16
1579.20
1085.10
727.74
337.73
115.08
15.76
0.62
0.54
0.45
0.38
0.33
0.31
0.33
17.53
101.08
283.48
477.28
583.23
601.56
633.18
624.44
540.85
447.48
371.97
324.93
273.54
170.41
109.72
49.65
4.30
0.50
0.44
0.46
0.46
0.61
0.53
0.47
11.36
94.06
268.26
554.28
853.47
1156.30
1173.74
1297.17
1468.38
1546.33
1448.28
1145.68
800.68
473.05
229.63
85.37
9.36
0.56
0.48
0.48
0.43
0.40
0.35
0.32
22.76
148.81
444.90
928.18
1369.50
1669.44
1853.36
1958.02
2061.42
2140.06
2042.63
1729.51
1285.32
854.29
432.79
140.48
18.94
0.64
0.59
0.51
0.39
0.41
0.39
0.37
23.22
165.45
485.03
942.89
1370.61
1570.71
1662.34
1663.79
1597.00
1704.12
1565.11
1272.66
1000.03
572.32
288.64
88.45
8.25
0.72
0.66
0.53
0.45
0.47
0.47
0.41
11.79
108.56
378.34
784.30
1313.33
1763.18
2049.64
2151.63
2280.76
2217.70
2107.90
1864.80
1388.24
905.68
425.47
133.37
15.08
0.53
0.47
0.43
0.36
0.34
0.30
0.28
17.61
144.35
497.59
1100.40
1667.91
2103.18
2330.33
2447.88
2356.04
2466.64
2265.21
2073.79
1698.21
1008.78
445.05
122.35
10.19
0.59
0.53
0.45
0.40
0.34
0.29
0.28
14.23
113.67
350.40
621.61
737.77
978.30
1051.93
1182.02
1333.49
1432.48
1419.22
1241.07
918.30
622.22
320.74
104.49
11.23
0.61
0.51
0.41
0.35
0.36
0.33
0.32
16.46
137.88
443.91
975.20
1459.01
1888.49
1807.05
1182.64
1281.98
1216.62
1064.53
933.21
696.96
577.11
374.17
119.10
15.84
0.53
0.45
0.41
0.39
0.40
0.33
0.34
7.13
90.88
312.66
651.34
1037.64
1507.69
1566.03
1711.46
1624.84
1625.93
1502.04
1389.97
1089.88
737.07
335.32
97.50
8.72
0.55
0.52
0.50
0.37
0.37
0.37
0.29
5.82
74.14
184.97
295.83
527.10
766.54
1052.31
1099.56
1221.00
1437.78
1375.24
1218.52
920.90
702.44
379.59
93.82
9.95
0.55
0.47
0.40
0.33
0.35
0.32
0.29
10.08
108.93
398.61
828.14
1259.87
1651.41
1915.97
1880.15
1762.33
1537.33
1223.55
936.47
629.91
346.97
173.02
47.18
2.81
0.70
0.57
0.48
0.40
0.38
0.34
0.35
2.67
65.06
228.27
406.73
674.30
983.31
1215.20
1398.50
1415.99
1385.56
1623.45
1339.65
1096.43
775.83
336.17
105.28
7.31
0.59
0.52
0.51
0.40
0.37
0.35
0.33
7.39
90.68
328.01
590.68
815.52
1102.70
1312.32
1492.03
1694.25
1774.75
1725.01
1465.06
1033.57
576.39
284.77
74.13
3.15
0.63
0.98
0.46
0.42
0.38
0.31
0.31
5.75
104.43
390.86
871.26
1161.23
1595.60
1863.82
1992.39
2176.41
2258.62
2119.10
1899.56
1578.00
988.79
377.62
95.39
5.77
0.63
0.56
0.48
0.42
0.38
0.34
0.32
3.19
79.59
263.10
446.37
701.63
939.07
1078.04
1119.00
1129.04
1219.51
1007.58
778.29
553.27
356.78
171.23
53.51
1.79
0.53
0.47
0.43
0.41
0.39
0.40
0.55
0.75
24.72
97.47
206.66
345.55
511.67
522.60
558.52
497.42
393.44
297.41
290.18
299.67
191.85
96.15
23.68
1.19
1.09
1.04
0.97
1.00
0.95
0.95
0.90
3.82
78.73
262.20
568.65
928.07
889.95
1016.76
1066.02
1032.56
898.64
951.26
801.32
730.56
393.99
140.40
32.46
1.02
0.86
0.70
0.73
0.74
0.62
0.60
0.62
0.86
32.00
126.26
249.34
496.53
678.67
948.67
1048.34
1107.14
1167.63
1086.09
968.66
742.59
473.63
198.89
47.76
1.58
0.72
0.65
0.58
0.47
0.41
0.42
0.48
1.64
59.08
285.73
585.25
992.02
1377.23
1523.20
1629.14
1674.32
1801.82
1655.94
1629.99
1346.59
788.52
312.18
62.50
2.89
0.65
0.58
0.50
0.38
0.30
0.31
0.28
2.27
53.09
212.42
493.55
797.32
1079.41
1184.55
1265.51
1339.39
1512.97
1621.55
1502.94
1025.01
574.97
271.74
51.72
0.93
0.60
0.46
0.38
0.32
0.29
0.26
0.25
0.82
47.95
198.50
443.23
707.76
1106.88
1290.05
1137.01
978.94
744.07
451.86
252.06
154.87
136.88
136.64
52.60
1.32
0.43
0.34
0.30
0.26
0.21
0.20
0.21
1.29
54.34
244.16
530.26
835.14
1351.15
1746.64
1832.57
1830.85
1794.17
1710.34
1294.93
841.88
428.44
203.94
46.68
0.69
0.51
0.43
0.35
0.33
0.30
0.29
0.33
1.92
77.86
317.47
679.61
1289.75
1817.64
2016.26
2046.21
1941.30
1907.86
1743.98
1323.42
1130.14
714.20
252.70
40.91
0.75
0.52
0.43
0.39
0.35
0.29
0.30
0.39
1.04
61.24
307.05
637.28
856.47
828.37
880.25
1089.17
1508.97
1698.58
1945.95
1651.68
1233.65
728.28
261.52
38.44
0.76
0.58
0.50
0.45
0.43
0.38
0.34
0.34
0.58
32.65
217.03
554.25
912.64
1236.80
1465.27
1551.29
1746.36
1755.51
1658.96
1376.93
985.64
602.61
205.77
28.88
0.75
0.66
0.54
0.49
0.44
0.41
0.39
0.37
1.25
46.21
205.38
404.61
630.20
857.07
1027.91
1303.74
1396.80
1430.48
1344.40
1206.66
831.87
470.14
193.23
40.30
0.74
0.49
0.39
0.31
0.31
0.28
0.29
0.27
0.30
26.99
165.36
389.53
579.36
760.60
1029.68
1277.27
1390.91
1355.86
1257.58
1188.64
975.77
573.73
210.93
27.28
0.61
0.59
0.48
0.41
0.39
0.40
0.42
0.41
0.42
22.75
119.57
315.15
577.17
870.50
1215.74
1612.24
1482.62
1094.31
865.32
466.18
249.94
115.99
43.65
5.64
0.74
0.48
0.44
0.35
0.27
0.24
0.25
0.22
0.23
25.77
170.31
438.69
928.46
1566.44
2051.10
2256.45
2257.86
2211.47
1991.63
1760.37
1354.70
750.42
224.66
22.81
0.69
0.55
0.45
0.41
0.33
0.28
0.28
0.27
0.34
46.12
257.75
696.71
1307.84
1844.48
2165.80
2310.91
2257.41
2190.68
2104.28
1814.96
1310.02
730.90
218.45
23.88
0.79
0.63
0.53
0.47
0.41
0.65
0.31
0.30
0.30
35.74
205.77
524.78
1012.75
1601.65
2015.41
2245.40
2254.04
2175.94
2000.61
1826.92
1297.39
644.47
175.21
20.58
0.76
0.59
0.49
0.41
0.34
0.29
0.28
0.28
0.30
34.00
208.09
510.67
771.26
1046.44
1238.46
1347.83
1432.59
1221.11
808.99
798.03
703.44
458.12
179.37
18.13
0.77
0.56
0.45
0.39
0.38
0.37
0.35
0.34
0.38
38.37
288.83
822.75
1396.50
1853.76
2161.46
2197.57
2279.34
2172.50
1778.60
1206.98
619.39
249.71
67.75
4.90
0.73
0.58
0.47
0.40
0.37
0.32
0.35
0.30
0.29
8.31
127.29
404.97
658.11
1002.96
1451.60
1743.63
1871.52
1837.19
1660.27
1394.95
969.48
542.83
173.16
14.33
0.64
0.53
0.47
0.40
0.34
0.27
0.26
0.25
0.24
17.99
112.61
318.79
572.01
874.24
1209.21
1266.05
1324.14
1430.95
1488.72
1357.80
999.51
566.54
172.38
13.51
0.64
0.55
0.43
0.37
0.35
0.32
0.28
0.25
0.23
33.97
250.16
696.92
1069.96
1595.97
1726.43
1606.38
1161.34
1020.89
647.87
468.36
327.08
255.42
99.91
6.26
0.51
0.41
0.33
0.28
0.26
0.23
0.23
0.21
0.24
23.01
200.23
615.40
1139.07
1594.70
1994.89
1974.27
2131.39
2079.25
2009.76
1704.76
1212.08
580.93
156.10
11.90
0.65
0.54
0.45
0.41
0.35
0.31
0.29
0.30
0.31
23.96
215.71
600.80
1038.93
1204.21
1205.34
1192.62
1265.50
1223.76
1044.99
801.75
659.71
376.70
117.89
8.22
0.59
0.48
0.39
0.37
0.32
0.29
0.30
0.29
0.32
16.39
168.08
461.22
806.04
1133.70
1353.36
1360.50
1299.81
1158.74
1145.14
782.07
581.70
281.29
91.93
4.25
0.73
0.65
0.51
0.48
0.45
0.39
0.40
0.39
0.41
7.49
89.16
289.07
509.97
866.57
1052.86
1301.52
1416.43
1420.25
1356.75
1065.93
773.08
408.99
102.42
4.04
0.58
0.48
0.40
0.37
0.32
0.26
0.23
0.22
0.23
14.16
192.80
619.43
1231.65
1743.00
2205.36
2294.40
2349.03
2358.98
2193.22
1796.13
1181.98
564.22
126.35
4.46
0.71
0.59
0.48
0.43
0.36
0.32
0.30
0.30
0.30
15.62
207.67
717.59
1375.19
1843.17
2245.81
2487.52
2488.03
2358.05
2119.27
1657.28
1045.55
399.21
66.85
1.15
0.71
0.61
0.53
0.47
0.42
0.37
0.35
0.34
0.34
7.19
120.30
388.85
786.00
995.51
1191.32
1293.25
1183.84
1301.15
1159.33
1055.74
654.20
416.83
97.76
3.50
0.60
0.50
0.41
0.39
0.33
0.30
0.29
0.27
0.33
10.58
167.98
644.03
1354.79
1973.89
2361.11
2515.63
2535.25
2519.74
2296.59
1873.71
1242.13
538.73
87.04
2.70
0.72
0.58
0.45
0.40
0.35
0.33
0.30
0.29
0.29
9.74
176.04
665.81
1318.37
1927.14
2308.94
2517.63
2531.74
2486.43
2294.76
1867.61
1224.07
520.57
82.19
1.62
0.66
0.54
0.47
0.45
0.35
0.31
0.30
0.29
0.35
8.49
144.76
582.32
1234.50
1818.38
2240.67
2456.47
2541.42
2456.96
2202.50
1777.89
1160.33
487.89
74.77
1.37
0.78
0.71
0.64
0.57
0.48
0.47
0.45
0.37
0.38
5.76
106.30
345.41
715.68
1228.81
1807.03
2237.19
2408.63
2346.45
2104.92
1738.80
1133.16
460.02
69.20
1.10
0.73
0.60
0.51
0.49
0.41
0.35
0.31
0.29
0.35
4.73
116.44
490.61
1034.55
1605.46
2087.78
2324.59
2416.78
2281.06
1900.04
1503.44
928.16
357.55
50.08
0.88
0.67
0.55
0.46
0.38
0.34
0.37
0.30
0.28
0.29
5.31
144.27
633.75
1279.07
1846.67
2235.12
2427.74
2469.21
2399.57
2077.45
1460.22
883.99
360.56
55.03
0.96
0.65
0.52
0.45
0.38
0.32
0.31
0.30
0.26
0.24
2.64
53.55
198.15
389.46
569.71
778.41
1100.91
1554.70
1807.57
1654.39
1302.02
746.10
270.29
38.41
0.64
0.53
0.42
0.37
0.31
0.27
0.23
0.23
0.22
0.26
1.42
69.78
280.12
609.25
1110.19
1412.61
1681.05
1900.87
1651.36
1425.26
1140.33
747.60
295.35
45.82
1.15
0.69
0.58
0.46
0.40
0.32
0.29
0.26
0.24
0.25
0.82
38.07
157.59
345.31
562.78
819.62
907.50
837.49
887.20
752.38
645.20
442.96
214.03
28.64
0.58
0.45
0.37
0.40
0.33
0.27
0.23
0.22
0.20
0.24
0.85
57.63
259.34
609.09
839.93
1097.31
1331.85
1759.61
1936.40
1713.44
1440.92
1018.42
408.73
36.79
0.83
0.71
0.61
0.55
0.47
0.46
0.41
0.35
0.34
0.36
2.54
124.27
482.30
934.58
1208.73
1382.95
1680.47
1818.40
1740.79
1474.27
1015.47
572.83
199.19
25.34
0.78
0.60
0.50
0.44
0.38
0.34
0.32
0.30
0.28
0.30
1.85
94.96
436.88
898.84
1450.44
1866.50
2118.71
2183.46
2112.94
2001.43
1602.17
955.48
319.71
26.92
0.76
0.62
0.52
0.49
0.40
0.38
0.35
0.34
0.29
0.28
1.31
90.63
363.26
781.11
1277.55
1646.35
1943.07
2090.56
1892.09
1557.64
1126.64
617.79
219.01
15.03
0.72
0.58
0.48
0.39
0.35
0.31
0.28
0.25
0.24
0.23
0.78
70.23
336.06
747.33
1156.79
1537.38
1786.88
1951.15
1775.95
1488.34
993.84
469.28
128.15
8.08
0.88
0.73
0.74
0.76
0.69
0.61
0.59
0.47
0.42
0.43
0.84
59.91
244.57
551.21
947.98
1047.11
819.21
498.66
329.57
365.69
447.14
391.90
162.02
17.81
0.60
0.51
0.43
0.49
0.53
0.72
0.52
0.51
0.39
0.35
0.63
61.03
269.37
500.98
823.98
1284.46
836.22
527.24
334.93
301.92
225.42
93.65
32.46
2.44
1.35
1.06
0.77
0.43
0.40
0.37
0.34
0.32
0.31
0.32
0.37
26.62
153.86
374.21
637.35
700.21
727.18
574.31
479.09
542.40
391.85
273.45
83.52
2.96
0.76
0.64
0.59
0.60
0.50
0.42
0.44
0.46
0.43
0.44
0.70
71.91
403.45
845.77
1284.84
1489.63
1265.52
1170.97
1057.13
740.78
379.32
214.42
78.70
2.20
0.70
0.53
0.48
0.37
0.36
0.31
0.25
0.27
0.26
0.27
0.43
19.77
181.23
622.45
869.10
1080.95
1151.73
1106.72
1065.09
985.51
767.80
533.59
164.18
4.91
0.71
0.53
0.48
0.44
0.40
0.33
0.29
0.26
0.23
0.21
0.28
34.63
164.09
475.33
850.56
1351.15
1592.14
1517.77
1562.20
1245.02
902.91
578.61
134.50
4.17
0.78
0.70
0.54
0.52
0.42
0.34
0.28
0.28
0.24
0.25
0.30
47.63
400.50
934.83
1400.01
1519.05
1486.21
1163.36
1135.62
1225.21
961.81
602.74
153.17
5.82
0.84
0.67
0.57
0.53
0.44
0.39
0.43
0.40
0.37
0.43
0.65
45.59
255.52
555.25
892.73
1089.74
1159.89
1315.21
1318.77
1011.03
678.44
395.40
107.01
3.06
0.93
0.66
0.52
0.43
0.37
0.34
0.30
0.29
0.27
0.26
0.30
50.05
269.06
688.90
1182.54
1553.11
1816.43
1645.82
1287.62
986.91
699.53
348.02
97.62
1.68
0.75
0.58
0.49
0.38
0.36
0.30
0.27
0.25
0.22
0.27
0.39
39.77
243.74
648.87
1130.68
1354.00
1516.08
1449.95
1136.19
981.66
817.25
492.22
108.75
1.40
0.85
0.70
0.64
0.52
0.55
0.50
0.41
0.38
0.40
0.40
0.46
27.68
191.07
462.57
896.67
1239.97
1297.77
1248.87
1090.02
754.48
432.03
153.91
31.23
0.88
0.66
0.54
0.43
0.38
0.33
0.30
0.31
0.29
0.26
0.30
0.43
5.40
64.88
193.40
358.05
468.93
600.02
576.21
397.20
349.60
283.80
204.18
61.02
1.04
0.55
0.44
0.42
0.35
0.34
0.30
0.33
0.30
0.29
0.29
0.30
29.16
306.67
814.52
1264.84
1550.59
1657.84
1546.40
1156.64
919.97
619.87
253.97
41.05
0.88
0.71
0.59
0.47
0.38
0.34
0.29
0.25
0.27
0.26
0.27
0.25
22.53
192.09
393.78
577.72
646.60
572.10
382.96
373.05
331.07
195.07
91.04
14.53
0.53
0.38
0.29
0.26
0.24
0.19
0.18
0.20
0.20
0.21
0.24
0.32
6.42
86.01
237.02
436.92
618.59
642.96
627.26
682.73
580.38
428.20
231.89
41.30
0.64
0.43
0.38
0.30
0.25
0.19
0.18
0.16
0.18
0.20
0.22
0.33
4.75
67.77
155.28
233.53
257.05
368.25
491.73
504.02
528.88
464.79
231.34
41.30
0.59
0.62
0.47
0.50
0.48
0.44
0.31
0.35
0.52
0.33
0.36
0.55
15.36
197.28
611.67
1128.15
1355.25
1480.56
1305.00
1080.46
616.39
362.62
138.94
19.17
1.13
1.04
0.85
0.79
0.78
0.85
0.92
0.76
0.61
0.38
0.41
0.37
14.53
241.59
749.00
1248.39
1448.55
1475.09
1549.30
1643.17
1412.62
905.23
335.12
31.21
1.01
0.69
0.55
0.47
0.42
0.36
0.35
0.29
0.29
0.35
0.49
0.79
2.50
34.28
89.92
170.43
260.12
369.44
454.89
390.70
365.39
270.27
110.36
15.51
1.15
1.07
1.12
1.06
1.00
0.94
0.80
0.67
0.50
0.52
0.41
0.35
8.67
147.26
374.00
510.64
559.21
653.14
883.46
910.08
755.62
498.90
166.33
17.06
0.65
0.50
0.39
0.29
0.25
0.21
0.19
0.17
0.17
0.19
0.20
0.20
11.04
257.91
871.60
1425.27
1653.92
1695.46
1407.17
1033.68
722.14
525.39
264.69
21.45
0.78
0.60
0.49
0.40
0.37
0.43
0.23
0.21
0.21
0.19
0.22
0.31
2.72
61.72
221.05
536.84
746.13
778.39
807.32
647.48
556.63
363.20
134.38
9.77
0.65
0.51
0.43
0.45
0.33
0.34
0.29
0.18
0.16
0.14
0.16
0.22
3.66
98.01
258.09
423.27
466.80
478.12
444.41
295.49
221.11
122.27
47.00
5.15
0.62
0.52
0.47
0.49
0.42
0.41
0.42
0.45
0.45
0.57
0.65
0.85
1.59
45.71
135.86
221.12
316.28
479.25
667.97
694.98
631.61
324.52
113.35
9.71
0.86
0.74
0.61
0.53
0.55
0.43
0.36
0.34
0.37
0.40
0.47
0.63
2.69
127.95
527.20
954.92
1297.47
1399.16
1343.10
1416.55
1148.60
700.51
221.19
14.50
0.96
0.67
0.56
0.47
0.37
0.35
0.30
0.26
0.23
0.25
0.28
0.40
0.87
36.37
109.32
157.70
156.33
160.74
156.53
150.45
143.24
101.58
50.61
3.16
0.65
0.49
0.36
0.36
0.32
0.33
0.29
0.24
0.27
0.34
0.40
0.54
2.74
139.59
457.82
881.94
1125.40
1040.53
1049.49
1077.56
888.92
503.00
127.43
7.55
1.34
1.20
1.06
0.88
0.72
0.83
0.77
0.78
0.78
0.61
0.48
0.46
2.22
93.29
341.23
735.68
1029.11
1086.08
1041.70
940.52
945.43
496.11
137.20
5.68
0.84
0.73
0.49
0.43
0.36
0.36
0.30
0.28
0.25
0.24
0.26
0.29
3.00
135.01
623.01
1160.14
1507.57
1548.20
1431.75
1439.46
1077.12
546.91
136.94
4.37
0.95
0.73
0.58
0.47
0.39
0.28
0.25
0.22
0.20
0.19
0.22
0.26
1.73
99.58
398.01
872.99
1272.54
1447.52
1390.95
1224.72
910.07
571.07
155.05
3.73
0.83
0.62
0.50
0.40
0.32
0.26
0.25
0.21
0.20
0.20
0.20
0.27
1.80
79.67
343.48
746.83
1069.71
1116.30
1164.97
1135.62
997.70
480.51
112.53
3.62
0.83
0.67
0.52
0.51
0.47
0.43
0.35
0.38
0.40
0.41
0.46
0.47
0.56
15.49
71.26
128.66
166.12
186.54
223.04
227.18
149.67
70.95
18.52
0.57
0.46
0.39
0.33
0.30
0.30
0.29
0.26
0.24
0.25
0.26
0.31
0.38
0.40
25.24
120.63
214.92
297.22
326.97
294.72
227.57
183.28
87.94
17.48
0.54
0.42
0.38
0.33
0.30
0.29
0.31
0.30
0.30
0.30
0.30
0.27
0.32
0.32
10.11
56.11
129.54
163.69
191.33
199.63
168.28
108.32
56.20
10.37
0.49
0.45
0.37
0.33
0.31
0.30
0.32
0.23
0.12
0.12
0.12
0.14
0.18
0.29
61.89
246.12
430.20
567.28
626.90
588.14
425.85
181.89
81.92
23.57
0.82
0.54
0.41
0.34
0.27
0.23
0.19
0.17
0.14
0.13
0.14
0.17
0.25
0.58
50.72
334.57
686.66
865.38
932.10
838.26
835.02
550.50
239.97
41.53
0.80
0.56
0.41
0.33
0.30
0.29
0.26
0.21
0.22
0.27
0.29
0.33
0.37
0.46
25.29
152.40
263.83
253.00
219.01
160.28
98.35
72.50
41.00
5.02
0.64
0.48
0.39
0.33
0.35
0.35
0.35
0.31
0.32
0.28
0.28
0.31
0.39
0.43
18.80
81.02
169.64
229.23
302.92
411.85
356.84
237.08
123.31
20.37
0.57
0.52
0.38
0.37
0.32
0.23
0.22
0.25
0.21
0.21
0.24
0.25
0.33
0.37
5.19
50.21
133.98
207.33
251.06
270.95
228.50
149.03
74.13
10.88
0.55
0.50
0.43
0.41
0.37
0.30
0.29
0.29
0.31
0.23
0.26
0.27
0.30
0.35
7.89
75.66
175.87
270.18
324.52
306.25
249.06
142.87
56.95
7.23
0.58
0.48
0.37
0.32
0.29
0.27
0.19
0.18
0.17
0.17
0.20
0.20
0.26
0.27
6.71
59.35
151.36
255.56
301.04
292.58
229.24
137.07
66.88
8.26
0.68
0.53
0.48
0.49
0.48
0.42
0.43
0.38
0.36
0.34
0.36
0.46
0.57
0.70
1.20
10.74
46.34
165.67
276.84
476.00
546.64
420.66
169.03
27.28
0.65
0.51
0.41
0.37
0.33
0.23
0.21
0.19
0.16
0.19
0.23
0.34
0.49
0.66
13.18
170.03
462.99
704.21
800.33
842.56
752.28
556.95
246.31
28.43
0.91
0.79
0.58
0.42
0.33
0.25
0.21
0.21
0.18
0.16
0.16
0.18
0.27
0.39
2.84
42.98
108.82
171.20
223.59
246.97
350.65
330.04
183.70
28.80
0.58
0.61
0.41
0.23
0.19
0.18
0.14
0.15
0.13
0.12
0.11
0.15
0.20
0.30
20.24
174.93
308.64
351.68
372.11
360.47
238.36
112.10
36.89
4.63
0.84
0.65
0.63
0.56
0.53
0.42
0.43
0.54
0.50
0.42
0.34
0.31
0.33
0.42
16.52
156.68
285.48
347.46
294.83
202.87
140.98
146.00
144.91
27.19
1.04
0.93
0.77
0.78
0.71
0.65
0.62
0.60
0.38
0.36
0.35
0.43
0.49
0.58
8.91
130.72
325.30
448.76
489.51
338.98
241.10
163.44
82.48
10.86
0.85
0.84
0.71
0.63
0.53
0.41
0.41
0.33
0.32
0.37
0.37
0.43
0.41
0.43
3.04
72.66
195.35
322.29
312.48
275.52
207.29
150.18
58.84
6.97
0.65
0.63
0.54
0.47
0.42
0.41
0.38
0.33
0.27
0.24
0.22
0.20
0.21
0.27
1.47
38.96
145.99
238.93
317.79
294.80
226.44
145.08
66.66
4.62
0.52
0.42
0.32
0.26
0.23
0.22
0.17
0.16
0.12
0.13
0.17
0.16
0.22
0.28
3.05
97.01
334.93
566.19
705.11
686.98
575.14
342.96
128.55
10.96
0.86
0.69
0.48
0.38
0.30
0.30
0.30
0.29
0.27
0.29
0.21
0.24
0.27
0.45
5.22
111.31
308.20
424.82
519.41
460.68
403.66
285.26
72.23
7.53
0.89
0.82
0.51
0.40
0.44
0.27
0.24
0.22
0.24
0.25
0.23
0.17
0.21
0.36
2.68
104.29
305.01
569.33
814.89
784.69
674.56
337.48
103.41
4.73
1.02
0.96
0.82
0.84
0.79
0.76
0.77
0.72
0.59
0.57
0.48
0.42
0.30
0.28
0.43
25.89
85.99
137.99
200.89
242.30
235.90
207.70
82.76
5.16
0.54
0.45
0.34
0.29
0.23
0.20
0.23
0.28
0.25
0.17
0.16
0.19
0.23
0.35
1.69
50.56
200.02
306.15
382.20
385.82
344.31
208.75
76.55
3.60
0.57
0.50
0.37
0.25
0.19
0.18
0.17
0.13
0.13
0.11
0.11
0.11
0.15
0.20
0.99
53.65
170.19
308.25
393.55
331.95
267.71
209.20
86.03
3.71
0.46
0.36
0.27
0.21
0.18
0.14
0.12
0.12
0.13
0.10
0.10
0.10
0.14
0.20
2.07
46.24
150.56
281.99
369.35
439.35
350.89
224.24
90.32
6.37
0.48
0.39
0.26
0.20
0.17
0.17
0.15
0.14
0.12
0.12
0.11
0.12
0.14
0.22
1.22
41.50
169.61
321.94
414.69
434.13
431.81
172.48
31.83
0.78
1.16
0.82
0.78
0.58
0.37
0.27
0.24
0.29
0.26
0.29
0.27
0.37
0.45
0.71
0.60
18.57
78.93
142.11
190.75
200.92
137.31
60.82
20.02
1.10
0.54
0.56
0.41
0.38
0.35
0.26
0.23
0.23
0.19
0.17
0.16
0.16
0.21
0.34
0.60
39.89
183.59
303.89
356.96
296.99
193.02
93.82
28.23
1.59
0.70
0.59
0.53
0.44
0.46
0.47
0.57
0.55
0.69
0.64
0.58
0.55
0.44
0.48
0.61
19.86
113.00
207.33
212.04
228.86
153.72
91.27
39.39
0.94
0.62
0.57
0.40
0.31
0.30
0.29
0.26
0.21
0.18
0.20
0.21
0.18
0.23
0.32
0.61
30.91
115.85
235.21
256.62
267.83
209.01
123.06
39.48
1.73
0.46
0.39
0.27
0.27
0.27
0.22
0.21
0.20
0.16
0.12
0.11
0.11
0.16
0.22
1.24
74.25
271.73
513.41
702.84
656.65
452.39
239.52
40.06
0.65
0.80
0.73
0.62
0.50
0.43
0.49
0.56
0.62
0.58
0.53
0.47
0.44
0.39
0.37
0.33
3.28
23.84
63.61
99.86
117.62
98.65
64.94
21.56
0.42
0.51
0.49
0.39
0.30
0.28
0.21
0.18
0.19
0.21
0.18
0.16
0.14
0.18
0.25
0.27
11.68
69.29
118.17
162.48
160.71
125.97
74.14
16.00
0.44
0.55
0.54
0.44
0.39
0.33
0.29
0.31
0.29
0.25
0.28
0.21
0.17
0.20
0.30
0.41
14.81
96.22
200.52
279.72
302.69
337.24
226.04
50.96
0.73
0.53
0.44
0.32
0.22
0.24
0.19
0.16
0.15
0.13
0.13
0.13
0.15
0.24
0.28
1.61
19.88
63.46
120.67
184.13
140.38
79.18
44.69
12.47
1.02
1.22
1.21
1.05
0.95
0.71
0.85
0.86
0.76
0.83
0.83
0.89
0.94
0.96
1.05
1.10
11.69
66.83
118.56
156.87
185.99
157.20
95.21
25.57
1.09
1.21
1.23
1.11
0.98
0.71
0.59
0.74
0.68
0.69
0.54
0.24
0.24
0.27
0.36
0.49
31.07
189.20
386.16
450.70
391.94
279.66
183.63
41.55
0.69
0.62
0.55
0.39
0.31
0.30
0.26
0.22
0.22
0.19
0.19
0.17
0.14
0.17
0.25
0.31
34.64
242.20
540.74
704.27
668.10
489.43
309.31
70.49
0.87
0.62
0.53
0.38
0.26
0.22
0.20
0.16
0.15
0.14
0.12
0.11
0.12
0.15
0.22
0.31
28.65
148.41
280.94
256.77
240.71
187.38
87.56
15.50
0.25
0.43
0.35
0.25
0.18
0.15
0.14
0.12
0.14
0.13
0.12
0.12
0.13
0.19
0.29
0.40
16.42
115.65
266.36
436.51
422.65
237.73
103.46
19.76
0.48
0.63
0.54
0.36
0.28
0.21
0.18
0.16
0.16
0.15
0.14
0.15
0.16
0.22
0.32
0.35
22.12
183.15
388.32
586.36
523.56
359.10
176.57
26.83
0.39
0.57
0.47
0.31
0.25
0.24
0.20
0.18
0.18
0.15
0.14
0.16
0.16
0.19
0.26
0.28
7.10
100.80
246.97
354.12
365.07
305.83
157.50
31.88
0.61
0.68
0.58
0.44
0.45
0.37
0.32
0.31
0.32
0.31
0.22
0.20
0.19
0.19
0.26
0.28
2.78
32.15
71.32
93.04
95.36
84.83
59.60
11.35
0.30
0.47
0.38
0.27
0.22
0.20
0.18
0.17
0.16
0.12
0.11
0.11
0.13
0.18
0.30
0.36
1.67
22.36
52.43
95.79
116.55
108.05
58.80
9.13
0.31
0.43
0.36
0.23
0.18
0.17
0.15
0.14
0.14
0.12
0.11
0.10
0.12
0.14
0.22
0.24
2.39
19.97
63.01
107.06
130.77
132.64
60.85
9.08
0.24
0.38
0.31
0.23
0.18
0.15
0.15
0.13
0.15
0.13
0.13
0.13
0.14
0.15
0.21
0.23
1.70
14.55
31.75
47.33
55.27
58.45
38.27
10.25
0.26
0.41
0.31
0.23
0.19
0.15
0.13
0.12
0.14
0.13
0.12
0.12
0.13
0.17
0.28
0.34
2.38
20.15
48.71
77.48
73.44
52.57
26.84
3.67
0.43
0.54
0.44
0.38
0.37
0.36
0.30
0.31
0.30
0.28
0.28
0.24
0.28
0.28
0.52
0.49
1.68
29.19
81.95
129.92
140.05
114.38
62.93
12.50
0.51
0.69
0.68
0.49
0.45
0.39
0.35
0.34
0.28
0.29
0.29
0.27
0.24
0.26
0.36
0.40
1.00
12.13
34.12
53.22
64.69
46.49
23.68
3.34
0.42
0.68
0.50
0.53
0.31
0.28
0.27
0.25
0.22
0.21
0.23
0.22
0.25
0.29
0.36
0.46
0.73
9.88
30.42
53.99
62.66
55.13
32.83
4.77
0.55
0.53
0.40
0.31
0.23
0.19
0.21
0.19
0.22
0.21
0.21
0.25
0.30
0.41
0.46
0.63
1.30
19.92
52.01
72.51
76.47
64.13
33.03
9.79
0.51
0.49
0.43
0.38
0.36
0.21
0.16
0.16
0.19
0.15
0.16
0.16
0.19
0.22
0.27
0.30
0.60
15.07
52.45
79.78
86.89
69.32
42.29
5.76
0.52
0.70
0.71
0.51
0.53
0.57
0.56
0.53
0.57
0.60
0.62
0.58
0.54
0.51
0.43
0.41
0.89
17.68
54.88
86.74
90.89
51.29
24.52
4.74
0.35
0.54
0.47
0.30
0.22
0.17
0.17
0.18
0.16
0.13
0.11
0.13
0.23
0.17
0.28
0.33
1.94
34.22
75.63
103.54
101.94
69.45
38.13
10.03
0.30
0.49
0.45
0.32
0.28
0.21
0.23
0.19
0.18
0.19
0.11
0.10
0.12
0.17
0.35
0.52
1.19
22.01
61.81
84.73
96.32
80.81
38.38
3.18
0.36
0.58
0.56
0.48
0.41
0.37
0.34
0.39
0.47
0.49
0.45
0.63
0.58
0.62
0.73
0.70
0.90
18.25
53.15
82.49
92.06
72.79
38.85
8.56
0.71
0.93
0.81
0.65
0.44
0.38
0.46
0.33
0.32
0.27
0.27
0.26
0.27
0.29
0.31
0.38
1.46
32.03
93.17
151.65
169.52
133.44
68.23
11.64
0.43
0.47
0.44
0.40
0.26
0.32
0.29
0.29
0.28
0.28
0.23
0.22
0.21
0.24
0.36
0.36
2.87
59.45
119.74
171.87
196.09
220.70
145.00
25.07
0.46
0.65
0.48
0.40
0.39
0.32
0.37
0.31
0.27
0.26
0.30
0.31
0.36
0.40
0.56
0.58
2.25
20.86
67.50
122.72
158.65
125.87
65.51
10.24
0.79
0.84
0.82
0.80
0.72
0.73
0.71
0.65
0.59
0.46
0.37
0.44
0.44
0.50
0.59
0.71
0.83
14.25
41.73
55.21
49.92
38.58
17.42
2.50
1.00
1.04
1.00
0.93
0.80
0.73
0.68
0.71
0.71
0.68
0.60
0.64
0.72
0.55
0.57
0.57
0.64
12.46
38.33
63.97
66.23
44.00
18.92
2.58
0.82
0.96
1.01
0.94
0.87
0.88
0.86
0.80
0.74
0.72
0.55
0.54
0.50
0.52
0.49
0.53
0.58
18.73
80.41
125.19
142.90
111.82
56.31
11.28
0.36
0.52
0.42
0.39
0.34
0.29
0.30
0.25
0.32
0.25
0.33
0.33
0.41
0.44
0.67
0.59
1.41
47.16
152.86
303.09
363.82
316.20
150.64
21.53
0.82
1.09
0.72
0.57
0.47
0.36
0.31
0.35
0.31
0.20
0.17
0.19
0.27
0.50
0.77
0.86
0.99
10.21
49.09
108.13
168.29
170.98
129.75
27.14
0.88
1.00
1.02
0.90
0.82
0.78
0.77
0.79
0.86
0.76
0.82
0.82
0.85
0.88
1.00
1.09
3.35
80.19
291.37
438.55
519.61
409.80
202.84
31.98
0.86
0.95
0.83
0.49
0.36
0.31
0.32
0.31
0.30
0.38
0.54
0.52
0.47
0.55
0.55
0.53
3.78
63.92
192.43
314.56
323.72
318.07
184.58
34.17
0.47
0.63
0.53
0.38
0.29
0.24
0.18
0.16
0.16
0.14
0.16
0.19
0.18
0.20
0.25
0.39
0.62
12.92
41.72
52.68
50.79
47.90
27.38
6.71
0.87
1.07
1.04
0.91
0.87
0.84
0.84
0.84
0.82
0.82
0.84
0.82
0.76
0.77
1.00
1.17
3.62
74.33
237.29
332.88
418.98
318.93
183.32
25.65
0.69
0.75
0.57
0.43
0.28
0.28
0.34
0.46
0.50
0.55
0.62
0.60
0.61
0.76
0.78
0.63
1.69
32.65
143.25
203.55
294.63
276.68
162.29
34.34
0.62
0.86
0.76
0.67
0.65
0.56
0.37
0.38
0.43
0.36
0.34
0.24
0.21
0.23
0.37
0.34
5.11
87.09
209.64
294.81
276.79
173.95
73.20
8.93
0.64
1.01
1.09
1.10
0.96
0.75
0.61
0.58
0.77
0.79
0.76
0.71
0.70
0.78
0.89
0.93
1.46
31.14
78.01
153.39
201.34
155.88
66.11
13.14
0.87
1.07
1.00
0.90
0.84
0.88
0.90
0.83
0.73
0.59
0.54
0.60
0.64
0.73
0.84
0.91
1.49
38.08
141.46
229.80
261.15
188.99
91.05
15.07
0.94
1.02
0.78
0.74
0.50
0.55
0.59
0.45
0.25
0.27
0.22
0.21
0.26
0.24
0.34
0.34
2.34
69.05
248.33
383.85
404.24
272.54
131.37
22.63
0.60
0.66
0.54
0.44
0.36
0.24
0.23
0.17
0.17
0.19
0.18
0.20
0.23
0.22
0.35
0.37
0.75
23.99
80.47
118.57
117.61
87.43
46.13
8.75
0.50
0.72
0.54
0.43
0.33
0.30
0.28
0.30
0.27
