0.52
0.47
0.48
0.77
0.57
0.67
0.66
0.67
4.77
23.24
43.19
39.36
34.64
20.85
7.35
0.82
1.31
1.05
0.91
0.72
0.60
0.64
0.54
0.58
0.58
0.52
0.50
0.42
0.50
0.65
0.70
3.52
111.82
421.95
753.91
827.06
609.34
323.84
62.65
1.43
1.74
1.28
0.84
0.62
0.49
0.40
0.34
0.35
0.36
0.32
0.39
0.44
0.59
0.81
0.84
1.83
25.95
157.22
344.76
476.29
503.51
308.44
55.13
1.19
1.44
1.12
0.77
0.63
0.50
0.48
0.41
0.41
0.33
0.38
0.42
0.44
0.45
0.57
0.69
2.92
47.54
146.08
251.77
249.39
225.77
125.78
34.71
0.81
1.13
0.91
0.68
0.50
0.41
0.37
0.28
0.26
0.32
0.31
0.41
0.36
0.46
0.57
0.58
1.26
19.48
52.22
90.48
94.44
88.04
56.90
13.18
0.68
1.15
0.95
0.71
0.68
0.54
0.57
0.45
0.49
0.52
0.62
0.42
0.47
0.61
0.78
0.88
0.93
9.91
51.30
103.16
134.31
105.20
45.78
8.66
1.03
1.41
1.24
0.98
0.71
0.61
0.57
0.91
0.58
0.60
0.54
0.48
0.55
0.68
0.96
1.03
4.55
69.17
192.32
325.36
467.26
408.61
237.16
60.94
2.16
1.65
1.34
1.07
0.86
0.75
0.68
0.75
0.66
0.63
0.64
0.64
0.65
0.69
0.83
1.00
2.87
61.31
207.47
345.30
346.19
335.42
200.47
60.87
1.45
1.49
1.16
0.96
0.79
0.70
0.60
0.52
1.02
1.15
0.59
0.47
0.60
0.62
0.83
0.89
2.72
81.69
259.63
407.19
502.59
502.88
308.09
78.60
2.34
1.48
1.21
0.88
0.70
0.62
0.58
0.58
1.09
0.53
0.49
0.71
0.59
0.56
0.74
0.79
2.85
80.03
246.00
408.47
495.44
452.36
330.36
102.58
3.01
1.36
1.08
0.75
0.58
0.45
0.41
0.36
0.36
0.31
0.30
0.33
0.39
0.54
0.68
0.77
3.36
104.43
425.71
699.16
812.92
804.38
534.94
151.09
5.20
1.49
1.22
0.86
0.64
0.53
0.42
0.35
0.29
0.36
0.28
0.29
0.35
0.40
0.55
0.59
9.08
183.20
615.94
989.38
1094.48
990.02
630.46
196.82
7.81
1.51
1.30
0.87
0.66
4.85
2.93
0.42
0.33
0.35
0.31
0.34
0.63
0.52
0.72
0.95
8.19
110.50
210.54
228.79
226.85
184.23
123.99
53.10
1.78
1.36
1.10
0.78
0.62
0.50
0.48
0.51
0.50
0.55
0.46
0.42
0.49
0.57
0.92
1.12
1.63
17.38
52.04
87.89
127.38
170.37
162.04
56.78
2.56
1.48
1.12
0.82
0.68
0.49
0.39
0.37
0.29
0.33
0.42
0.42
0.45
0.56
0.70
0.80
14.56
130.54
377.99
524.53
547.95
451.16
322.39
119.64
6.15
2.79
1.48
1.04
0.82
0.60
0.53
0.53
0.52
0.61
0.40
0.43
0.46
0.55
0.71
1.05
2.67
38.53
119.61
188.00
235.15
225.26
154.08
51.09
3.37
1.48
1.20
0.92
0.69
0.54
0.48
0.40
0.39
0.38
0.46
0.41
0.49
0.53
0.77
1.01
1.69
27.48
83.06
134.20
146.14
137.08
91.72
29.46
1.51
1.34
1.15
0.86
0.69
0.53
0.46
0.40
0.34
0.33
0.29
0.34
0.34
0.42
0.57
0.64
1.40
24.24
76.93
112.77
127.30
116.84
81.47
31.06
1.69
1.16
1.06
0.90
0.71
0.52
0.45
0.36
0.33
0.41
0.42
0.41
0.42
0.52
0.63
0.60
6.04
103.92
315.62
522.72
729.16
780.26
601.06
234.23
16.03
1.23
1.11
0.79
0.58
0.45
0.40
0.35
0.31
0.31
0.25
0.26
0.36
0.48
0.77
0.83
13.94
159.82
422.63
547.87
554.57
444.45
219.18
58.66
3.08
5.33
2.38
1.03
0.72
0.57
0.53
0.37
0.30
0.46
0.38
0.38
0.32
0.47
0.66
0.80
3.02
33.88
86.46
120.53
126.40
96.22
68.38
28.37
2.44
1.58
1.11
0.78
0.56
0.42
0.36
0.31
0.29
0.38
0.51
0.23
0.28
0.41
0.91
1.02
4.00
65.17
159.13
280.87
320.72
278.66
197.48
75.04
5.72
1.47
1.11
0.85
0.66
0.53
0.50
0.54
0.45
0.45
0.37
0.35
0.33
0.47
0.70
0.90
1.61
18.14
65.82
142.32
266.92
342.79
254.09
118.29
15.03
1.37
1.09
0.81
0.67
0.50
0.43
0.37
0.41
0.34
0.30
0.30
0.30
0.43
0.70
0.93
11.33
110.77
201.71
245.35
181.26
97.23
68.90
23.70
1.35
1.44
1.20
0.95
0.73
0.59
0.49
0.44
0.44
0.42
0.37
0.44
0.40
0.47
0.58
0.67
3.69
50.65
138.51
255.40
250.68
318.59
288.15
164.33
28.96
1.28
1.13
0.83
0.61
0.47
0.37
0.29
0.25
0.23
0.23
0.26
0.32
0.45
0.49
0.57
4.67
67.03
216.64
371.51
446.73
336.98
350.64
197.54
34.50
1.25
0.98
0.71
0.54
0.40
0.37
0.33
0.34
0.29
0.33
0.42
0.41
0.55
0.75
0.91
2.12
25.11
69.07
191.03
348.71
484.78
486.52
270.26
35.22
1.52
1.23
0.92
0.73
0.55
0.43
0.38
0.33
0.33
0.28
0.29
0.35
0.39
0.59
0.72
21.59
207.61
555.67
836.34
967.87
864.56
610.14
263.16
33.66
1.85
1.45
1.09
0.85
0.61
0.52
0.44
0.33
0.34
0.33
0.37
0.30
0.43
0.68
0.89
14.55
116.31
258.65
396.28
353.84
273.21
160.60
48.20
5.03
1.43
1.18
0.81
0.62
0.48
0.43
0.46
0.45
0.41
0.35
0.41
0.44
0.56
0.80
1.00
13.62
145.70
332.05
533.49
556.49
473.10
368.09
194.76
40.80
1.82
1.29
0.93
0.87
0.64
0.53
0.47
0.43
0.44
0.44
0.42
0.48
0.50
0.75
0.90
18.28
155.96
353.18
524.59
627.94
587.98
442.92
240.81
40.32
1.54
1.33
1.00
0.77
0.64
0.48
0.42
0.34
0.28
0.30
0.27
0.28
0.34
0.56
0.57
34.21
265.19
618.27
887.74
869.77
772.49
610.81
341.09
65.27
1.51
1.21
0.85
0.64
0.54
0.46
0.37
0.34
0.33
0.32
0.31
0.35
0.41
0.56
0.72
14.98
96.85
238.96
338.26
395.05
387.14
275.44
149.46
38.28
1.21
1.04
0.79
0.58
0.45
0.40
0.34
0.30
0.33
0.26
0.28
0.32
0.41
0.95
0.97
30.15
197.43
424.99
577.36
600.46
535.47
364.97
186.21
37.09
1.65
3.47
5.01
0.73
0.50
0.47
0.42
0.41
0.33
0.29
0.30
0.33
0.43
0.82
1.06
24.44
106.04
216.57
337.22
409.40
343.62
226.84
120.41
29.76
3.63
3.38
3.07
2.92
2.95
2.83
2.80
4.98
6.97
7.24
5.01
4.89
5.11
5.36
5.40
37.43
346.18
850.24
1110.90
1189.21
1112.34
893.63
503.02
111.12
3.98
2.94
2.32
2.04
1.59
1.33
1.13
1.10
1.19
1.32
1.49
2.04
2.14
2.49
3.26
90.06
552.20
1127.21
1504.23
1668.80
1586.67
1283.11
744.53
160.27
5.04
2.76
2.53
3.32
2.65
2.74
2.88
3.11
3.02
3.20
3.81
3.77
3.33
3.02
3.07
44.26
282.87
540.83
548.97
523.69
463.23
364.02
210.55
60.66
4.76
4.79
3.98
4.71
4.98
3.63
4.09
4.17
4.25
5.32
4.50
3.25
2.57
3.13
4.49
25.03
107.40
186.54
247.24
317.76
308.75
295.78
166.29
48.26
6.12
5.56
4.52
3.05
2.74
2.53
3.01
2.86
2.53
2.85
2.86
2.41
2.46
3.36
4.98
37.14
140.16
240.19
286.17
288.41
260.08
202.37
122.63
31.74
6.41
5.88
4.88
5.75
6.54
6.36
5.76
5.22
5.62
4.66
3.85
4.25
5.65
5.70
4.55
14.49
58.97
105.93
149.34
160.49
176.11
160.70
111.59
40.97
8.33
7.91
7.76
7.59
7.41
6.96
7.29
7.23
7.23
6.39
5.81
6.88
6.84
6.69
7.92
98.63
426.83
891.29
1246.86
1485.73
1485.34
1154.27
612.13
173.17
17.51
9.04
8.10
6.64
7.12
8.68
7.21
6.36
5.64
6.05
6.73
8.03
7.56
8.55
8.81
73.66
248.22
414.62
556.20
742.98
736.63
607.48
334.53
98.28
8.97
5.85
5.02
4.29
3.82
4.20
3.49
3.49
3.21
3.95
3.75
3.87
4.77
6.29
5.20
15.67
60.94
134.55
231.30
351.27
349.52
325.69
202.54
60.88
7.61
4.77
2.56
2.27
2.02
0.90
0.86
0.99
0.63
0.73
0.48
0.27
0.42
0.65
2.93
80.65
337.43
701.59
921.39
1031.83
879.70
734.81
392.28
119.78
6.31
1.63
1.04
0.74
0.55
0.50
0.77
0.91
0.93
0.88
1.46
0.47
0.46
1.07
6.10
149.20
524.47
807.42
952.03
839.09
638.53
389.36
206.16
73.80
9.11
8.90
11.65
11.93
11.59
9.29
9.58
9.36
8.43
6.83
5.39
4.98
3.29
2.99
9.59
236.29
825.28
1537.03
2039.11
2252.37
2181.10
1830.37
1171.87
411.24
23.67
1.87
1.30
0.92
0.68
0.53
0.48
0.41
0.37
0.47
0.42
0.42
0.51
0.79
12.51
309.94
987.69
1689.69
2131.96
2260.01
2137.74
1738.33
1092.91
385.04
28.17
5.29
3.78
1.56
1.34
1.25
1.13
1.87
2.18
2.69
2.44
1.78
3.33
3.28
16.34
325.36
1033.09
1706.74
2070.19
2167.36
2073.36
1781.87
1173.95
441.60
31.33
2.01
1.41
1.05
0.94
1.23
1.01
1.37
1.71
1.64
1.17
1.75
3.24
4.60
17.52
309.61
996.57
1714.68
2193.83
2401.74
2338.39
1885.23
1316.87
493.72
30.98
7.10
6.48
3.72
3.57
3.38
3.35
3.61
4.14
4.26
3.35
3.12
3.23
5.19
30.78
319.89
834.17
1489.95
1678.17
1851.26
1508.22
951.48
516.59
163.41
20.55
13.88
14.97
14.35
13.95
14.05
14.27
11.16
10.57
7.23
5.05
3.80
3.16
4.18
6.11
50.92
131.41
236.75
315.19
315.30
297.17
274.49
254.68
112.61
22.59
10.03
11.45
11.83
13.63
13.80
13.88
13.97
13.70
12.45
9.85
9.23
7.38
5.42
29.37
214.10
579.33
933.53
1002.95
872.71
668.64
461.22
251.50
73.37
14.45
7.27
4.11
2.09
1.20
1.22
1.25
1.55
1.16
0.86
1.20
2.02
1.75
1.78
10.06
134.81
394.53
738.86
1133.49
1351.51
1269.97
992.47
562.81
142.50
22.56
13.37
14.33
13.84
13.76
14.29
14.33
14.36
14.31
14.37
14.17
14.23
12.08
12.36
25.23
153.20
292.93
384.85
419.30
401.12
335.90
216.02
127.02
52.27
10.20
5.41
3.62
3.14
3.58
4.41
5.58
4.11
2.71
1.74
1.27
1.84
2.73
2.45
8.33
90.44
247.59
451.07
661.31
796.83
724.29
469.83
234.15
110.42
27.95
5.38
8.38
3.58
2.91
2.21
2.32
2.17
3.60
2.97
2.30
1.94
2.44
5.86
13.94
105.27
261.40
442.73
650.41
917.45
1020.44
952.15
649.05
315.81
48.02
2.43
2.39
2.81
2.10
1.52
0.94
0.56
0.44
0.32
0.52
0.50
0.93
1.15
15.14
159.72
341.27
502.67
612.06
722.65
682.28
586.80
442.20
211.23
31.26
2.14
1.96
1.44
1.02
1.70
1.40
1.02
0.39
0.36
0.35
0.44
0.48
0.73
13.89
127.10
331.69
568.45
1002.13
1317.64
1401.69
1269.92
930.27
488.14
84.98
1.77
1.78
2.07
0.84
0.56
0.64
1.02
0.73
0.69
1.35
1.46
1.71
1.74
33.09
204.67
516.11
815.31
1205.40
1568.73
1743.42
1594.00
1063.86
481.61
74.99
6.64
6.60
6.56
6.99
7.29
6.56
6.59
4.02
3.77
4.80
3.20
4.33
5.05
52.48
351.39
876.55
1456.96
1743.25
1546.35
1166.73
1004.79
715.27
382.12
111.54
14.25
13.44
12.96
10.72
11.85
13.87
13.20
9.34
10.66
11.09
11.30
8.82
8.69
54.83
294.87
521.72
931.93
1213.76
1321.68
1219.90
1128.97
724.76
350.37
68.15
10.07
9.87
12.04
10.08
9.10
10.11
10.92
9.80
8.48
10.34
9.64
9.15
9.77
55.03
253.85
500.96
637.32
922.21
1105.37
1146.66
1083.15
737.29
377.56
100.21
16.01
14.99
14.84
14.80
14.66
14.42
14.57
14.38
14.27
14.43
14.45
14.29
14.75
65.21
234.96
560.28
831.65
1025.11
758.43
779.00
1073.15
902.23
517.37
153.31
13.59
13.82
14.68
14.60
14.29
13.80
10.29
9.81
10.08
9.54
9.93
9.90
10.04
142.00
732.45
1511.53
2136.63
2438.08
2120.63
2141.36
2170.68
1623.55
839.85
169.66
9.27
6.00
4.86
5.66
4.84
5.70
5.71
5.37
5.88
7.16
6.71
5.41
7.07
176.82
693.88
1380.65
1990.16
2318.81
2118.53
1917.53
1751.01
1275.43
540.52
133.03
7.06
4.93
3.96
3.38
2.26
0.91
0.72
0.87
0.62
0.45
0.53
0.92
2.75
146.84
648.59
1304.19
1925.81
2182.62
1936.32
1929.84
1656.95
1421.22
804.94
181.02
7.32
1.83
1.63
1.44
1.61
1.70
1.70
1.31
1.03
1.06
0.99
1.55
4.93
165.94
669.18
1359.66
1937.64
1887.43
1600.86
1510.61
1668.96
1418.28
785.00
211.24
8.45
4.13
4.03
3.10
3.22
2.85
2.34
2.51
2.53
2.23
1.75
1.72
5.28
146.38
577.03
1154.70
1676.97
2067.76
2298.30
2243.25
1951.00
1412.69
656.35
131.47
5.11
2.11
1.38
0.95
0.72
0.57
0.53
0.47
0.37
0.55
1.01
1.05
1.36
28.01
88.11
180.55
255.83
320.14
311.97
299.59
230.39
180.20
90.73
28.99
3.98
2.86
3.61
2.12
0.41
0.34
0.34
0.46
0.62
0.73
0.80
0.91
3.16
66.16
263.91
546.18
692.98
886.41
979.66
1084.14
1025.30
627.22
324.96
106.28
10.52
6.86
5.62
4.85
4.20
5.23
5.43
8.31
6.84
8.11
4.55
3.07
7.20
117.35
327.24
549.16
888.17
956.15
1043.18
860.89
741.23
580.53
353.57
100.45
11.74
7.77
7.72
4.47
3.81
3.76
5.14
3.39
2.21
1.62
2.12
2.43
8.26
212.73
713.33
1275.33
1867.05
2077.69
2164.39
2217.44
2050.19
1627.40
1030.56
331.29
18.22
3.79
2.44
1.95
1.64
1.34
2.03
1.84
1.88
1.88
1.95
2.35
19.13
386.84
1177.99
1968.39
2498.76
2684.74
2736.62
2645.23
2323.49
1863.11
1103.43
352.21
26.13
9.37
7.80
8.98
8.51
8.09
7.52
7.53
7.54
7.91
8.09
9.39
21.67
237.09
625.11
1147.45
1548.46
1707.34
1601.25
1626.41
1717.29
1497.37
957.84
342.37
29.45
9.60
6.93
8.33
6.52
4.13
3.55
3.81
3.16
3.52
3.51
2.86
32.83
468.03
1294.29
2170.70
2750.10
2962.90
3116.35
3047.19
2728.09
2122.25
1294.83
455.13
43.71
13.18
13.26
13.73
11.29
9.94
9.81
9.50
9.83
10.47
8.49
8.27
30.21
316.74
820.66
1267.51
1446.98
1257.71
1073.18
1209.12
1237.50
836.57
497.21
179.68
20.06
8.22
8.18
7.30
6.17
6.28
4.98
5.26
5.09
4.63
4.69
4.42
28.46
371.51
1196.24
2076.52
2747.29
2772.23
2413.07
2588.98
2412.51
2259.41
1417.85
476.96
32.57
2.91
1.76
1.22
0.96
1.27
1.91
1.97
1.94
1.98
2.09
1.85
42.48
389.38
1078.98
1860.40
2337.66
2720.07
2619.37
2610.43
2523.72
2060.53
1260.30
417.23
33.98
3.50
2.92
2.01
1.24
1.12
1.81
1.96
1.55
1.16
1.33
1.83
40.95
435.00
1220.16
2119.53
2796.36
3135.93
2317.87
2389.25
2196.82
1996.06
1294.35
449.14
46.68
7.50
9.55
13.16
13.20
12.25
11.87
11.16
10.17
10.21
12.40
13.32
53.62
443.52
1312.91
1820.49
2184.72
1784.65
1585.38
1594.88
1488.14
1788.35
1194.54
512.91
56.32
16.06
15.01
14.41
13.91
12.68
12.78
12.73
12.11
12.81
13.00
14.22
50.88
349.50
929.73
1582.66
2005.16
2011.80
1978.66
2031.68
1867.99
1383.08
859.85
269.29
33.51
10.56
8.64
7.44
7.26
7.22
3.96
1.49
1.66
1.18
2.14
3.07
41.83
356.43
1017.05
1766.49
2317.23
2749.76
2900.17
2722.36
2450.49
1935.38
1206.58
430.52
41.99
2.33
2.28
2.32
3.66
3.73
3.60
3.32
4.23
4.35
6.42
8.27
31.93
151.32
331.77
493.14
734.69
867.62
908.66
887.66
667.81
493.67
292.10
135.08
26.97
8.82
10.15
9.36
11.10
9.89
12.11
10.53
9.50
9.99
10.22
9.85
67.65
482.60
1263.42
2075.15
2583.05
2967.96
3071.25
2951.07
2805.01
2145.09
1302.24
433.54
53.05
6.02
4.59
6.35
7.34
9.58
10.34
9.69
7.27
9.67
7.04
10.65
47.35
233.41
515.58
824.50
1277.07
1517.71
1679.26
1675.97
1516.16
1212.99
871.01
365.43
52.64
9.89
10.06
9.25
10.24
11.19
10.44
10.64
11.71
9.57
9.93
10.80
101.72
516.63
1104.85
1572.62
1833.42
2001.56
1934.08
1755.77
1587.36
1354.63
804.46
265.84
32.82
5.77
4.45
4.21
4.44
4.34
2.70
2.81
2.20
2.24
3.04
4.04
85.18
464.74
1203.77
1906.83
2203.99
2341.30
2278.97
2139.36
1876.08
1768.13
1303.49
473.96
74.69
7.87
8.33
9.87
12.07
14.05
13.31
8.18
11.12
13.68
11.08
8.56
30.45
155.60
389.38
511.96
632.08
827.38
875.96
788.63
593.30
685.94
539.15
220.77
44.37
9.24
7.02
6.15
4.33
5.87
2.16
1.23
1.43
1.07
1.02
2.57
106.78
658.36
1484.21
2247.57
2720.08
2989.28
3022.36
2896.43
2787.06
2385.20
1655.20
701.52
98.22
2.74
1.51
1.24
1.26
0.97
1.00
1.48
1.08
1.07
0.91
2.69
146.26
705.35
1492.85
2287.89
2978.52
2936.05
3012.09
2913.04
3065.46
2452.37
1610.36
689.61
96.10
2.52
1.66
1.31
1.23
1.21
0.80
0.77
0.84
0.80
0.78
3.56
149.15
770.85
1690.45
2454.53
2280.19
1978.99
1959.82
1987.04
1898.55
1679.60
1648.30
713.71
103.89
5.09
3.65
3.45
1.72
0.81
0.73
0.62
0.64
0.65
0.78
6.31
188.08
869.25
1808.53
2567.83
2141.48
2556.41
2104.17
1749.32
2389.80
2500.01
1638.42
733.52
112.33
5.46
3.72
2.07
1.65
1.06
1.07
1.22
1.31
1.50
1.53
7.02
191.97
839.01
1654.23
2443.18
3128.70
2821.78
2299.24
2354.48
2437.04
2379.45
1599.38
760.40
128.74
7.41
4.95
4.31
4.52
5.12
5.37
5.03
3.76
5.08
3.98
8.73
174.26
790.16
1698.11
2087.24
1997.57
1644.89
1601.17
1695.94
1615.25
1591.06
1279.32
713.48
139.94
7.40
6.08
2.64
2.21
0.99
1.51
2.23
1.84
1.19
1.24
9.21
239.43
936.39
1641.80
2129.89
2158.45
1940.73
2027.13
1602.11
1259.49
1345.41
1434.53
770.34
143.86
5.43
3.48
3.53
3.19
5.15
3.08
3.02
2.39
2.27
2.25
10.11
185.39
654.53
1194.95
1802.06
2453.67
2821.97
2522.81
2594.33
2951.54
2545.35
1742.06
784.84
148.53
6.61
2.08
2.34
3.54
2.63
2.61
1.44
2.42
1.54
1.77
14.26
245.11
904.30
1763.72
2620.13
3175.19
3061.71
2813.81
2675.42
2691.93
2262.75
1583.24
720.55
144.63
8.65
2.68
1.95
2.30
2.65
3.20
3.77
5.41
3.09
2.49
11.08
146.84
517.28
1057.19
1634.26
2221.30
2609.09
2748.26
2915.92
2879.33
2278.47
1565.33
730.35
157.35
5.92
1.59
1.25
0.97
0.97
0.96
0.91
0.93
1.11
1.04
15.89
229.19
719.58
1351.74
2151.90
2639.75
2808.11
2816.27
2627.54
2461.36
2297.31
1248.63
445.91
90.85
16.05
13.10
13.18
13.30
12.47
13.76
12.13
13.10
14.37
14.44
22.33
105.11
291.24
623.64
1034.39
1152.62
1290.69
1194.83
1039.01
1313.83
1056.25
726.89
334.66
76.38
10.28
10.40
10.31
8.85
10.16
8.63
7.45
5.87
3.64
2.95
8.91
101.14
327.76
602.21
942.97
1149.69
978.66
1015.08
1198.68
1235.84
1880.46
1868.80
908.58
197.44
10.81
1.56
1.50
5.20
6.23
3.56
3.52
3.81
4.81
6.76
34.27
316.88
1042.34
1601.38
1523.39
1433.62
970.86
836.79
458.67
385.56
556.25
742.93
391.88
117.97
13.41
7.40
7.42
3.50
3.81
2.63
2.67
1.87
1.57
1.14
17.59
149.03
314.76
504.91
625.29
935.52
1129.29
1599.80
2037.67
2387.13
2153.84
1624.99
870.00
207.17
10.21
1.48
1.03
1.84
2.87
3.86
3.03
3.68
3.71
3.74
36.75
284.46
849.71
1589.81
1922.40
2098.20
2126.95
2057.66
2449.20
2656.14
1853.95
1178.91
754.66
185.89
16.45
10.83
11.09
10.39
10.59
7.30
4.17
2.85
1.85
2.88
13.43
143.94
479.75
943.18
1764.33
2520.47
3008.51
3071.49
3014.14
2762.73
2267.30
1531.92
729.40
173.04
12.83
1.50
1.42
1.39
2.02
0.72
1.53
1.15
0.67
0.79
25.29
148.17
355.83
603.28
867.17
1107.29
1220.57
1262.76
1237.66
1083.40
766.90
447.44
215.21
56.46
3.62
1.24
1.08
1.02
1.10
0.90
1.72
0.87
1.37
1.64
17.17
129.79
272.33
406.81
548.82
754.61
912.20
873.17
864.20
969.22
993.61
855.81
482.59
164.60
28.57
3.03
3.35
2.94
2.63
2.20
1.70
1.67
3.54
1.56
14.25
107.29
251.86
380.54
449.54
481.07
414.74
420.05
374.99
282.60
234.55
189.68
103.15
37.93
14.50
12.47
12.00
11.18
10.31
10.06
9.50
10.11
10.08
10.24
17.77
75.63
190.07
341.46
440.30
553.63
584.98
597.47
581.24
451.20
362.60
275.26
160.97
52.11
6.24
2.97
2.64
2.24
1.89
1.72
1.69
1.23
0.85
1.26
23.88
109.23
253.77
408.13
614.94
685.70
736.07
804.16
773.96
740.79
641.80
538.09
311.70
118.88
14.64
1.42
0.98
0.68
0.56
0.52
0.69
0.57
0.47
0.51
32.60
182.06
436.59
693.36
940.65
1060.56
1164.59
1198.19
1147.56
1182.07
964.42
644.53
397.31
158.06
23.78
2.44
1.11
1.06
1.08
0.93
0.67
0.55
0.48
0.87
47.97
229.24
573.80
1020.43
1393.96
1585.01
1424.28
1602.92
1634.78
1692.28
1469.89
1190.70
743.27
282.08
39.61
2.46
2.28
1.81
1.12
0.71
0.63
0.58
0.67
1.65
77.52
338.59
747.39
1310.52
1956.58
2546.73
2704.54
2805.02
2740.46
2588.27
2296.12
1824.09
991.45
299.19
40.91
2.23
2.08
1.34
1.00
1.50
2.63
1.11
1.22
1.92
80.18
408.82
947.79
1576.40
2316.90
2750.74
3024.79
3179.48
3093.95
3063.50
2618.69
1897.69
1135.71
363.26
53.33
5.38
5.09
4.99
5.62
3.42
4.08
4.11
2.28
3.60
114.11
515.42
1319.72
2197.65
2883.07
2660.29
2363.28
2169.88
1871.88
1767.37
1796.15
1978.20
1136.74
369.13
51.90
3.02
2.21
2.44
2.64
2.14
2.99
3.56
3.29
6.81
87.12
423.31
1308.88
1478.92
1491.66
1607.11
1673.61
1698.58
1634.72
1492.00
1569.00
1429.55
1070.55
376.82
47.03
3.59
2.83
2.55
2.52
2.80
3.08
2.68
3.47
7.15
147.69
556.06
1253.05
2008.57
2720.76
2479.16
1756.42
1562.56
1604.21
2030.74
2252.18
1733.41
982.46
348.30
60.53
7.00
5.75
4.42
2.84
2.68
2.95
2.42
2.20
4.32
104.51
434.08
1019.40
1796.34
2682.69
2614.09
2460.16
2166.18
2252.85
2428.57
2766.57
1979.56
1101.50
364.71
62.70
2.77
1.92
1.91
1.17
1.23
1.08
0.71
0.72
3.69
114.26
419.92
955.84
1736.63
2543.84
2454.63
2095.96
2093.22
1833.72
2264.75
2678.24
1919.37
1093.60
392.11
75.78
3.59
2.87
2.62
2.91
2.70
1.87
1.96
1.38
7.33
135.66
487.44
1215.48
1865.20
2299.88
2561.85
2746.61
2785.91
2582.63
2322.25
1620.69
2074.93
1136.00
356.75
84.79
6.52
4.26
3.68
4.14
4.75
3.79
1.34
1.51
7.72
103.38
330.47
784.76
1395.83
1578.19
1590.48
1644.63
1691.35
1620.87
1929.29
1976.46
1879.06
1079.57
375.92
73.10
12.15
10.25
10.29
10.54
11.05
8.91
10.94
9.41
12.65
118.19
439.96
786.86
1037.87
1123.08
1149.64
1010.53
932.69
879.36
870.84
791.60
805.92
627.02
254.58
73.30
6.05
5.96
6.57
6.36
7.93
8.16
6.49
5.04
11.61
121.68
418.45
922.20
1241.44
1620.54
1917.73
2063.96
1756.96
1661.28
1690.98
1802.11
1691.07
1072.93
436.59
94.38
6.75
4.63
3.46
3.92
2.91
2.87
2.68
3.05
17.83
185.97
696.11
1609.21
2381.50
2941.54
3298.52
3464.50
3401.98
3294.65
3243.93
2893.04
2140.10
1251.06
404.79
69.74
13.12
12.51
12.86
13.32
11.76
9.71
9.02
12.39
22.60
156.70
627.08
1436.58
2342.41
3028.68
3354.21
3429.29
3422.17
3462.20
3356.85
2823.32
2090.03
1218.74
448.93
106.69
5.23
2.34
2.24
1.36
0.82
0.71
0.64
0.62
18.42
186.46
701.35
1546.13
2340.72
3028.42
3328.69
3399.32
3260.45
3226.90
3034.15
2664.97
1962.46
1202.07
470.63
116.33
9.21
3.56
2.19
1.72
1.71
1.33
0.79
0.75
19.34
178.54
621.18
1439.13
2349.65
3085.40
3310.48
3091.16
3052.79
2878.44
2792.57
2481.03
1875.12
1033.66
455.31
108.75
6.16
2.59
2.69
2.33
2.46
2.88
2.40
2.08
17.50
159.04
518.06
1058.79
1592.71
1978.36
1781.65
1676.36
1698.19
1641.11
1757.57
1686.74
1395.96
841.45
379.18
111.24
8.77
3.58
3.37
4.38
4.29
4.07
3.03
2.95
25.89
214.34
550.22
1091.69
1795.00
2280.93
2528.96
2811.97
2647.40
2400.04
1828.77
1787.65
1777.02
1121.76
462.85
112.16
6.35
1.46
1.01
1.00
0.74
0.69
0.96
0.70
18.39
154.59
512.02
1066.55
1664.33
2215.31
2470.38
2644.55
2129.54
1900.29
1993.95
1864.49
1788.38
1274.13
495.86
106.81
8.07
2.69
2.15
1.98
1.64
1.71
2.68
1.98
30.23
221.06
802.60
1681.46
2480.91
2939.40
3276.40
3010.23
3213.49
3086.99
2806.66
2835.08
2245.48
1387.10
546.09
125.61
9.15
2.79
1.65
0.82
0.77
0.69
0.67
0.62
32.61
238.77
821.90
1711.14
2467.61
3001.44
2058.36
2053.67
2016.68
1969.71
1915.66
2358.83
2060.00
1228.90
505.25
157.24
14.63
7.79
8.67
6.86
7.88
7.91
4.78
3.69
36.58
249.25
764.24
1407.60
2215.24
2506.16
2005.81
1810.89
1733.56
1504.02
1854.42
1592.03
1342.39
787.91
379.97
138.61
12.18
2.95
2.39
2.75
3.42
4.07
5.20
6.58
46.18
261.94
895.79
1780.83
2589.01
2959.53
2729.64
2114.87
2074.63
1826.99
2037.57
2082.16
2101.40
1353.50
560.06
137.26
15.72
3.85
3.41
3.02
3.08
3.20
3.00
1.71
38.23
238.11
754.69
1635.36
2386.80
2775.57
2194.54
1715.07
1708.66
1720.84
2134.39
2342.67
2206.72
1394.59
561.28
148.03
19.31
5.92
4.92
4.30
6.08
5.04
5.29
5.44
41.18
228.52
712.56
1498.13
1970.26
2163.77
1680.50
1547.81
1508.50
1303.92
1254.59
1253.50
1580.14
1030.53
466.37
131.09
21.64
5.56
2.63
5.26
7.24
3.78
4.19
3.56
39.00
239.79
791.93
1499.44
2118.84
2130.36
2000.58
1782.76
1282.72
1253.51
1143.06
1500.89
1627.33
986.67
443.46
156.61
18.03
2.55
2.64
4.06
4.10
3.68
5.10
5.36
53.32
275.21
741.18
1426.86
2234.00
2957.71
3463.87
3598.78
3580.56
3638.38
3440.24
3061.91
2408.67
1506.64
621.46
169.38
19.80
3.18
3.52
3.37
4.67
5.59
4.84
4.94
56.29
295.41
911.07
1808.95
2611.28
3207.77
3273.15
2651.09
2857.79
2773.42
2905.73
2473.47
1991.02
1128.04
420.34
113.93
15.61
7.42
6.94
7.30
7.90
6.10
7.13
10.01
42.15
183.08
448.52
876.39
1431.66
2044.23
2196.29
2430.78
2323.36
2269.73
2087.93
2022.14
1653.49
781.90
380.68
129.47
33.85
15.80
15.50
14.86
13.20
14.95
12.15
14.13
49.14
168.05
401.38
762.43
1073.56
1480.24
1784.09
1922.37
1735.34
1511.63
1441.32
1219.90
1052.34
890.23
484.64
172.82
27.65
2.71
2.55
1.47
1.88
1.13
2.07
2.49
51.82
250.79
790.29
1568.98
2029.88
2193.34
2355.27
2365.05
1871.70
1851.67
1816.99
1657.51
1367.94
805.51
442.64
135.59
21.06
3.01
3.08
2.99
3.52
3.25
2.38
2.66
50.85
250.68
610.05
1138.39
1348.92
1486.97
1646.13
1781.84
2033.96
1999.16
1859.36
1793.08
1280.62
790.63
341.92
96.19
14.45
10.36
13.82
12.54
11.95
9.43
6.29
4.48
14.21
60.17
132.25
196.87
280.54
395.66
415.29
544.35
537.05
503.85
479.63
728.91
705.35
569.37
380.70
132.55
23.83
6.14
6.21
7.12
6.52
5.96
4.59
5.76
76.99
320.28
881.80
1544.36
2079.11
2315.94
2196.20
1880.74
1803.95
1657.80
1699.42
1857.64
1802.56
1005.21
527.63
192.16
31.89
8.04
8.43
8.25
8.84
6.01
7.34
9.90
55.56
185.25
369.80
544.30
665.02
727.44
994.65
1266.30
1595.99
1790.50
2144.48
2013.18
1602.59
968.79
448.30
152.68
23.70
3.13
3.31
3.07
2.43
2.31
1.52
1.63
45.27
195.29
497.94
918.20
1291.59
1537.23
1840.80
1899.58
1898.52
1934.21
2051.36
1790.94
1695.41
1164.96
657.55
218.16
39.02
4.85
4.85
4.85
5.18
4.31
3.66
6.06
88.12
344.96
979.75
1736.58
2484.46
2990.27
2851.80
2678.40
1920.50
1412.75
1153.52
851.70
825.29
497.70
226.04
75.96
15.48
14.18
12.96
11.93
11.38
10.69
8.65
7.91
55.12
232.66
560.16
1129.90
1508.19
1423.49
1373.59
1096.21
826.85
923.43
987.47
973.08
828.91
563.64
295.51
115.55
21.91
5.33
2.91
2.27
3.05
3.73
3.00
4.54
77.74
294.21
669.53
1223.62
1691.60
2159.86
2028.04
1934.93
1682.45
1623.29
1993.37
2018.93
2008.83
1265.98
612.79
214.63
35.05
2.51
1.83
2.19
2.51
2.82
3.10
4.16
72.87
244.99
530.10
849.54
934.64
840.82
1069.85
1297.59
1344.26
1246.26
955.31
776.06
820.61
749.43
546.89
231.14
51.87
5.93
5.44
4.12
5.64
8.92
6.95
7.18
90.66
345.96
809.35
1393.31
1874.12
2119.01
2348.15
2375.19
2634.51
2687.17
2448.90
2370.01
2014.18
1407.44
690.27
244.38
52.14
5.15
3.84
3.79
3.46
3.40
3.64
9.43
104.92
384.67
1049.10
1888.97
2512.32
2545.25
2408.26
1889.69
1826.43
1733.58
1890.66
1948.65
1388.70
878.16
433.89
152.34
28.60
12.54
10.75
11.04
8.25
9.79
8.37
10.31
53.87
219.39
581.25
1016.32
1460.67
1881.50
2111.27
2213.01
2118.43
2115.34
1939.62
1773.50
1237.78
782.80
500.88
256.86
65.33
9.11
7.00
6.92
6.83
4.31
2.89
6.60
98.59
332.26
751.44
1402.36
1750.00
2119.37
2554.56
2592.82
2151.08
1588.39
1403.69
1076.92
898.52
589.50
298.82
113.75
26.21
3.84
3.00
2.77
2.26
1.98
3.31
5.01
36.70
100.37
145.90
236.66
377.68
879.82
1331.10
1465.93
1721.63
1380.41
1293.67
1530.10
1249.66
815.27
345.52
149.97
44.26
8.02
6.48
6.07
5.83
4.76
4.91
9.85
114.41
334.03
832.60
1525.36
2033.29
2400.48
2701.98
2359.36
2084.58
1806.48
1618.55
1218.01
940.79
643.05
401.36
171.39
39.99
1.76
1.14
2.23
1.43
1.26
0.75
2.61
55.58
250.13
510.95
807.33
868.54
990.40
903.90
1273.76
1492.81
1523.12
1622.28
1552.26
1275.88
884.60
580.17
253.66
66.12
12.56
10.42
10.36
8.39
9.69
10.40
15.62
116.35
393.07
852.54
1452.66
1776.28
1982.88
1921.29
1782.89
1746.56
1792.25
1870.42
1617.22
1507.50
1112.58
586.94
220.31
46.58
4.32
3.99
4.40
2.49
2.25
1.79
2.95
33.26
106.09
233.40
402.87
637.06
790.68
881.98
893.25
944.38
976.33
936.11
862.18
730.71
580.32
395.50
177.94
54.04
6.78
5.84
7.42
8.09
8.74
10.19
9.60
106.46
379.77
912.19
1636.18
2340.08
2956.46
2847.64
2249.47
2328.17
1931.97
2125.31
2460.60
2404.08
1617.38
838.01
292.26
68.72
5.95
4.26
3.65
2.19
1.19
1.06
6.81
96.95
360.83
988.48
1899.77
2733.17
2678.02
2934.16
2568.38
2899.14
3114.46
3048.79
2051.11
2459.59
1652.26
823.12
271.80
60.11
7.55
6.22
6.11
5.02
6.16
6.87
11.93
104.55
374.10
1036.07
1864.41
2465.17
2992.84
2973.53
2595.08
2365.22
2293.34
2463.03
2383.24
2371.80
1582.56
789.76
288.50
69.89
5.85
4.40
6.01
4.76
3.98
4.01
11.67
100.84
386.69
1057.18
1834.88
2090.40
1988.25
1737.01
1804.82
1783.91
1682.91
1683.87
2073.27
2063.00
1461.67
687.93
237.58
46.58
6.85
3.93
3.67
2.74
2.80
2.37
5.71
70.88
231.49
543.40
932.20
1179.45
1273.16
1645.34
1496.52
1099.88
1135.32
1111.57
1072.92
1096.71
779.00
502.20
204.74
48.95
6.44
4.16
4.21
5.60
4.50
4.69
8.43
77.58
284.64
658.25
1332.12
1950.58
2256.49
2399.69
2049.33
2291.65
2436.90
2344.65
2372.60
1854.21
1276.05
613.79
213.04
52.70
5.15
4.62
5.00
5.40
4.34
4.72
10.61
90.34
297.92
753.35
1460.58
2133.71
2521.20
2183.24
2120.13
1993.56
2073.21
1838.03
2236.00
2007.89
1261.24
616.02
213.77
40.31
6.49
5.31
5.82
4.33
4.75
3.53
9.40
71.80
222.64
625.05
1156.62
1693.41
2249.97
2281.21
2244.87
2207.34
2045.84
1984.42
2157.63
1877.79
1512.57
839.27
292.46
67.56
12.23
10.81
9.04
11.12
11.79
12.16
15.62
109.86
375.17
901.08
1565.48
1763.47
1773.79
1799.52
1651.00
1858.95
1842.80
1641.16
1529.09
2113.22
1531.86
733.59
293.97
88.48
13.18
8.06
5.15
4.14
3.94
4.15
8.68
102.41
368.13
1012.93
1859.89
2655.14
3277.01
3604.40
3097.06
2669.48
2682.73
2826.30
3214.58
2544.59
1704.30
824.98
298.12
75.60
7.03
4.38
5.17
5.10
4.88
5.31
11.06
110.91
357.83
791.32
1485.91
2100.83
2548.94
2518.34
1778.52
1769.64
1715.76
2077.14
2393.84
2349.14
1587.11
822.33
268.99
65.21
4.90
2.10
1.65
1.30
1.36
2.27
8.76
118.45
367.31
848.50
1341.34
1739.53
1386.55
1402.02
1365.12
1160.70
843.61
664.06
815.68
884.43
527.65
227.42
148.15
65.63
6.96
2.97
3.40
2.74
3.43
6.17
9.52
65.59
194.59
420.36
780.48
1061.27
926.14
948.26
1145.64
1006.53
1166.50
1122.24
1100.93
905.26
837.74
580.61
229.88
65.32
17.83
15.89
14.80
14.33
12.76
13.71
16.31
66.20
218.55
474.14
777.05
786.59
1029.21
1111.01
1085.25
1197.14
1204.16
849.68
570.33
493.63
387.12
189.86
97.42
26.58
2.83
2.31
2.78
3.29
3.23
2.88
6.25
61.48
226.82
577.45
930.31
1435.69
1762.45
2324.14
2277.76
2466.72
2711.55
2701.14
2784.25
2147.15
1599.03
821.38
277.63
75.03
6.37
2.94
2.14
1.75
1.37
1.27
8.57
123.82
401.05
859.53
1373.24
1916.96
2442.02
2694.51
2406.41
1963.20
1374.31
750.79
498.77
284.81
207.24
120.96
56.94
15.34
6.01
5.00
5.72
7.96
7.78
7.55
7.14
44.92
210.95
569.67
943.97
1414.75
1812.72
2394.92
2677.05
2500.38
2423.90
2217.99
1900.32
1870.60
1392.11
679.07
238.67
62.86
11.10
10.25
9.69
8.16
7.69
9.12
9.46
41.04
165.45
496.37
926.09
1314.68
1334.82
1362.80
1196.42
1081.57
876.08
876.91
682.97
562.15
304.86
193.50
114.55
51.07
13.07
9.88
12.64
12.04
10.69
10.72
11.37
75.09
289.95
878.18
1629.87
1864.83
2205.31
2101.11
1684.52
1681.09
1647.04
1635.16
1664.35
1690.51
1281.66
697.43
276.08
88.04
15.46
11.03
9.95
4.19
3.48
3.19
7.36
80.69
309.72
879.03
1655.03
2448.66
3192.85
3599.43
3718.87
3693.67
3686.84
3593.01
3195.87
2521.80
1687.47
839.88
284.98
67.00
4.12
1.51
1.57
1.62
2.05
2.33
8.24
87.50
312.29
903.33
1719.37
2477.05
3103.67
3455.49
3584.57
3624.66
3579.49
3388.82
2891.45
2266.73
1538.96
763.57
256.93
56.46
4.82
1.55
1.06
0.83
0.76
0.97
4.43
73.34
242.49
697.23
1280.81
1752.67
2067.27
2507.75
2499.13
2112.92
2180.81
2289.44
1879.02
1002.52
494.38
289.10
124.13
15.29
2.56
3.72
4.20
8.02
7.36
8.64
14.61
59.11
210.56
546.55
1128.10
1349.24
1698.59
1929.85
2256.06
2310.25
2301.02
2003.05
2389.21
1963.26
1447.60
797.47
285.42
78.30
9.02
4.50
3.26
3.69
5.20
4.81
8.45
87.81
311.62
793.75
1371.75
1848.92
2256.81
2117.46
1499.11
1232.61
1208.13
958.73
876.20
778.87
599.87
374.17
195.14
47.82
10.01
11.16
11.84
10.39
11.33
11.54
12.94
25.72
93.84
234.16
404.54
396.46
501.66
640.85
670.80
572.85
585.12
508.01
486.68
509.70
450.85
274.13
120.87
34.07
10.81
8.23
5.65
3.13
3.23
2.49
3.07
50.82
157.60
372.97
688.15
1066.83
1576.95
1749.87
1855.87
2066.01
2301.98
2004.22
1632.74
1389.58
817.80
412.98
153.87
31.93
2.85
2.18
2.38
1.60
1.81
1.22
1.85
38.78
184.46
477.69
923.50
1426.51
1771.19
1920.04
2034.05
2231.09
2304.50
2133.85
1821.13
1356.65
914.25
467.80
184.58
39.12
4.60
1.43
1.34
1.30
1.45
2.94
3.70
51.58
218.70
576.67
956.84
1449.30
1830.60
2082.78
2220.81
2176.09
2086.04
2041.44
1958.95
1671.73
1184.35
651.79
238.33
54.89
5.25
3.58
3.14
3.49
3.33
1.87
2.10
38.75
167.13
401.58
704.16
1212.30
1652.71
1935.10
2117.19
2179.31
2351.53
2439.34
1894.68
1385.38
964.61
523.76
227.95
57.75
3.74
2.38
2.93
2.55
1.94
1.84
2.33
53.08
239.33
607.02
1130.03
1685.78
2015.73
2117.27
2261.39
2347.44
2291.43
2224.74
2098.21
1741.71
1270.54
653.64
228.46
44.14
2.98
1.43
1.12
0.92
0.88
0.72
1.41
38.15
182.38
459.91
893.37
1724.24
2635.92
3189.26
3406.36
3361.53
3235.73
3074.43
2637.80
1959.27
1350.66
697.38
273.79
71.57
7.68
4.44
6.30
4.72
5.59
5.17
6.64
54.78
232.49
654.63
1143.12
1190.64
1369.81
1224.80
1153.48
1210.31
1605.45
1619.62
1628.04
1245.94
891.30
478.80
197.68
36.21
4.97
4.33
4.79
3.58
2.50
2.12
2.30
39.90
200.17
543.31
893.75
1038.92
1138.52
1154.10
1197.32
1262.56
1538.46
1569.61
1593.46
1320.54
1054.41
545.17
209.33
51.15
5.13
3.24
3.65
2.43
2.36
2.20
2.79
49.51
238.20
632.51
1116.08
1512.42
2011.96
2534.43
2554.49
2686.99
2591.46
2336.52
1939.35
1445.01
945.87
579.35
212.03
47.27
2.26
1.46
1.04
0.83
0.78
0.69
1.26
57.50
245.76
533.54
1084.65
1377.30
1418.19
1229.18
1215.58
1145.58
785.75
809.14
779.73
698.84
517.69
286.29
125.84
28.85
4.82
3.17
3.11
3.65
2.56
2.16
1.63
21.88
117.81
306.67
636.56
924.81
1235.88
1414.62
1796.97
2090.71
1988.36
2071.94
1786.59
1287.70
762.25
407.98
188.09
41.62
4.23
4.01
3.06
2.48
2.96
2.34
2.68
42.03
215.28
553.94
1094.65
1543.91
2102.03
2704.20
2743.55
2819.65
2786.82
2786.92
2550.19
1916.65
1242.57
599.21
222.95
51.68
4.98
1.90
1.47
0.93
0.76
0.72
0.82
46.87
245.10
721.37
1246.82
1848.54
2429.48
3040.48
3063.99
3038.99
2811.37
2643.34
2180.14
1547.77
965.59
586.72
258.08
52.72
2.56
1.51
1.44
1.18
1.05
0.82
0.84
30.94
196.01
555.29
1040.65
1890.04
2597.65
2495.58
2362.53
2334.38
2373.99
2497.99
2432.08
1917.11
1245.44
632.95
201.43
33.62
4.70
4.44
2.40
1.76
2.82
2.99
4.27
49.01
256.48
717.27
1362.94
1891.18
2352.74
2226.79
2319.94
2167.85
2284.12
2433.94
2048.60
1497.75
1013.53
400.15
147.37
22.03
3.25
3.49
3.19
4.36
6.28
7.91
9.78
18.06
65.32
135.23
321.09
551.65
702.57
864.88
868.18
905.28
901.98
682.77
525.45
411.25
289.78
186.22
79.16
8.81
0.90
0.76
0.88
1.04
1.09
0.74
0.82
4.78
49.53
151.58
284.24
389.03
520.89
636.04
776.14
861.67
799.25
890.67
714.24
659.49
368.69
174.26
69.57
14.73
6.01
5.32
4.78
3.54
3.25
2.68
2.17
23.18
147.57
407.43
693.72
990.80
1212.16
1668.31
2006.43
2145.94
2172.58
2057.77
1857.13
1523.75
1057.58
557.61
205.41
38.66
4.28
4.33
4.60
2.94
1.95
1.34
1.42
25.94
158.18
474.87
976.07
1408.95
1925.73
2505.72
2767.04
2655.07
2371.40
2252.21
1853.48
1514.26
1217.18
589.04
245.15
37.69
2.81
2.36
1.68
1.65
2.65
3.04
2.32
15.20
113.78
306.06
525.64
778.68
1027.25
1222.01
1339.32
1430.05
1562.97
1437.20
1319.46
935.36
524.07
260.03
95.69
19.15
6.79
6.35
6.52
5.60
4.52
4.52
5.36
18.38
165.87
458.68
792.13
1187.41
1654.11
2169.89
2591.51
2366.91
2172.05
1990.27
1811.93
1254.58
766.72
338.78
101.36
13.94
3.67
1.98
1.32
1.03
0.94
0.92
1.45
13.27
171.04
550.31
1032.50
1357.20
1819.52
2254.15
2372.08
2086.56
2083.36
2219.82
2111.77
1685.93
1220.81
599.35
198.90
30.04
4.86
4.09
4.70
4.68
4.39
3.65
4.69
30.13
209.74
620.73
1304.77
1931.90
2499.34
2720.49
3029.90
3033.74
2939.65
2838.22
2622.90
2259.11
1436.38
649.96
178.74
25.92
7.08
6.82
9.89
8.87
8.68
11.21
11.69
30.63
197.35
668.03
1326.36
1748.52
2223.74
2452.69
2514.24
2377.71
2374.04
2198.23
1998.59
1574.93
1055.29
504.38
128.06
18.12
10.09
6.88
3.92
1.81
2.28
1.78
2.61
16.51
137.46
368.96
776.89
1373.94
1920.75
2120.44
2235.30
2188.25
2048.63
1883.48
1649.59
1282.21
896.46
489.13
176.59
20.32
1.86
3.24
2.99
2.81
2.85
2.27
2.55
17.46
158.52
526.71
1091.53
1673.79
2125.17
2316.56
2417.56
2300.74
2056.93
1844.63
1565.62
1325.48
908.08
420.60
126.70
13.17
2.83
1.72
1.39
0.85
0.88
0.87
2.16
20.85
188.55
488.30
1022.57
1384.56
1807.58
2152.57
2216.02
2156.63
1775.94
1824.22
1703.08
1348.74
937.60
440.94
142.93
14.27
2.32
2.23
2.26
1.80
1.24
0.94
0.76
8.92
152.27
429.82
813.19
1175.37
1501.00
1586.84
1556.26
1226.42
1156.16
1047.65
1032.06
868.00
521.79
181.83
53.24
3.39
1.46
1.14
1.33
2.36
4.17
3.13
1.44
8.97
90.88
272.08
473.29
518.27
579.42
749.04
888.32
847.12
731.38
656.78
552.81
546.25
378.45
167.89
52.68
6.88
3.04
1.23
0.63
1.56
1.61
3.25
3.28
7.85
111.13
423.08
864.52
1387.66
1770.07
2098.06
2129.66
2027.84
1638.07
1247.43
837.52
478.83
220.24
99.13
32.96
13.90
2.52
1.15
1.09
1.15
1.44
0.88
0.72
6.67
108.10
400.94
927.05
1225.87
1466.03
1516.13
1505.57
1525.24
1444.17
1433.65
1212.40
1052.39
709.58
340.48
113.68
16.35
13.44
13.60
13.11
12.94
12.45
12.58
7.74
16.91
124.31
474.69
1155.44
1392.43
1438.36
1469.72
1216.06
1225.43
1099.93
1071.30
1038.83
1096.03
718.03
383.07
94.88
14.92
9.12
8.66
6.04
6.20
4.29
3.91
3.24
6.10
107.66
348.36
652.01
843.96
1113.20
1249.54
1443.25
1577.11
1357.58
1293.58
1207.66
938.94
597.77
324.69
100.51
14.50
8.03
6.45
5.97
6.12
4.88
3.74
3.52
8.94
128.61
498.75
886.21
1253.47
1854.76
2277.41
2258.40
2343.24
2513.65
2437.38
2582.38
1948.92
1186.35
436.54
103.80
13.00
4.98
5.48
4.22
3.09
2.87
3.13
3.14
7.89
133.67
537.53
1331.27
2085.41
1839.00
1829.54
1585.86
1546.26
1432.57
1474.98
1609.11
1358.65
893.60
354.53
106.24
11.57
9.81
9.56
8.78
8.45
7.50
8.34
9.46
14.47
126.79
532.66
1300.55
1273.13
1338.44
1277.59
1259.31
1254.92
1162.99
1135.54
1327.82
1588.41
1159.72
442.42
88.42
6.64
2.82
1.41
1.25
1.37
2.58
1.64
2.02
5.30
106.19
425.95
864.54
1209.90
1591.55
1588.87
1783.97
1728.81
1618.74
1947.55
1643.15
1134.71
627.30
214.27
63.73
5.01
3.49
1.68
2.47
1.71
1.32
1.14
0.68
4.39
108.51
373.65
697.30
1133.45
1605.60
1662.72
1680.53
1726.33
1644.27
1429.25
1290.92
1020.91
723.16
320.72
71.84
3.35
2.43
1.01
0.79
0.71
0.82
0.86
1.02
3.74
111.05
481.67
1180.55
1960.58
2488.53
3040.86
3300.83
3391.34
3215.93
3197.48
2696.05
1925.17
1037.26
376.12
85.90
6.93
4.14
3.95
3.12
3.12
4.26
4.50
3.81
4.61
69.09
311.57
656.00
1128.56
1598.42
1526.72
1275.57
1170.86
1759.60
2039.25
1948.20
1500.46
868.51
327.76
70.35
3.15
1.42
1.22
0.89
0.90
0.86
0.96
0.64
1.76
71.65
350.14
919.97
1711.98
2255.43
2434.13
1864.25
1810.00
1677.24
1958.94
2002.89
1598.19
846.11
283.09
50.53
11.03
11.54
11.02
11.75
11.50
9.86
8.53
9.56
9.92
95.16
478.83
1212.07
2119.85
2817.78
3030.19
2631.96
2461.88
2382.11
2204.82
2135.83
1996.54
1123.40
387.91
66.63
11.70
10.52
9.63
8.92
5.51
3.62
3.02
2.46
4.55
97.42
494.22
1307.44
2192.38
2801.14
2938.57
2933.62
2778.35
2762.52
2700.25
2825.38
2066.56
1191.46
384.08
56.30
4.64
2.88
1.71
1.02
0.76
0.71
0.63
0.58
1.31
75.13
486.04
1299.05
2187.35
2893.45
3289.49
3514.19
3554.14
3452.61
3179.65
2724.44
2032.63
1154.36
357.23
50.72
5.89
4.57
4.31
4.68
5.78
6.04
4.70
5.13
7.78
59.76
294.73
713.06
1226.86
1899.36
2469.71
2910.76
3040.05
2964.66
2838.78
2380.84
1626.26
895.67
295.48
45.52
5.99
3.83
3.57
3.88
5.22
5.39
4.18
4.36
3.86
59.96
422.20
1216.21
2032.70
2738.03
3256.31
3595.49
3412.73
3275.56
3337.11
2830.11
2058.43
1116.59
334.30
36.07
3.07
2.50
3.19
4.18
4.36
5.64
5.02
5.86
6.25
60.25
373.01
1016.58
1657.22
2006.70
2187.15
2164.14
2192.28
2290.73
2202.41
1954.42
1556.84
817.75
283.86
37.28
7.16
5.99
5.81
7.01
6.73
9.54
10.66
9.70
11.84
58.95
320.22
732.16
1294.05
1785.35
2004.11
2311.42
2185.35
2179.16
2259.91
1919.71
1367.34
721.77
234.68
43.00
12.27
10.30
10.21
9.07
8.74
8.43
9.46
9.81
8.10
45.67
345.23
1101.40
1838.46
2335.23
2380.43
2279.94
2328.54
2076.88
2120.89
2246.23
1994.56
1097.99
299.83
33.22
6.99
6.30
6.52
7.37
5.83
7.71
9.68
7.76
8.68
55.54
341.78
889.73
1293.41
1541.19
1639.63
1801.81
1586.70
1581.84
1519.70
1289.16
1188.48
571.87
185.24
25.40
9.47
8.55
7.16
7.65
6.38
7.85
8.54
8.56
8.77
33.83
204.37
531.48
1000.59
1711.11
2344.35
2628.13
2567.62
2664.93
2590.48
2323.38
1776.07
888.96
240.34
25.07
3.12
1.61
1.03
0.91
0.74
0.79
0.67
0.81
1.14
31.55
261.49
684.70
1117.38
1657.40
2117.78
2436.74
2343.58
2230.14
1992.39
1521.41
1092.14
443.75
136.64
13.35
2.41
1.86
1.90
1.85
2.02
2.00
2.73
2.99
2.72
23.83
204.60
559.91
1151.32
1676.02
2052.56
2217.52
2240.24
2145.04
2157.15
1722.12
1085.37
567.17
191.69
21.21
3.56
2.94
2.57
1.56
1.52
1.31
1.03
1.73
1.66
26.87
268.43
733.17
1183.78
1568.13
1926.83
1804.58
1926.81
1755.78
1318.35
951.87
657.78
380.57
105.66
8.86
2.58
2.15
2.13
2.09
1.44
0.79
0.77
0.71
1.20
16.70
171.50
575.54
1209.42
1904.63
2515.21
2539.71
2285.80
1951.34
1770.51
1679.46
1362.69
697.29
194.33
8.87
2.45
1.72
3.11
1.84
2.02
2.36
2.27
1.41
2.30
25.38
205.23
548.04
904.36
1418.78
2021.68
1907.68
1870.53
1869.81
1871.21
1735.82
1259.84
684.23
178.51
16.29
3.72
2.96
3.26
4.46
3.71
3.47
2.94
2.98
3.00
31.81
241.54
621.38
1010.61
1127.25
1380.27
1475.52
1516.17
1322.90
1114.40
932.90
515.53
233.06
58.64
5.05
2.83
2.01
1.54
1.35
1.18
2.20
2.83
2.02
2.63
24.21
225.07
519.33
820.66
1177.16
1252.15
1183.67
983.58
921.26
781.90
497.40
278.96
232.66
114.43
8.93
2.98
2.75
2.75
3.29
3.13
2.75
2.33
3.79
3.36
16.64
194.20
501.56
935.59
1620.77
2168.18
2216.91
2090.67
1991.38
1885.81
1557.44
1082.77
523.92
135.09
10.76
2.76
2.34
2.57
2.55
2.81
3.59
4.08
3.29
3.09
25.22
251.30
834.22
1605.25
2156.66
2069.88
2043.33
1667.67
1399.72
1067.24
810.54
459.75
251.12
77.60
13.20
11.76
10.10
10.05
10.60
11.01
10.43
10.56
10.56
9.08
19.19
224.03
689.14
1252.68
1642.78
1878.10
1812.69
1896.72
1999.75
1861.72
1595.26
943.57
402.04
100.81
9.19
3.84
3.44
3.07
2.34
1.78
2.90
2.09
2.70
2.58
3.10
34.16
130.27
448.57
865.91
1384.68
1665.85
1797.99
1928.52
1918.08
1779.17
1366.71
627.41
111.54
8.76
5.07
4.39
4.66
2.69
3.05
2.54
2.92
2.71
2.42
12.10
254.90
1038.84
1880.92
2268.71
2329.99
2373.35
2182.49
2026.56
1787.99
2199.32
1480.19
683.26
102.87
4.69
2.26
1.33
1.08
1.16
0.92
0.87
2.18
3.28
3.07
14.76
256.91
777.74
1376.61
1710.59
1522.60
1661.01
1715.10
1602.04
1695.49
1872.67
1299.76
487.06
75.57
6.72
6.34
5.31
5.54
5.88
4.69
5.87
5.28
4.98
5.18
15.23
220.68
919.69
1736.49
2318.95
2770.93
2979.58
3004.21
2934.81
2727.20
2104.03
1269.22
420.40
66.18
8.69
3.59
2.33
2.41
1.52
0.98
1.87
1.23
1.13
1.33
7.33
145.04
526.07
1099.69
1723.15
2140.79
2355.15
2436.70
2377.65
1941.66
1376.02
810.75
303.18
59.11
4.81
3.89
4.12
3.24
4.13
4.28
3.80
2.60
1.95
3.27
13.40
118.52
293.10
554.30
749.42
1004.18
1031.25
976.88
1124.88
861.62
592.47
350.39
137.41
27.50
2.71
1.48
1.90
1.43
2.02
2.59
3.19
2.27
1.39
1.93
3.76
143.69
818.35
1724.15
2408.45
2214.00
1821.82
1531.04
1511.07
1125.90
1167.53
783.53
320.30
68.91
8.98
8.22
2.81
3.94
4.13
4.88
5.97
3.16
4.34
4.55
6.39
155.83
604.47
1076.05
1417.65
1433.87
1120.55
1026.61
962.51
1039.88
976.22
813.23
310.84
41.84
7.59
5.12
3.28
3.39
3.63
5.14
4.35
3.29
4.91
4.99
11.01
167.99
670.16
1268.76
1428.59
1803.56
1763.86
1521.90
1264.21
934.61
755.09
587.63
256.67
26.17
6.63
3.58
2.69
2.98
2.83
3.57
4.31
3.28
3.57
1.63
1.71
71.59
399.07
964.85
1611.54
2003.49
2143.43
1667.44
1671.30
1554.42
1650.67
1085.94
361.56
27.37
3.08
1.84
1.23
0.86
0.82
2.19
0.94
0.75
0.80
1.18
1.46
36.25
135.32
352.62
687.16
995.60
1149.16
1289.69
1164.18
958.15
894.70
542.38
160.02
17.35
3.23
2.99
2.66
2.11
2.55
1.60
1.55
1.73
1.25
1.51
3.27
86.43
351.05
724.50
1193.28
1430.25
1566.81
1898.65
1752.14
1612.36
1159.03
743.98
303.66
25.19
2.42
2.33
2.11
1.81
1.69
1.53
1.15
0.91
1.00
1.22
12.62
103.51
500.41
1138.41
1623.19
1897.03
1882.66
1958.38
1927.02
1939.52
1490.42
973.76
334.33
27.66
6.12
3.75
3.82
2.98
3.86
4.10
4.76
7.59
5.36
2.97
7.86
79.23
380.40
950.86
1440.52
1729.92
1833.89
1895.00
1787.19
1569.31
1211.87
716.64
234.08
27.01
11.13
2.18
1.47
1.37
1.22
1.20
1.03
1.04
1.22
1.33
2.21
60.83
280.26
577.98
1056.02
1257.07
1245.27
1088.22
882.93
916.84
897.66
521.47
132.85
21.16
10.24
5.61
4.62
1.62
2.28
1.04
1.48
0.77
0.54
0.68
2.12
99.34
474.58
874.41
1274.72
1748.31
1903.15
1833.06
1804.13
1454.13
759.32
228.65
37.49
6.63
5.17
7.09
5.54
5.44
3.15
6.16
3.59
5.55
10.15
12.78
12.98
45.72
316.85
759.19
757.41
687.99
781.42
785.11
826.17
877.66
723.59
434.37
192.83
23.53
10.87
10.22
9.41
7.51
3.78
7.97
7.82
7.07
7.98
7.77
8.32
82.44
581.64
1323.00
1927.36
2130.30
2269.93
2293.18
2003.05
1797.74
1417.86
797.16
232.46
13.00
3.22
3.36
3.03
3.95
2.60
3.52
4.03
4.26
2.73
2.82
3.25
93.64
671.29
1512.01
2291.20
2692.38
2962.76
2988.88
2863.64
2567.28
1954.67
1071.98
257.44
13.67
2.13
1.62
1.35
1.08
1.14
1.19
1.09
0.75
0.79
0.72
0.99
80.00
634.88
1521.98
2257.83
2684.91
2964.63
2906.59
2740.35
2437.87
1829.17
982.63
239.81
8.10
2.31
1.94
1.49
1.19
1.24
0.85
1.65
0.75
1.07
0.90
1.04
63.47
565.79
1395.37
2080.26
2467.38
2549.04
2616.17
2554.22
2351.87
1726.57
928.27
205.32
6.53
3.79
1.81
1.43
0.96
0.83
0.69
0.63
0.63
0.60
0.66
0.93
60.87
550.33
1373.26
1978.80
2057.68
2271.30
2074.53
2102.24
1872.10
1356.83
796.91
198.84
8.41
2.83
2.76
3.87
1.53
1.96
1.96
3.29
5.23
1.36
2.54
2.65
55.33
498.24
1199.29
1856.21
2066.02
2268.45
2301.72
2244.35
1925.51
1624.77
839.69
148.19
7.56
2.85
2.21
1.67
1.19
1.95
1.20
0.94
0.54
0.57
0.75
0.85
50.58
462.42
1239.70
1965.50
2378.60
2613.63
2648.48
2404.53
2081.64
1569.75
781.89
153.34
3.56
2.90
2.23
1.77
2.77
1.95
2.23
3.26
3.48
2.86
2.79
3.30
34.46
338.97
918.14
1474.19
1825.53
1785.43
1774.57
1560.14
1303.76
874.22
418.92
94.71
17.13
5.02
3.72
4.04
4.96
3.51
4.23
4.43
3.17
3.03
5.18
3.39
35.96
351.15
881.44
1168.14
1402.41
1661.95
1745.46
1514.64
1349.23
996.02
477.87
76.67
15.15
4.13
4.37
2.37
2.85
3.23
2.25
2.11
1.91
1.80
2.20
2.34
29.51
390.26
1126.03
1715.87
2071.93
2247.51
2128.90
1928.01
1773.31
1416.96
654.20
95.50
11.60
3.27
2.47
4.09
4.83
6.41
4.92
4.82
4.25
4.31
4.31
4.57
37.84
358.11
968.17
1449.29
1750.13
2033.32
2070.63
2039.25
1829.42
1295.95
556.33
75.66
7.36
4.07
4.55
5.48
5.25
4.23
4.71
4.27
4.76
5.21
3.93
3.95
43.14
423.09
1064.12
1594.15
1935.97
2209.49
2146.58
1828.54
1400.31
873.56
306.23
45.15
12.51
13.02
12.13
11.57
11.77
3.88
1.64
2.11
1.76
1.87
2.01
1.94
3.19
10.52
46.66
185.32
426.25
495.11
388.80
385.96
447.06
435.80
205.40
24.37
2.86
1.29
1.04
5.88
9.83
12.75
12.18
11.29
10.50
10.66
10.77
10.56
15.61
131.68
417.64
638.23
602.52
713.64
624.75
498.05
346.08
296.40
141.95
23.18
8.58
11.88
12.16
11.68
11.40
11.21
11.20
10.84
9.88
9.48
8.94
7.79
25.50
238.81
839.97
1454.17
1881.46
2067.14
2070.70
1886.34
1369.31
766.04
281.91
39.38
3.74
2.74
1.51
1.10
1.58
2.20
2.76
1.83
1.03
1.92
3.02
4.02
8.86
91.60
212.62
258.66
351.12
392.17
512.46
516.45
426.48
251.92
98.75
14.36
4.74
5.16
4.69
5.25
5.90
5.68
5.71
6.71
6.50
3.81
3.84
4.02
4.79
112.89
474.92
980.85
1293.11
1367.29
1414.24
1284.70
1013.00
699.03
267.41
24.02
4.57
3.14
3.73
3.38
3.04
3.13
3.63
3.57
3.45
5.13
5.63
4.93
17.59
237.04
691.55
984.88
1138.38
1014.57
857.84
539.47
412.11
253.20
108.98
15.79
5.52
8.27
10.47
10.26
10.34
9.79
8.81
8.53
8.30
8.65
8.68
8.72
12.50
119.57
385.70
651.36
734.65
795.60
724.18
514.35
333.08
251.44
132.59
18.47
9.04
10.58
9.93
8.70
8.31
4.22
6.99
8.31
8.22
8.45
8.03
8.07
9.28
117.88
418.81
852.23
1163.08
1317.26
1336.73
1154.02
872.59
513.62
181.11
17.48
6.85
6.51
9.45
9.82
7.82
7.95
8.97
9.42
9.63
9.42
8.23
8.91
10.07
132.99
456.01
919.42
1351.27
1647.27
1864.03
1761.07
1451.07
926.38
346.42
21.79
4.05
2.28
1.69
0.82
1.01
1.88
0.94
0.74
0.64
0.65
0.57
1.22
6.58
188.77
692.81
1188.06
1551.35
1670.29
1524.04
1293.30
1036.71
702.97
211.81
20.58
11.28
6.22
5.30
6.08
7.34
8.04
5.54
4.71
5.10
4.50
3.23
2.97
3.62
54.97
223.92
512.50
940.09
1374.32
1555.70
1508.20
1154.62
738.67
252.73
17.98
9.59
2.09
1.03
1.41
1.19
1.42
1.45
1.90
2.06
2.40
3.58
4.55
7.76
60.80
198.95
369.83
519.73
581.90
610.45
622.93
516.88
307.03
105.06
11.79
7.73
5.14
5.22
5.42
5.70
5.33
5.86
7.43
9.56
10.17
8.67
7.31
8.50
119.56
504.65
854.50
1245.37
1234.25
1252.26
1049.09
910.50
474.94
123.93
11.07
8.12
7.02
10.21
8.17
10.17
8.92
8.08
5.90
3.01
3.09
4.10
7.93
10.64
136.50
549.41
942.27
1299.17
1534.60
1615.08
1542.99
1273.54
803.02
213.02
10.66
6.12
4.08
2.07
1.14
0.57
0.55
0.43
0.60
0.43
0.47
0.47
0.56
1.90
183.78
871.82
1598.11
2106.89
2329.28
2367.38
2168.91
1747.43
993.56
239.82
7.40
3.80
3.15
3.18
2.76
2.83
3.17
2.95
3.17
3.76
4.27
4.13
3.79
6.30
141.27
742.55
1522.58
2148.34
2376.64
2366.41
2197.97
1759.02
980.32
239.74
6.78
4.48
4.70
4.28
4.33
5.02
4.18
4.18
4.56
5.59
5.86
5.33
6.15
9.20
128.28
449.47
726.18
854.71
935.90
940.96
650.36
326.98
143.36
25.42
4.56
3.88
3.22
3.22
3.53
2.25
1.82
1.93
1.98
1.34
2.16
2.37
3.20
3.01
25.38
137.58
275.82
409.06
461.60
449.84
316.20
220.77
111.89
46.21
2.65
1.73
3.79
4.09
6.22
8.21
4.15
4.07
3.62
3.99
2.82
3.20
5.10
6.29
31.30
160.13
287.54
431.35
581.93
785.65
671.48
550.00
339.01
81.15
8.15
3.72
1.22
0.82
0.75
0.86
1.48
1.33
1.29
2.00
1.04
1.26
1.83
3.12
26.84
124.70
193.32
195.90
176.13
148.62
132.02
82.31
43.87
20.59
5.25
2.34
3.95
2.54
3.26
2.50
2.00
3.01
2.55
2.17
1.61
2.04
2.64
3.50
18.60
158.09
384.86
514.32
634.14
602.30
515.58
433.83
213.93
45.62
4.53
8.75
9.72
6.09
1.50
1.50
1.32
1.07
1.58
1.00
1.32
1.46
1.63
2.25
18.41
84.05
240.42
370.10
532.01
486.18
340.07
238.43
83.72
20.63
6.90
7.80
7.70
8.31
7.55
6.53
5.61
1.21
0.75
1.75
1.10
0.83
1.05
1.93
20.04
142.79
346.60
576.69
772.25
811.25
749.09
727.88
352.76
56.74
3.07
1.85
3.47
6.65
10.05
10.00
2.06
1.24
0.50
0.50
0.60
0.48
0.62
2.13
38.89
294.22
666.97
1088.02
1417.90
1289.97
1195.50
925.37
475.08
69.82
3.30
2.65
1.54
3.66
2.30
4.56
9.39
12.17
11.62
11.25
10.44
10.21
7.91
7.46
45.19
207.25
368.50
387.19
438.53
501.74
561.21
393.16
188.54
34.92
2.45
1.52
1.46
1.68
0.82
0.96
0.78
0.79
0.86
1.06
1.33
1.09
1.53
2.25
43.85
269.30
475.24
649.97
543.48
477.04
319.81
198.07
74.24
12.62
3.18
1.93
1.85
1.64
1.79
1.71
1.08
0.70
1.18
0.38
0.36
0.83
3.87
3.76
6.40
71.27
330.78
680.88
1046.53
1158.46
1168.58
922.40
416.72
43.89
4.03
2.79
2.20
2.43
2.27
2.98
2.25
2.23
1.99
0.82
0.48
0.41
0.82
1.13
29.61
210.04
491.82
927.57
1096.52
1138.04
789.71
577.70
271.67
40.24
3.22
3.30
3.80
4.84
4.00
3.31
3.22
4.79
5.59
4.87
4.62
3.72
3.43
5.73
27.10
201.68
484.84
560.03
559.76
432.00
284.61
178.33
63.29
10.59
8.45
9.89
9.95
6.52
9.43
6.62
5.34
6.49
2.79
1.78
0.81
1.84
3.74
2.23
9.78
115.42
447.13
730.82
961.76
898.36
792.25
634.58
300.40
30.23
2.76
3.25
2.72
2.89
2.40
3.10
2.37
2.70
2.25
0.66
2.69
3.99
3.55
4.38
17.29
204.74
661.06
1052.17
1114.81
872.93
473.72
244.21
76.03
15.02
11.55
11.83
12.44
12.11
12.06
11.58
12.02
11.09
11.21
11.66
12.16
12.03
11.98
12.30
13.13
46.75
144.09
227.66
261.35
261.73
250.10
192.10
96.71
16.89
12.33
12.25
12.10
11.73
11.65
11.57
11.52
12.45
10.95
8.85
6.82
7.53
7.78
7.37
12.24
69.19
190.98
346.27
417.97
520.63
411.89
312.40
171.69
23.72
8.72
5.74
3.54
3.72
4.90
3.94
3.19
4.31
3.91
4.12
3.39
2.47
2.72
3.89
16.04
174.13
616.42
1060.40
1330.70
1450.55
1301.53
789.11
240.21
15.82
2.47
2.20
2.40
3.15
2.54
2.73
3.75
3.63
2.89
1.88
1.46
1.16
1.95
3.48
14.03
173.02
502.37
785.70
1005.72
979.71
827.72
477.35
125.28
7.37
2.05
1.34
1.13
0.65
0.48
0.39
0.75
0.35
0.27
0.82
0.26
0.26
0.37
0.59
1.72
27.38
80.24
126.06
146.56
157.94
141.97
87.38
27.48
2.75
1.27
1.52
0.75
0.66
0.45
0.29
0.24
0.20
0.20
0.27
0.27
0.34
0.30
0.48
1.67
30.41
108.10
189.57
255.24
271.80
228.69
146.53
56.26
3.00
1.34
1.27
0.68
0.80
0.34
0.36
0.58
0.66
0.79
0.67
1.60
1.94
1.58
2.10
3.34
87.62
322.25
520.28
680.34
657.77
552.82
344.50
97.84
5.50
4.62
3.68
2.42
2.33
1.82
2.66
2.92
3.92
2.56
3.54
4.19
3.91
3.87
2.45
3.77
32.51
111.06
191.03
263.24
378.30
366.18
251.08
95.77
9.30
4.09
3.74
3.28
2.37
3.86
6.13
5.87
8.96
7.85
7.76
8.82
9.46
10.38
10.42
13.51
53.00
138.35
210.51
209.31
222.50
200.77
125.03
37.38
9.95
11.27
11.14
12.41
10.99
9.79
9.26
5.54
2.91
2.54
2.01
1.82
0.84
0.78
1.47
2.75
81.00
276.54
358.04
365.35
284.62
233.10
137.98
58.69
7.91
4.36
5.11
5.02
3.69
6.60
4.81
4.97
2.37
2.44
3.09
2.54
2.03
1.60
2.33
2.42
62.46
214.77
391.36
493.25
551.73
552.80
268.82
72.48
4.88
4.48
3.31
3.29
4.10
4.54
5.13
5.00
4.98
4.61
5.33
5.59
5.45
6.50
5.57
6.53
125.64
600.66
1140.12
1406.12
1485.25
1291.38
774.33
212.13
8.19
3.92
3.84
2.92
1.67
0.81
0.68
0.80
0.43
0.33
0.38
0.37
0.41
0.40
0.55
2.71
109.36
460.56
842.10
962.26
893.88
605.43
339.83
81.83
6.05
5.83
6.93
8.67
11.34
10.80
8.47
7.11
7.50
8.33
11.16
10.74
6.89
4.37
6.86
8.96
107.24
488.21
942.31
1170.27
1224.95
1039.22
637.65
162.67
12.61
10.67
11.40
9.69
8.98
6.57
6.56
6.20
6.97
7.63
7.54
7.79
5.81
8.22
7.03
5.82
78.29
304.60
449.24
555.86
618.42
517.74
294.03
80.88
5.42
3.63
2.54
1.34
0.74
0.75
0.71
0.45
1.63
0.46
0.53
0.36
0.40
0.80
1.96
3.68
46.41
216.87
408.49
457.80
525.91
493.04
281.93
86.04
4.17
3.00
3.23
2.34
1.62
2.13
1.45
1.66
1.25
2.26
2.03
2.94
2.72
2.62
2.81
1.50
47.63
297.94
593.48
752.26
712.22
593.85
369.25
100.08
6.11
5.09
5.58
4.75
2.58
2.58
1.81
0.95
0.91
1.00
1.18
1.19
0.49
0.37
0.61
2.47
65.50
432.63
914.09
1160.92
1202.52
1038.85
601.11
139.46
6.64
4.20
2.64
4.54
1.24
1.20
1.40
1.79
3.46
6.38
7.79
8.93
5.02
8.51
11.64
13.66
76.60
264.42
432.49
525.30
564.80
468.26
292.58
84.22
12.72
12.62
12.67
12.65
12.89
12.82
12.59
12.60
12.45
11.72
9.41
7.98
5.76
6.93
8.85
12.33
63.23
331.53
631.56
701.47
621.32
493.52
222.61
61.39
6.26
7.30
5.59
5.03
4.55
2.52
1.69
1.74
3.01
1.87
4.67
4.85
6.67
7.88
7.99
9.06
10.93
25.24
51.42
81.30
100.70
81.15
54.78
18.93
7.97
7.92
8.09
8.89
9.72
10.02
10.86
10.14
9.48
9.67
8.44
7.60
10.09
10.97
9.73
7.97
22.13
100.98
180.43
233.19
252.11
181.78
108.50
31.36
8.26
7.93
5.97
5.14
4.08
3.05
2.33
1.37
2.41
0.66
0.95
0.45
0.63
1.22
1.81
2.34
21.61
188.28
441.69
619.78
665.73
580.14
309.55
61.63
3.30
5.37
3.79
3.25
2.33
2.10
2.25
3.41
3.60
4.75
6.45
8.88
8.75
8.88
10.54
10.94
30.11
87.87
108.11
116.58
114.92
90.89
52.91
16.22
7.29
8.57
9.46
9.62
10.90
11.12
10.79
10.54
10.71
10.56
10.78
10.49
9.96
9.75
9.54
9.09
16.08
84.63
197.16
249.01
271.99
212.71
127.62
35.90
11.15
12.14
11.77
10.50
12.03
11.88
12.23
12.32
13.00
11.95
11.89
11.72
11.55
11.51
11.44
11.78
33.05
214.44
403.05
461.85
365.53
204.93
83.43
12.74
6.69
11.32
9.43
6.97
6.01
5.27
4.83
4.40
3.89
4.60
3.65
3.08
4.70
6.95
7.39
10.45
13.86
87.36
259.73
403.97
508.91
364.40
192.52
48.02
12.25
13.56
13.21
12.83
12.61
12.31
12.23
12.28
12.05
11.88
11.56
11.24
9.82
8.53
5.99
5.51
25.25
183.92
396.93
491.45
421.08
275.04
135.45
33.98
10.14
7.08
7.07
6.95
6.44
7.22
6.61
6.82
5.93
5.84
10.72
12.06
11.99
7.48
7.90
9.57
20.40
104.05
191.37
240.33
252.64
164.76
70.47
15.85
5.04
5.82
4.92
5.32
4.26
3.65
2.89
1.69
1.66
1.71
1.46
1.05
1.28
1.55
2.15
3.13
10.67
48.81
107.83
148.70
140.26
103.27
50.96
8.46
3.61
3.21
1.75
1.96
1.82
1.59
1.15
1.11
0.59
0.66
1.18
1.15
1.01
1.83
1.45
4.75
7.22
35.16
68.44
87.62
99.03
87.54
68.17
10.29
1.77
2.27
1.61
1.26
0.66
0.52
0.82
0.90
1.18
2.01
2.94
2.00
1.97
2.85
2.34
2.78
3.28
14.44
41.61
64.79
90.92
77.33
39.02
4.93
1.17
1.55
1.10
0.80
0.55
0.68
0.37
0.80
0.41
0.36
0.77
0.99
0.70
1.81
2.76
4.23
7.34
86.88
207.61
231.34
223.70
141.06
70.70
15.17
3.77
4.98
4.35
3.42
3.57
3.33
3.49
3.83
4.05
4.28
3.70
3.40
3.36
2.78
2.08
1.69
3.34
33.56
81.40
112.04
149.51
121.27
70.28
10.73
2.50
2.59
2.71
3.07
4.13
4.66
4.38
3.57
4.66
4.95
5.46
10.69
12.02
11.83
11.91
13.21
15.13
101.73
226.20
317.39
361.69
197.13
89.32
19.86
8.07
11.20
9.17
9.69
10.67
11.10
10.50
10.40
11.38
10.12
8.01
7.44
6.01
4.17
3.11
4.60
5.01
38.85
97.25
144.75
152.48
125.39
54.87
10.21
3.66
6.72
8.88
10.71
10.91
11.67
11.93
12.05
12.24
11.63
11.02
11.80
11.81
11.93
10.74
12.40
16.56
70.29
211.46
318.12
291.65
234.32
135.57
22.73
8.93
9.70
11.87
12.35
12.31
12.11
12.19
12.25
13.11
12.56
12.06
11.87
11.89
11.89
12.77
13.56
13.52
39.04
116.11
159.98
172.07
147.11
113.94
30.56
9.15
8.16
7.31
5.62
5.29
7.94
7.87
9.62
7.79
6.14
4.70
4.69
4.11
4.20
5.58
5.86
3.13
30.21
89.44
137.61
154.32
115.62
65.19
9.72
1.13
1.67
1.22
2.30
2.69
2.18
2.49
2.66
2.85
2.82
3.14
2.47
3.14
4.12
6.63
5.75
6.31
41.07
164.87
411.24
492.86
441.79
227.26
36.30
2.61
3.46
3.60
3.68
4.88
5.43
7.22
7.52
9.08
9.31
9.42
9.53
10.09
10.11
10.38
10.79
13.74
67.87
139.74
203.87
193.56
150.34
79.62
18.35
9.83
10.48
10.06
9.67
9.91
9.82
9.95
10.13
10.47
10.06
9.93
9.97
9.90
9.94
10.24
10.01
10.56
40.18
110.91
211.11
235.14
209.97
112.29
23.15
7.58
7.94
4.44
6.37
5.76
5.17
4.74
4.29
1.59
0.72
0.38
0.46
0.41
0.43
0.55
1.62
5.76
90.94
243.01
391.59
453.10
398.98
168.71
23.47
1.39
4.05
3.30
2.91
3.17
3.37
5.00
7.25
8.03
5.59
1.05
0.27
0.31
0.36
0.89
2.59
6.41
42.72
208.51
377.05
409.27
317.91
138.67
25.95
3.13
4.19
3.65
3.75
3.27
3.94
5.88
7.59
8.42
9.88
11.09
11.75
12.22
12.69
14.84
13.22
19.25
74.64
154.93
225.17
237.96
148.06
56.78
12.85
7.33
7.52
4.75
5.98
6.34
7.06
7.63
7.56
7.61
7.85
7.41
7.59
7.68
7.62
7.03
6.87
9.03
43.58
113.37
163.24
158.99
180.26
129.89
26.06
4.51
2.81
3.18
1.99
1.43
5.21
6.19
6.00
6.56
6.70
6.22
5.24
4.59
3.08
2.63
0.93
2.65
81.19
284.10
453.07
485.85
405.11
183.46
21.90
2.18
1.96
1.46
1.11
0.95
2.31
0.58
1.30
0.45
0.25
0.32
0.29
0.31
0.40
0.83
3.08
3.31
30.57
99.42
153.02
201.70
164.49
81.38
14.88
7.26
8.90
9.40
9.87
7.46
6.52
11.01
8.13
4.93
5.40
4.72
3.88
3.31
3.11
3.12
4.63
4.34
47.55
165.60
262.09
307.69
268.85
135.58
28.67
10.78
10.66
9.79
8.50
11.45
7.71
7.19
7.36
5.27
6.39
7.19
7.42
7.91
7.27
8.47
8.18
10.30
61.49
182.50
283.08
331.10
269.92
145.86
28.38
3.86
5.99
7.24
6.39
4.23
3.40
2.99
1.79
1.53
1.66
1.79
1.50
1.40
0.79
0.88
0.99
3.70
60.96
229.53
419.36
469.15
379.27
191.11
31.35
1.08
2.08
1.25
1.34
0.83
0.39
0.37
0.45
0.48
0.41
0.53
0.64
0.46
0.58
1.39
1.62
4.86
127.57
395.39
594.06
611.53
488.54
282.78
73.03
5.35
5.00
2.91
1.86
1.86
1.30
2.68
2.52
2.13
2.63
2.31
0.97
0.68
1.26
2.28
2.27
2.83
59.66
243.96
415.00
472.79
389.88
203.25
36.15
1.75
3.42
3.26
2.83
2.67
2.87
3.27
4.05
7.76
5.99
5.20
6.02
10.51
10.71
10.16
9.97
12.35
89.12
350.89
628.44
756.30
680.95
337.14
56.20
6.56
6.04
6.11
4.44
3.78
2.21
1.82
1.75
1.36
0.64
0.23
0.27
0.24
0.47
0.85
1.10
6.82
140.53
510.74
815.31
851.76
654.12
339.17
77.37
9.72
12.84
13.23
13.17
13.09
12.73
12.55
12.46
12.19
12.11
12.06
11.70
8.08
11.14
12.75
12.23
16.89
153.48
508.61
788.55
851.36
715.17
362.87
58.62
4.29
10.31
8.23
9.33
6.59
4.86
3.10
3.44
0.39
0.41
0.28
0.28
0.33
0.49
0.59
0.65
14.37
140.97
505.05
827.87
919.49
781.82
441.56
92.39
11.31
11.91
11.33
11.19
10.42
10.16
8.95
0.53
0.38
0.38
0.47
0.60
0.70
0.63
0.62
2.96
4.92
94.92
371.37
627.28
730.70
631.20
346.94
96.03
3.32
3.56
2.73
1.09
0.82
0.77
0.83
0.82
0.83
