1372.12
1287.35
1259.25
1172.18
1167.17
1240.02
1288.75
1293.85
1329.53
1348.41
1325.35
1278.30
1307.84
1313.62
1372.16
1474.13
1529.61
1554.58
1573.82
1578.78
1610.76
1630.80
1624.80
1637.95
1629.03
1575.38
1557.93
1570.71
1782.86
1973.58
2186.13
2475.77
2771.49
3107.44
3281.33
3424.50
3550.06
3721.65
3845.65
3980.85
4061.54
4119.48
4144.38
4138.61
4070.80
4111.13
4114.13
4078.02
3990.69
4033.01
3905.62
3648.48
3551.45
3772.99
3922.42
3868.23
3829.62
3771.39
3742.05
3705.32
3641.77
3574.68
3530.50
3528.08
3526.45
3523.64
3523.00
3446.11
3355.75
3308.75
3339.74
3328.40
3330.69
3335.42
3267.40
3260.58
3160.22
2987.74
2803.25
2553.69
2309.91
2117.48
1943.16
1745.05
1429.62
1141.07
952.01
781.06
732.24
710.58
674.98
622.65
653.38
732.42
725.74
731.76
776.73
821.46
1053.55
1233.04
1334.12
1406.74
1545.43
1689.37
1816.98
2018.86
2126.19
2195.79
2258.59
2298.73
2370.20
2359.88
2281.62
2179.85
2089.28
2013.34
1996.83
1969.77
1938.57
1880.00
1778.07
1761.33
1780.41
1730.64
1739.89
1729.29
1588.21
1597.17
1592.12
1501.44
1363.75
1242.66
1182.43
1178.83
1185.20
1187.52
1184.81
1154.20
1133.31
1073.42
1045.25
1014.99
957.46
881.85
827.13
735.14
657.11
646.74
650.77
634.41
578.47
594.72
587.19
554.08
482.45
491.03
519.62
592.53
609.33
649.10
835.47
1041.87
1127.24
1186.78
1170.92
1157.20
1258.19
1265.25
1183.13
1016.86
977.07
965.05
950.06
933.72
884.13
784.36
624.76
431.22
377.65
314.23
280.19
247.11
228.36
244.47
269.32
267.02
227.34
198.10
179.41
231.17
305.21
335.63
375.52
387.66
374.87
372.30
394.68
410.46
428.59
415.12
327.47
299.30
287.06
283.16
260.65
203.34
165.37
123.50
71.74
55.76
51.88
44.19
53.42
52.47
37.86
38.10
21.17
15.02
11.72
10.57
12.69
9.93
8.09
9.12
15.73
37.30
59.70
69.92
71.92
106.70
149.73
223.54
298.35
362.94
457.21
518.79
599.52
700.33
726.36
673.93
646.65
608.88
547.01
449.58
327.71
288.75
256.16
208.45
167.61
196.89
210.52
236.12
275.00
334.23
366.49
356.92
355.97
332.61
273.92
180.09
97.24
78.99
100.23
182.36
380.80
532.86
500.76
519.40
565.40
487.22
556.89
553.51
557.02
512.40
501.23
474.04
362.60
326.35
427.72
586.71
681.42
814.86
879.06
1082.23
1408.81
1653.68
1985.71
2224.10
2354.23
2522.25
2504.92
2527.94
2681.16
2708.58
3003.71
3248.68
3366.81
3542.29
3662.70
3718.37
3770.97
3764.06
3714.94
3632.96
3486.52
3326.71
3226.06
3036.31
2856.26
2702.52
2500.87
2283.05
2233.38
2081.89
2004.19
1957.95
1870.51
1832.11
1929.23
2014.76
2115.96
2231.63
2392.54
2589.10
2597.59
2549.22
2493.73
2448.73
2430.44
2425.61
2281.76
2156.07
2062.30
1960.79
2211.93
2592.37
2915.81
3293.29
3339.33
3139.07
2969.07
2760.34
2637.86
2380.52
2008.69
1659.94
1276.40
951.42
725.71
581.41
498.84
431.70
325.11
246.56
153.36
93.37
102.17
122.51
140.82
157.52
178.72
216.32
211.68
223.66
217.81
191.71
207.71
230.37
289.43
333.04
418.61
493.90
630.73
892.04
1218.75
1504.05
1699.60
1763.27
1892.13
1974.32
1999.33
2164.15
2374.97
2770.49
3288.32
3652.58
3815.67
3885.52
3765.34
3339.70
3078.00
2849.19
2367.76
2108.18
2093.65
1840.17
1622.16
1416.15
1207.67
1111.69
1009.07
905.97
884.05
861.84
855.11
830.39
858.07
876.97
822.44
890.04
794.39
824.49
777.43
863.94
1004.66
1085.36
931.78
903.77
1026.99
1327.46
1620.79
1782.04
1750.71
1781.21
1880.87
1888.82
1769.14
1653.41
1638.52
1831.51
1859.18
1984.38
2014.24
1975.56
2120.04
2329.24
2340.69
2341.03
2141.11
2012.10
2289.15
2375.94
2349.03
2214.64
2053.35
1944.49
1820.04
1689.48
1691.02
1885.55
2216.48
2671.21
3022.79
3366.97
3593.67
3806.15
3884.40
3870.25
3851.74
3805.01
3505.60
2989.21
2473.21
2167.78
1922.05
1790.99
1610.14
1535.53
1607.29
1548.88
1582.33
1626.63
1876.02
2167.50
2396.16
2498.65
2526.04
2703.70
2788.92
2824.10
2730.13
2623.19
2739.80
2902.64
3008.66
3155.70
3281.47
3491.47
3663.80
3782.54
3813.22
3789.17
3804.26
3767.52
3677.95
3521.40
3435.56
3530.80
3680.47
3791.54
3894.13
3970.96
4068.66
4170.65
4111.47
4128.09
4099.31
4049.24
4038.60
4067.39
4092.60
4106.17
4105.19
4050.02
4007.35
3995.87
3974.52
3941.68
3933.13
3921.33
3898.07
3901.70
3907.84
3890.81
3883.53
3883.13
3864.84
3830.15
3771.73
3723.95
3555.84
3566.81
3629.44
3739.55
3902.18
3949.16
3840.64
3743.38
3709.13
3558.02
3300.44
3006.37
2524.00
2317.50
2365.55
2586.73
2729.85
3067.72
3532.16
3840.28
4010.06
3979.87
3703.06
3797.38
3852.81
3867.58
3673.35
4112.02
4146.36
3988.85
3940.61
3910.50
3930.56
4165.95
4188.98
4137.71
4103.65
4119.96
4127.15
4148.09
4140.95
4131.20
4106.31
4107.95
4123.91
4112.04
4097.25
4043.64
4005.27
3938.19
3827.43
3683.55
3409.15
2911.70
2243.84
1916.68
1566.51
1183.46
901.91
732.27
546.68
416.82
398.39
483.94
550.84
420.01
399.10
490.45
595.32
796.73
1024.59
1369.15
1744.69
2119.95
2336.48
2807.40
3179.13
3385.21
3506.71
3517.17
3244.74
3541.33
3879.26
3986.84
4088.60
4141.53
4145.69
4127.04
4114.16
4044.05
3891.82
3755.72
3435.45
3198.53
3053.51
2716.04
2285.64
2026.90
1871.92
1819.20
1752.12
1737.25
1743.57
1785.18
1886.22
2005.18
2110.25
2112.71
2061.76
2020.99
2043.76
2057.91
2095.76
2137.07
2115.97
2071.33
2059.80
1997.95
1900.70
1704.11
1538.54
1494.62
1486.81
1506.48
1478.36
1570.19
1610.06
1730.89
1808.91
1942.75
2002.68
2022.78
2089.42
2247.90
2421.11
2666.95
2770.70
2791.86
2812.65
2819.48
2802.84
2768.11
2704.19
2600.85
2421.42
2244.28
2041.87
1778.24
1450.94
1122.28
758.14
478.06
372.43
295.63
204.20
147.59
83.28
84.71
119.65
156.03
171.16
160.03
136.76
133.08
123.50
119.49
121.23
144.94
175.38
208.26
343.83
595.15
893.06
1115.37
1211.87
1355.76
1511.44
1527.57
1524.27
1691.20
1779.55
1868.78
1936.54
1961.50
1813.70
1611.72
1638.53
2082.53
2237.53
2588.53
2353.00
2339.69
2629.87
2421.59
2060.80
1886.95
1835.95
2039.27
2261.50
2730.72
3239.78
3626.60
3827.24
3933.99
4023.29
4073.74
4103.25
4128.62
4115.28
4137.66
4149.65
4100.77
3758.54
3444.58
3438.26
3460.07
3463.24
3549.24
3729.82
3820.63
3911.72
3853.77
3849.21
3916.17
3922.60
3948.53
3952.92
3868.78
3827.78
3647.56
3440.12
3154.79
2964.64
2723.32
2325.65
2349.40
2368.16
2348.10
2321.90
2349.94
2255.51
2199.33
2233.42
2337.85
2589.82
2828.81
3145.74
3377.85
3518.26
3630.07
3704.22
3766.70
3878.24
3937.87
3937.49
3869.17
3824.72
3783.90
3787.64
3815.62
3819.54
3792.26
3825.38
3752.93
3735.35
3764.86
3646.28
3579.01
3443.35
3458.93
3568.87
3684.94
3784.56
3825.76
3741.47
3734.57
3743.04
3635.99
3510.77
3433.60
3334.04
3314.88
3332.68
3419.77
3483.73
3448.10
3522.52
3549.52
3557.15
3493.65
3604.81
3692.35
3897.30
3973.58
3924.79
3961.14
3991.17
3894.79
3806.01
3870.30
3845.31
3869.01
3954.62
3957.51
3906.85
3782.10
3444.43
3119.06
2868.23
2727.25
2981.91
2998.67
2947.33
2910.46
2731.09
2321.14
1660.73
1144.52
818.87
618.32
578.26
625.29
874.10
1162.29
1331.86
1554.07
1694.30
1831.64
1921.28
1946.07
2012.88
2152.40
2237.22
2269.83
2299.54
2312.13
2335.36
2415.03
2493.53
2619.70
2600.29
2663.32
2650.40
2652.41
2691.56
2823.87
2874.35
2907.71
2915.49
2928.58
2680.90
2445.31
2364.96
2395.35
2447.31
2538.76
2594.43
2489.81
2426.90
2339.88
2146.02
2024.69
2034.50
2080.86
1823.44
1603.44
1477.11
1405.19
1455.57
1516.90
1308.39
940.67
632.40
394.97
459.10
728.17
1070.65
1296.91
1256.41
1351.23
1708.22
1905.91
1975.14
1814.85
1497.82
1166.81
934.11
744.44
581.53
428.40
339.63
301.32
252.35
247.79
190.41
130.04
66.87
35.06
43.12
69.01
93.40
133.83
246.91
418.82
609.87
738.18
1004.34
1463.73
1775.30
2194.61
2590.99
2844.15
3085.09
3254.64
3404.41
3546.09
3634.26
3725.61
3783.96
3804.90
3833.52
3814.43
3814.93
3845.35
3849.63
3811.50
3746.09
3691.13
3632.33
3590.90
3560.62
3531.68
3517.89
3522.35
3545.06
3548.83
3569.18
3555.36
3471.46
3424.05
3328.94
3180.86
3125.81
3077.15
3086.51
3068.92
3043.49
3057.74
3048.91
2991.83
2929.43
2889.80
2792.09
2827.61
2872.07
2874.11
2888.19
2993.23
3007.62
2996.67
3059.03
3193.62
3257.52
3289.23
3267.32
3200.39
3093.02
3022.04
2976.53
2896.54
2774.83
2548.63
2322.76
2074.08
1870.76
1616.68
1371.07
1184.92
1014.81
900.75
811.62
709.66
612.31
547.00
473.92
400.86
294.59
228.66
173.73
139.03
126.21
150.67
189.40
224.98
276.53
372.47
433.98
503.57
553.79
598.66
602.12
561.57
537.07
525.20
621.51
778.97
903.54
1013.61
1267.11
1403.46
1499.74
1597.52
1637.25
1817.79
1820.59
1681.64
1453.88
1321.52
1276.51
1244.40
1207.36
1181.03
1149.48
1097.14
1040.84
938.31
759.67
598.98
453.82
407.16
391.06
346.73
307.34
246.93
198.98
187.94
146.64
92.11
65.03
44.72
42.24
74.66
131.82
159.78
185.02
150.14
165.79
179.79
173.53
220.79
247.93
282.01
287.19
313.97
324.14
382.84
462.36
510.80
521.72
511.07
474.51
432.91
423.20
472.43
538.77
627.84
710.17
886.24
1095.12
1357.66
1627.41
1653.60
1646.12
1640.34
1628.13
1594.51
1542.10
1615.90
1642.75
1717.33
1809.76
1857.27
1741.00
1621.78
1620.52
1674.57
1764.83
1583.07
1647.29
1686.63
2085.64
2635.63
2882.60
2942.90
3066.50
3207.86
3233.22
3298.39
3182.97
2901.13
2515.70
2076.35
1566.46
1326.62
1104.32
874.51
558.28
355.31
241.77
180.88
125.30
142.27
185.94
181.91
218.25
250.67
294.46
300.94
284.21
284.03
397.24
568.85
703.21
820.17
982.92
1143.29
1398.09
1671.93
2061.04
2395.78
2564.86
2672.56
2630.81
2443.03
2147.40
1804.62
1497.22
1188.49
926.25
723.00
584.21
534.67
612.37
781.34
942.70
1136.98
1202.90
1226.83
1121.45
934.66
765.47
745.29
934.54
1037.79
1058.02
1146.82
1235.08
1303.91
1237.83
1150.50
1102.38
1048.37
965.80
909.09
875.50
860.81
947.60
1137.47
1170.03
1288.58
1615.97
1838.98
1962.42
1984.79
1886.67
1687.31
1387.43
1199.88
1122.32
1111.49
1221.38
1359.32
1533.95
1662.03
1605.01
1641.66
1833.63
2117.73
2556.47
2685.62
2440.54
2327.35
2459.72
2576.48
2703.06
2940.64
3209.31
3349.75
3330.20
3321.18
3111.34
2669.21
2222.88
1706.76
1527.38
1539.66
1485.30
1319.57
1067.40
1175.67
1518.69
1813.96
2061.89
2333.16
2535.96
2732.24
2812.69
2804.17
2791.47
2657.81
2286.81
1713.78
1236.85
963.00
844.14
890.68
809.86
707.59
605.48
535.50
594.62
665.68
714.34
808.09
936.17
1434.88
2109.39
2576.60
2994.09
3440.61
3556.63
3634.12
3632.16
3553.09
3289.86
3104.67
3080.83
3174.20
3197.23
3402.51
3697.81
3740.62
3781.52
3756.41
3711.87
3580.55
3462.96
3114.45
2857.79
2512.28
2283.81
2111.70
1920.60
1658.26
1459.57
1182.43
1029.57
925.08
793.18
749.97
708.97
713.07
607.36
484.25
397.16
350.45
372.93
408.66
455.64
556.38
554.15
571.35
575.08
539.65
620.89
763.63
705.27
726.77
691.06
704.68
760.09
740.63
644.21
588.34
562.24
609.34
658.90
674.46
658.18
628.97
568.83
464.33
393.94
293.29
265.94
225.19
177.17
186.46
133.44
82.50
65.57
68.12
69.03
83.80
122.58
162.25
189.81
189.82
204.33
236.81
244.34
227.86
219.91
281.07
338.88
369.94
406.29
413.87
409.85
345.41
280.71
283.02
279.56
269.95
247.26
240.69
210.30
179.65
153.90
147.18
126.32
114.45
101.34
87.30
69.64
63.06
49.13
53.17
117.73
190.28
211.19
246.01
240.34
268.28
290.61
331.72
422.01
495.94
642.22
806.61
944.95
1079.09
1222.37
1335.39
1404.26
1472.64
1494.91
1412.35
1136.90
931.26
839.66
851.56
936.78
1117.88
1190.36
1267.92
1254.44
987.72
825.02
833.49
960.96
1160.87
1415.61
1659.06
1947.18
2223.26
1617.83
1533.08
1474.55
1522.79
1578.55
1593.20
1691.81
1623.51
1555.88
1519.60
1470.40
1392.42
1327.53
1211.85
1026.82
814.58
665.11
561.84
509.80
615.72
665.22
601.22
546.45
595.35
725.16
819.02
903.74
1121.02
1343.75
1477.11
1477.20
1236.04
951.93
726.74
618.14
503.47
367.94
263.32
198.78
222.73
338.18
574.48
729.15
718.50
801.26
892.46
888.82
818.13
763.17
786.94
803.31
815.34
859.24
933.20
1019.07
1063.36
1106.49
1203.09
1333.65
1356.83
1303.09
1306.08
1306.53
1229.68
1123.65
1087.35
1065.20
1076.79
1045.70
1072.23
997.56
956.11
915.24
831.98
845.38
884.10
909.15
948.37
1073.06
1248.40
1455.37
1762.24
2057.54
2143.35
2155.81
2157.75
2262.06
2324.74
2172.49
2201.09
2357.63
2283.21
2093.39
2073.78
2086.86
2184.47
2159.96
2174.31
2225.10
2283.54
2319.10
2417.99
2555.58
2620.99
2634.28
2607.73
2569.11
2485.15
2511.44
2527.31
2221.62
1709.53
1453.78
1487.25
1667.70
1645.74
1618.59
1571.48
1441.06
1178.08
1018.43
959.10
946.69
938.45
876.32
785.36
654.11
601.35
586.42
568.57
548.24
493.87
428.67
381.62
373.22
360.44
318.72
255.71
252.86
271.30
273.21
274.94
250.74
242.58
239.68
237.48
255.49
281.28
262.24
258.76
269.53
269.38
295.27
369.10
394.79
416.95
419.03
371.63
365.42
324.59
269.71
261.35
295.24
307.69
285.28
272.81
252.46
239.02
220.03
196.01
167.74
171.22
195.84
201.84
195.04
183.12
149.01
144.44
228.52
301.47
374.42
450.04
494.96
599.03
661.22
835.67
999.62
1084.55
1130.00
1096.91
1137.00
1210.30
1257.35
1307.14
1366.08
1466.23
1631.11
1827.58
2070.17
2428.08
2761.83
3019.68
3086.50
2822.28
2622.77
2944.54
3069.08
2983.33
2797.04
2729.82
2645.60
2630.25
2715.40
2700.49
2797.93
2839.88
2892.92
2921.18
2873.85
2881.12
2956.77
3009.63
3070.93
3145.97
3214.11
3144.52
2989.67
3127.07
3142.00
3208.95
3418.74
3328.04
3349.61
3394.32
3545.28
3639.68
3664.02
3558.09
3408.48
3311.16
3293.12
3314.84
3286.14
3247.55
3263.12
3249.86
3305.20
3381.25
3392.87
3414.37
3317.31
3277.72
3189.94
3055.46
2881.85
2697.93
2368.59
2121.43
1928.56
1699.61
1521.27
1282.05
1117.83
951.05
781.89
627.53
533.40
525.66
500.35
479.68
467.21
403.29
335.44
326.17
309.95
266.91
210.47
159.86
100.84
55.52
46.61
52.52
89.97
160.41
216.15
157.76
162.15
207.10
227.27
236.31
249.21
280.40
335.96
416.80
544.71
612.71
740.99
963.36
1328.14
1627.69
1777.49
1715.38
1649.79
1659.63
1703.06
1856.73
2041.52
2228.69
2440.07
2521.60
2581.18
2632.85
2708.82
2765.33
2690.67
2537.74
2334.25
2133.72
2104.99
2099.63
1999.08
1960.19
2020.38
2069.62
2138.63
2142.33
2076.17
1893.35
1798.71
1730.33
1683.68
1822.12
1842.40
1853.00
1842.33
1724.77
1645.77
1599.16
1618.07
1779.54
1916.60
2130.60
2251.78
2293.08
2319.62
2354.89
2464.50
2557.81
2612.85
2548.05
2489.89
2364.84
2239.89
2168.64
2427.50
2591.85
2661.16
2592.02
2605.66
2547.60
2446.10
2415.82
2442.57
2653.43
2931.50
3143.98
3212.37
3425.60
3709.37
3850.25
4010.25
4070.96
3983.64
4047.00
3904.00
3796.35
3492.31
2918.59
2435.49
2110.73
1869.39
1501.90
1231.82
1008.73
823.33
708.72
510.07
388.77
338.93
312.70
314.69
327.80
533.48
531.77
488.98
526.76
564.62
568.56
567.06
562.84
614.92
668.93
876.83
1000.82
1066.85
1178.95
1240.43
1369.18
1515.04
1530.12
1501.33
1465.60
1474.37
1561.14
1625.97
1635.81
1667.30
1768.24
1726.93
1728.17
1707.09
1744.46
1736.47
1700.03
1627.39
1547.73
1497.27
1467.34
1504.98
1511.44
1546.55
1527.47
1510.51
1472.33
1385.95
1386.69
1365.30
1332.75
1343.97
1447.72
1498.62
1534.93
1545.07
1548.53
1519.09
1509.65
1483.64
1408.92
1337.61
1331.65
1307.93
1258.07
1236.56
1073.22
851.45
627.24
455.89
390.35
338.47
292.43
275.90
192.36
116.29
74.22
65.81
66.34
82.58
91.98
72.03
64.43
53.64
33.37
31.64
56.56
110.70
177.54
274.09
396.50
462.76
522.95
502.24
541.58
498.17
473.79
454.16
446.64
318.08
207.03
183.15
191.23
157.23
123.25
149.97
260.08
362.99
562.43
808.19
1253.44
1741.52
2050.01
2219.09
2347.81
2550.66
2722.36
2779.92
2667.18
2579.88
2484.06
2395.82
2308.67
2329.44
2403.94
2405.97
2570.34
2748.92
2983.41
3062.50
2941.86
2845.89
2748.68
2478.35
2041.37
1900.49
1942.11
1982.49
2001.43
2018.27
2006.06
1924.99
1826.73
1665.66
1530.60
1433.46
1371.81
1402.91
1646.58
2118.65
2476.93
2491.56
2535.52
2324.35
2260.90
2504.05
2585.48
2353.82
2157.44
2016.02
1907.39
1854.12
1770.00
1684.99
1562.90
1405.97
1277.10
1067.73
1004.98
957.32
809.81
641.94
489.67
399.64
381.63
327.13
303.96
342.61
417.01
450.44
455.85
431.31
473.03
508.16
546.15
473.81
363.60
306.40
268.52
230.74
185.50
154.97
163.22
158.10
120.70
107.57
106.60
104.06
152.23
206.17
246.89
323.96
364.73
364.46
317.58
266.50
193.31
133.57
83.24
69.53
101.62
109.11
94.32
80.81
80.99
92.20
156.18
245.80
312.01
278.64
209.32
299.37
528.79
814.77
1139.47
1451.75
1739.12
1980.09
2078.80
1958.57
1769.60
1837.56
1862.72
1631.71
1477.95
1329.96
1222.99
1188.07
1139.69
1110.83
1177.52
1239.55
1230.07
1127.47
981.31
843.55
726.84
820.81
1059.14
1110.21
885.76
706.65
688.44
581.11
541.88
539.84
387.44
305.63
254.60
213.09
168.41
179.01
243.43
304.19
329.16
430.31
497.51
485.98
486.24
506.12
544.69
515.44
516.62
596.16
790.61
1089.65
1445.30
1862.21
2104.93
2047.62
2065.84
1988.89
1840.16
1756.53
1762.15
1639.84
1586.02
1554.47
1693.40
1853.11
1968.21
2054.87
2034.70
2284.69
2506.89
2538.97
2350.99
2072.71
1734.97
1421.10
1062.38
794.38
574.91
494.79
498.58
536.13
657.02
820.52
918.65
876.85
840.47
954.83
1008.35
986.19
987.86
965.66
957.23
963.56
999.93
986.90
1049.58
1184.78
1366.29
1689.23
1877.26
1897.46
1951.24
1807.04
1752.15
1643.90
1342.13
1193.80
975.44
941.59
968.09
709.00
630.56
469.10
392.74
370.49
352.24
396.50
363.90
294.21
199.13
147.00
132.96
146.67
87.05
38.88
43.15
78.51
114.92
130.55
134.85
134.85
112.96
129.81
203.96
240.47
267.20
277.96
333.17
447.17
438.65
484.89
526.25
565.75
516.00
452.87
509.11
692.38
803.46
754.48
782.06
900.66
998.96
954.12
904.50
799.16
915.52
1005.99
1159.73
1512.37
1727.98
1909.21
2055.90
2014.74
1982.25
1878.23
1678.37
1484.52
1346.48
1270.86
1182.55
1058.99
919.96
766.96
659.00
572.68
519.54
541.89
542.22
527.15
402.35
367.68
317.64
267.75
267.29
310.65
305.59
251.66
357.66
464.83
544.32
637.71
789.39
883.00
944.66
1091.24
1231.21
1348.99
1517.70
1665.34
1858.98
2034.86
2165.13
2382.08
2550.86
2624.91
2644.21
2597.02
2470.93
2355.60
2198.67
1989.43
1763.88
1644.87
1507.88
1451.39
1304.43
1129.21
883.51
771.17
741.96
881.92
1027.96
1294.46
1484.91
1763.54
2050.92
2066.32
2162.62
2244.95
2190.18
2039.47
1597.65
1101.99
645.62
315.15
227.85
285.96
428.04
674.22
885.18
1264.72
1642.45
2160.39
2673.36
3002.14
3065.28
3203.11
3236.67
3020.44
2785.96
2278.66
1687.09
1392.84
1149.24
859.77
680.73
521.84
415.78
377.15
475.40
607.85
440.82
374.02
484.56
780.14
1064.48
1286.12
1781.33
2117.97
2396.54
2614.53
2722.70
2604.69
2504.79
2520.30
2416.91
2244.60
2050.11
2032.73
2450.27
2851.21
2903.19
3067.89
2674.22
2656.94
2251.59
2261.49
2145.13
2021.10
1939.59
2796.59
2987.58
2685.02
2125.04
1676.44
1346.81
1325.95
1498.03
1664.03
1812.44
1857.35
1791.89
1736.85
1589.78
1378.46
1107.31
812.88
730.46
788.56
874.09
803.09
494.48
323.58
250.78
179.95
138.00
101.38
70.79
79.39
94.90
112.17
173.78
233.37
253.52
362.17
551.98
764.43
916.12
1102.25
1307.84
1325.81
1277.39
1257.16
1111.57
1156.13
1347.73
1402.34
1399.21
1281.76
985.05
879.10
1177.09
1576.17
2085.53
2582.94
2960.37
3256.99
3464.39
3545.88
3661.45
3651.04
3591.55
3592.59
3653.16
3706.39
3705.09
3720.29
3706.20
3618.17
3536.49
3533.27
3505.87
3429.24
3191.57
2686.93
1970.19
1361.33
1339.30
1536.05
1799.53
2015.13
2284.84
2738.75
3135.55
3485.44
3696.09
3732.95
3662.57
3590.58
3489.37
3443.12
3309.07
3208.73
2760.15
2914.94
2496.12
2387.06
2405.36
2127.80
1724.20
1469.51
1417.80
1352.86
1329.30
1252.80
1289.69
1250.82
1243.24
1381.54
1491.93
1618.50
1885.57
2341.81
2777.83
2970.95
3166.27
3023.68
2820.67
3138.29
2894.10
2683.99
2321.12
1944.51
1773.12
1694.37
1627.21
1372.25
1239.79
1216.38
1247.96
1370.91
1327.99
1485.32
1612.59
1659.59
1591.91
1554.60
1524.60
1378.43
919.90
870.58
819.12
818.86
828.48
991.65
1533.21
1697.31
1802.53
1940.98
2315.64
2678.38
2988.25
3274.90
3206.12
3350.51
3437.23
3335.72
3214.52
3420.65
3460.10
3688.35
3591.12
3003.61
2494.51
2238.40
2219.94
2176.24
2294.88
2817.64
3476.66
3254.37
2860.84
2394.83
1906.42
1555.81
1273.90
1016.35
864.52
743.01
590.40
529.04
396.74
355.38
383.91
421.96
561.07
705.07
883.07
1107.28
1375.53
1573.08
1668.87
1684.62
1631.93
1648.13
1579.89
1589.19
1615.31
1662.66
1638.79
1603.38
1550.85
1480.17
1423.41
1318.45
1110.78
1025.78
899.73
802.64
790.45
960.38
1220.77
1337.60
1389.29
1482.53
1551.94
1380.96
1104.80
896.34
630.22
393.40
348.58
393.53
435.68
517.01
487.06
448.87
477.33
442.64
397.63
329.59
246.88
193.33
156.80
125.25
133.38
146.46
187.48
184.37
161.79
164.35
161.88
142.10
116.64
110.65
96.25
113.30
113.89
106.05
124.49
157.65
167.65
189.31
242.95
274.00
218.79
198.00
239.45
285.89
354.74
423.22
436.24
500.42
538.71
588.18
633.27
668.04
676.24
551.00
470.23
379.13
351.04
344.00
371.62
497.35
657.65
876.20
1042.69
1197.62
1445.77
1735.50
1969.89
2142.77
2287.97
2347.38
2354.65
2318.78
2193.07
2069.45
1981.11
1821.83
1536.79
1174.76
1032.78
924.91
780.71
620.26
446.57
357.72
290.92
237.47
174.15
134.09
72.83
49.19
86.97
193.40
433.29
624.59
781.26
960.21
957.40
842.23
706.83
486.97
361.37
357.44
347.05
309.33
394.51
476.23
494.72
462.92
476.97
457.68
470.31
458.82
419.86
310.39
456.29
669.74
816.40
864.39
866.98
911.38
965.46
964.40
887.38
810.42
700.25
526.92
437.18
451.92
454.93
461.94
480.73
552.36
593.82
626.39
608.68
640.53
572.37
657.28
785.22
766.36
803.26
784.11
636.76
487.51
461.85
492.50
461.36
386.88
292.17
177.09
99.00
86.30
106.59
171.22
287.70
375.66
504.65
635.40
752.76
876.44
897.93
1011.22
1281.97
1348.87
1297.49
1319.61
1239.86
1211.83
1313.35
1255.97
975.84
852.43
802.23
714.44
710.76
811.07
885.96
925.91
935.77
913.46
857.98
750.58
632.21
571.23
555.35
511.99
564.36
585.25
603.48
523.65
456.91
410.45
368.25
328.13
297.54
287.93
293.63
213.02
143.44
119.05
123.04
120.08
122.80
117.16
110.85
120.43
158.53
184.27
170.98
156.99
265.58
376.02
487.00
591.82
696.60
770.49
761.13
689.08
571.03
440.39
360.19
297.99
343.31
421.40
491.59
439.52
530.05
591.26
589.57
653.78
771.79
898.03
883.00
997.76
1294.73
1561.48
1740.21
1828.06
1726.52
1559.98
1330.71
1074.29
898.67
790.64
555.62
398.36
339.77
319.66
292.31
270.83
238.40
173.48
155.10
141.95
139.08
147.34
132.88
128.27
152.59
131.62
123.90
163.24
180.38
231.62
328.29
482.99
711.21
902.62
1043.57
1259.59
1370.83
1476.23
1559.66
1520.82
1391.13
1207.42
1034.33
936.30
938.92
1001.65
904.19
865.70
936.62
1025.90
1306.53
1430.65
1414.25
1703.52
1672.27
1399.02
1250.17
949.24
932.50
885.44
1275.56
1895.13
2372.65
2440.53
2402.03
2140.36
1739.96
1318.98
1000.40
856.61
838.68
1147.11
1472.98
1588.36
1633.63
1534.31
1349.78
1218.93
1049.52
800.72
692.16
638.24
464.84
373.86
447.43
634.70
822.17
1001.21
1141.54
1204.19
1181.25
1234.67
1312.98
1371.15
1359.39
1358.15
1435.03
1586.22
1812.16
1962.95
2034.84
2090.22
2351.82
2516.87
2464.61
2337.17
2062.36
1844.08
1763.57
1886.86
2042.19
2076.24
1936.83
1675.40
1504.78
1461.01
1493.62
1495.36
1458.24
1453.78
1584.03
1548.94
1336.60
1335.41
1310.58
1392.97
1405.35
1559.12
1795.31
2033.90
1780.47
1779.61
2174.49
2438.10
2558.47
2618.05
2603.62
2677.67
2655.57
2506.84
2385.76
2321.49
2240.53
2134.91
2148.88
2242.67
2139.63
2146.59
1943.63
2525.26
2564.86
2850.69
2812.52
2743.42
2393.24
2220.08
2353.00
2511.51
2647.43
2682.83
2593.66
2483.01
2376.34
2228.60
2144.87
1995.05
1874.83
1867.62
1883.39
1773.59
1745.75
1741.66
1719.94
1681.38
1615.14
1444.16
1187.14
937.58
731.48
599.81
499.34
432.39
397.57
402.56
298.08
173.91
128.55
147.94
119.61
74.29
94.85
132.62
141.74
163.05
182.59
230.27
246.53
217.58
169.77
104.28
68.10
42.30
22.67
15.61
15.06
15.29
13.04
9.60
15.46
30.73
46.20
87.96
134.46
189.23
243.24
268.63
321.96
414.75
494.36
527.25
519.60
569.10
530.65
628.86
668.20
666.95
643.07
698.10
705.90
702.60
670.04
554.02
494.44
473.77
500.55
523.46
527.76
492.88
393.99
374.19
368.47
385.82
390.01
422.66
415.71
420.33
343.93
310.37
288.33
274.57
250.56
249.16
293.77
355.08
428.34
570.79
711.53
705.28
729.38
776.66
691.43
579.51
539.63
488.82
430.44
348.01
289.72
288.85
295.66
284.40
222.12
150.18
106.58
71.66
49.17
41.96
48.11
63.57
81.92
88.50
80.37
72.89
67.91
75.52
76.10
79.80
73.34
69.05
131.74
177.87
234.67
295.03
349.94
423.86
484.65
504.72
556.70
540.65
466.33
385.97
382.81
426.98
439.24
394.84
374.26
376.97
435.69
441.33
445.13
461.29
523.31
686.42
857.79
1010.51
1072.98
1285.20
1435.45
1309.65
1312.76
1340.05
1132.73
981.93
903.82
901.03
1013.57
1063.62
1134.14
1196.51
1135.35
1120.86
1082.58
1036.73
954.05
748.23
643.10
535.00
493.64
515.00
526.93
527.41
516.99
469.16
472.40
379.67
259.05
232.09
317.06
316.98
248.39
191.17
147.88
133.71
89.40
69.81
85.20
127.88
129.91
108.09
45.22
11.57
10.89
16.97
24.01
32.41
49.33
77.81
110.78
138.41
192.33
169.09
130.48
113.11
106.26
114.55
143.42
154.52
150.92
153.56
203.61
254.74
278.18
257.76
146.04
101.79
116.24
195.96
261.83
316.87
374.79
444.63
541.25
596.68
783.65
1040.49
1063.73
958.59
990.31
1040.37
1091.25
1146.73
1259.55
1334.31
1317.71
1304.88
1374.57
1273.59
1088.49
1072.62
1224.35
1416.52
1628.73
1915.74
2104.88
2458.74
2474.75
2499.99
2361.28
2152.52
1856.26
1563.15
1517.71
1624.50
1713.90
1707.81
1628.29
1570.59
1514.12
1467.97
1450.44
1345.51
1089.07
902.33
938.41
962.63
1353.22
1653.27
1702.78
1724.39
1811.28
2345.35
2371.50
2467.73
2194.35
1796.87
1692.62
1720.64
1802.04
1775.50
1627.46
1481.52
1392.68
1418.91
1456.58
1344.98
1066.79
896.08
873.05
1039.42
1318.12
1511.10
1893.14
2118.55
2396.41
2668.79
2484.35
2626.10
2518.03
2107.14
1925.49
1888.41
2033.06
2063.89
2013.83
1917.88
1918.91
1946.56
1910.06
1817.34
1829.70
1952.25
2159.28
2470.49
2839.68
2748.28
2848.58
3033.58
3293.49
3336.53
3335.33
3145.77
2917.68
2570.59
2450.75
2490.21
2536.99
2472.03
2310.16
2160.13
1980.91
1830.74
1765.34
1702.08
1607.96
1552.22
1595.63
1613.96
1869.99
2398.06
2637.81
2734.05
2693.10
2639.08
2561.96
2257.60
1809.97
1379.33
1202.44
1184.15
1198.72
1225.38
1217.08
1207.26
1220.79
1232.53
1172.77
918.99
606.64
419.38
331.36
413.66
485.01
519.80
503.88
504.93
529.85
519.42
511.06
488.99
398.35
287.98
324.25
393.46
422.56
400.59
378.53
319.25
279.18
232.27
174.82
154.05
129.70
80.12
89.39
176.82
217.04
217.97
221.40
264.04
357.95
469.76
659.45
611.93
439.80
278.02
185.61
178.82
172.57
133.83
107.96
104.43
114.40
133.38
143.71
235.72
241.92
173.51
195.77
273.99
387.62
506.99
599.84
670.94
784.33
1006.66
1111.40
1203.36
1109.37
949.65
811.59
808.30
870.27
946.80
1025.12
1002.23
954.49
989.82
996.01
949.30
1033.72
1154.90
1192.33
1265.44
1545.24
1946.90
2111.79
2184.29
2271.13
2336.82
2320.09
2227.00
1992.70
1656.91
1623.34
1820.90
2021.07
2231.17
2339.68
2204.72
1986.03
1992.05
2000.45
2217.67
2270.33
2314.59
2332.47
2436.39
2545.71
2715.69
2780.78
2812.74
2879.49
2840.69
2695.64
2449.77
2145.66
1671.80
1275.47
1109.83
1016.26
1089.63
1133.49
1065.91
979.06
909.72
831.92
720.84
669.45
650.20
579.63
531.31
502.41
476.34
460.09
357.37
296.91
322.04
307.27
298.09
321.98
322.26
237.72
204.17
239.57
277.63
281.47
261.31
214.07
164.69
129.10
80.91
48.99
62.97
88.54
83.67
74.54
65.92
50.33
52.77
65.04
99.45
144.08
184.10
182.45
174.07
183.53
204.28
212.54
208.40
223.28
222.95
212.60
188.13
171.88
149.94
102.88
124.52
155.90
174.09
194.82
222.13
263.98
280.76
359.72
447.63
326.62
175.03
104.09
98.58
127.06
172.63
204.77
232.27
270.64
280.91
249.92
269.58
295.25
279.22
245.30
240.56
212.11
235.42
245.48
236.85
274.79
276.42
292.27
265.40
319.83
239.16
290.67
325.33
417.44
555.95
671.17
712.08
557.19
449.87
459.44
488.71
558.49
558.73
565.72
594.02
616.24
632.61
601.19
660.37
740.17
806.95
880.09
818.43
637.97
449.78
337.08
187.04
98.03
78.62
69.65
76.51
70.58
66.14
68.46
102.35
139.11
164.70
207.01
250.49
312.76
432.89
622.76
848.59
1000.23
1036.32
990.45
883.74
654.26
517.26
430.82
317.24
261.66
344.06
546.24
758.62
864.22
985.25
1124.52
1185.53
1199.54
1229.52
1332.23
1564.83
1865.74
2030.41
2045.45
1985.10
1866.77
1694.86
1491.70
1351.09
1275.48
1210.84
998.26
902.02
738.11
705.38
668.98
648.71
615.41
567.44
539.93
484.70
410.03
327.47
277.39
302.06
334.97
362.16
307.44
261.85
232.74
208.47
170.15
182.81
180.02
183.75
150.92
142.80
126.71
187.92
320.31
325.03
272.22
314.31
361.49
410.34
429.95
467.28
497.53
560.72
607.35
642.25
715.14
656.47
622.44
577.65
558.78
536.86
511.39
437.81
332.91
305.75
353.21
383.90
376.98
329.09
326.18
365.36
325.22
293.48
273.86
267.32
202.45
176.48
209.46
219.31
239.33
247.23
266.11
334.54
550.63
747.37
812.13
838.79
673.33
519.27
461.48
477.98
540.19
532.49
510.40
523.49
500.91
487.28
468.30
462.91
490.72
442.72
422.51
518.67
514.94
518.71
448.80
506.47
677.71
793.93
1090.13
1315.87
1524.82
1525.57
1775.00
1638.90
1492.76
1686.21
1589.30
1585.48
1718.57
1872.73
1961.18
1965.16
1891.39
1951.86
1887.60
1886.44
1873.02
1857.34
1934.63
2003.71
2161.53
2131.63
2042.60
1955.04
1836.13
1668.61
1376.28
1115.38
958.80
799.74
677.86
537.29
430.43
325.02
253.54
255.34
212.61
297.36
513.53
685.66
802.40
1010.30
1268.68
1452.63
1464.72
1471.89
1455.98
1534.34
1539.64
1472.62
1463.18
1669.91
2065.88
2160.24
2187.21
2120.61
2191.52
2317.59
1976.28
1973.02
2510.04
2784.11
2880.34
2801.45
2575.84
2335.69
2220.10
2080.58
1966.38
2009.16
1874.84
1764.35
1377.96
1008.89
882.77
976.36
972.86
979.31
1002.87
986.49
941.63
943.98
914.51
840.17
802.61
936.46
1282.37
1341.14
1199.81
1175.56
1180.59
1280.24
1315.73
1194.09
1144.11
1062.70
845.87
564.50
399.94
408.23
480.04
517.38
516.52
433.90
414.36
453.91
484.53
415.61
328.78
459.51
895.48
1033.94
1019.81
1525.51
1586.29
1574.87
1485.39
1489.55
1448.26
1197.14
1046.00
942.55
800.06
826.10
841.64
922.60
1028.47
1184.95
1323.09
1256.77
1177.97
1082.15
1139.78
1321.89
1388.51
1179.48
968.83
713.68
617.98
654.93
810.80
1041.44
1335.11
1524.43
1649.89
1571.52
1538.43
1491.31
1623.57
1784.23
1882.42
1863.14
2009.88
2053.79
2116.87
1993.93
2006.58
1828.45
1746.88
1434.48
1375.18
1503.46
1656.30
1678.26
1673.22
2268.92
2874.00
3326.91
3164.09
2855.20
2606.54
2502.24
2452.13
2498.67
2499.01
2384.46
2298.24
2217.15
2172.19
2137.45
2321.13
2537.46
2565.74
2590.52
2566.25
2489.70
2358.10
2244.75
2068.22
1858.80
1647.52
1467.76
1300.71
1071.91
908.56
770.09
710.02
639.41
614.12
626.97
660.11
719.71
728.73
725.44
761.79
828.20
853.81
941.94
1053.74
1169.87
1200.73
1281.74
1354.31
1428.55
1470.00
1466.24
1413.77
1385.58
1260.80
1269.28
1339.94
1387.73
1417.97
1409.81
1330.02
1292.47
1257.21
1343.22
1481.65
1638.91
1718.64
1774.68
1866.22
1953.20
1998.82
2036.52
2031.12
2092.86
2080.52
1983.73
1825.18
1650.29
1472.84
1441.54
1439.31
1504.96
1500.75
1455.05
1415.21
1372.10
1306.24
1271.69
1282.65
1394.73
1460.67
1414.60
1373.86
1434.87
1477.18
1492.11
1369.22
1276.50
1134.31
939.50
667.86
442.94
308.86
278.87
324.11
391.63
447.57
468.52
527.72
610.56
652.47
693.36
783.24
888.30
1016.91
1079.75
1125.91
1142.33
1090.44
1020.78
959.57
960.94
791.41
729.42
770.40
791.94
882.41
988.93
976.22
940.83
1029.99
1134.84
1259.14
1333.92
1372.27
1508.49
1727.91
2062.87
2110.10
2208.92
2065.62
1892.73
1672.37
1627.10
1747.37
1723.85
1731.06
2228.99
2129.11
1791.11
1440.91
1200.06
1151.58
1201.51
1196.66
1278.31
1354.54
1279.04
1157.52
1071.32
1037.18
990.27
1016.77
1103.25
1143.11
1195.75
1145.83
994.06
830.05
712.09
756.16
712.04
535.06
503.35
496.40
422.11
434.58
515.51
589.94
595.11
567.10
479.06
394.42
295.15
217.74
274.83
293.69
292.65
351.95
462.01
596.08
752.43
934.83
857.82
748.71
556.21
437.60
334.97
305.78
353.83
522.36
687.81
775.00
747.55
758.31
835.65
851.70
803.83
928.17
1058.23
1156.62
1170.01
1158.39
1105.78
1061.05
1056.22
1081.28
1120.54
1090.45
1013.64
835.16
672.68
514.51
461.62
592.66
716.40
772.00
742.99
704.19
741.47
849.65
814.04
1033.56
1400.03
1562.15
1707.02
1857.59
2043.09
2364.72
2415.94
2530.79
2692.90
2792.52
2790.05
2746.60
2526.58
2103.41
1813.37
1755.32
1677.21
1578.83
1475.88
1352.53
1280.98
1145.77
905.28
902.01
984.72
940.39
856.59
847.51
813.54
749.19
751.88
776.70
814.71
772.31
643.25
535.13
524.25
462.09
357.76
354.32
330.20
253.21
172.68
88.99
54.18
109.58
83.52
43.74
33.04
30.93
40.73
54.71
79.43
108.74
140.24
199.55
283.42
391.09
461.84
512.00
502.68
551.50
688.07
674.74
584.22
575.63
609.03
639.73
727.51
852.42
861.01
808.81
715.80
656.90
641.97
678.92
731.73
835.95
909.60
958.34
1054.70
1203.95
1310.90
1285.19
1032.06
853.25
776.36
748.58
739.54
719.51
665.28
636.09
552.01
483.46
432.13
486.28
583.74
524.63
513.18
583.70
695.26
835.63
917.62
996.53
1133.42
1279.28
1146.29
959.96
716.85
556.21
574.22
549.77
539.52
542.01
564.77
550.96
503.39
484.90
477.39
602.33
628.09
466.76
377.66
319.07
303.07
271.25
246.11
224.61
179.08
123.04
85.37
57.60
32.02
28.63
37.28
29.93
26.82
29.07
34.02
37.40
41.90
44.61
36.00
6.34
2.94
9.91
14.18
18.86
27.21
44.92
63.52
93.54
120.92
133.40
143.25
154.40
144.51
154.97
183.79
189.93
193.90
176.49
175.04
182.32
163.99
130.65
93.36
42.40
17.96
20.73
42.74
60.27
92.66
135.86
175.70
203.03
211.33
236.82
261.52
290.06
325.91
395.74
508.06
608.37
687.29
708.29
647.31
605.38
611.67
606.46
561.82
443.16
422.77
546.42
655.70
694.86
740.99
801.51
873.36
975.11
1017.46
1248.69
1230.95
875.64
689.19
569.74
598.78
476.34
390.23
295.72
319.68
265.46
215.94
169.35
106.66
109.61
154.73
225.19
445.18
1020.73
1431.55
1843.59
2248.93
2269.89
2323.48
3252.19
3086.27
2716.37
2398.62
2226.46
2033.13
1616.18
1295.29
1090.46
978.91
837.20
857.58
881.52
755.44
677.94
858.14
1050.52
1001.07
915.22
760.04
620.60
531.15
605.85
543.71
412.85
254.38
123.49
71.12
60.40
104.53
145.35
167.73
271.16
316.70
350.06
468.30
573.93
537.99
415.50
526.87
522.75
502.04
495.44
465.57
424.18
364.04
394.30
450.52
477.84
477.32
543.35
529.36
402.38
478.59
589.73
623.51
636.97
685.64
696.97
638.35
549.50
450.62
398.60
514.85
603.16
725.20
843.60
963.25
1033.43
1168.69
1293.54
1323.86
1368.86
1476.29
1437.61
1318.51
1214.72
1153.89
1087.86
1095.92
1101.64
1034.71
1013.38
987.36
900.04
907.59
871.66
917.28
1229.71
1501.69
1767.71
2013.07
2223.85
2371.54
2433.24
2475.53
2487.06
2511.64
2455.96
2298.68
2285.43
2152.96
2055.82
2017.84
2106.52
2095.05
1952.49
1805.36
1546.13
1338.05
1363.33
1635.84
1726.75
1776.19
1723.76
1733.69
1680.60
1597.03
1534.41
1387.58
1167.02
896.59
656.67
542.70
547.44
667.04
831.24
881.21
940.37
1014.59
1242.05
1519.28
1822.27
2107.38
2050.84
1751.07
1817.67
2108.16
2395.00
2269.13
2277.29
2002.77
2032.98
2236.26
2564.97
2718.54
2458.49
2007.76
1757.91
1733.86
1732.85
1806.60
1844.19
1796.29
1835.04
1826.56
1833.26
1795.83
1980.71
2223.60
2566.98
2773.67
2921.04
2922.52
2770.96
2633.80
2792.93
3213.04
3400.49
3215.00
3040.21
2651.95
2280.90
1989.83
1756.05
1440.53
1094.27
835.46
695.30
554.82
459.09
409.77
476.86
689.96
911.55
1164.46
1414.97
1456.83
1333.91
1130.24
1027.04
1040.54
1045.56
1195.11
1758.62
2593.82
3124.33
3550.35
3567.99
3362.69
3361.88
2920.80
2721.50
2650.07
2828.81
2821.43
2753.63
2537.78
2041.81
1889.11
1796.65
1662.01
1630.55
1460.57
1415.31
1550.10
1803.72
1580.79
1111.07
730.94
519.17
469.25
480.89
492.74
505.33
507.14
470.30
423.69
397.34
353.40
345.53
377.95
464.51
536.00
558.45
677.24
706.09
702.78
658.05
553.05
521.35
448.88
349.09
226.74
145.34
119.13
94.24
90.26
66.82
41.36
26.12
29.75
57.73
81.60
81.70
76.00
99.28
154.21
268.20
437.67
701.84
940.90
1161.82
1250.17
1318.58
1327.88
1297.30
1361.59
1522.70
1577.70
1657.03
1697.93
1824.27
1957.32
1880.46
1667.89
1462.74
1276.67
1270.53
1129.07
1140.86
1134.03
1261.13
1312.77
1282.13
1253.77
1173.76
1007.40
814.05
655.76
384.72
222.49
222.54
267.02
196.26
190.12
205.56
188.23
218.14
220.44
210.23
185.50
156.71
191.94
252.66
291.12
315.41
377.59
407.00
416.64
430.43
501.35
442.54
404.06
377.41
283.03
235.01
232.18
234.60
222.50
247.03
284.41
306.36
276.10
253.17
226.09
235.76
227.83
249.82
152.91
93.07
87.95
93.08
130.26
181.79
232.38
335.09
486.39
654.98
822.76
1097.14
1416.20
1609.37
1743.91
1885.96
1940.22
1927.96
1965.56
1995.63
1900.29
1905.69
1812.46
1601.52
1493.72
1287.53
992.14
784.68
613.38
596.31
681.08
588.96
469.11
411.87
389.71
373.00
336.50
344.40
366.51
386.68
391.51
412.40
380.55
368.88
374.46
410.35
475.14
486.69
552.48
602.08
686.52
751.94
710.10
818.07
780.15
1283.21
1474.74
1598.41
1628.26
1522.83
1571.42
1526.60
1525.38
1480.21
1396.17
1285.18
1223.08
1115.64
1058.88
1139.41
1298.85
1458.13
1553.60
1660.21
1721.91
1758.53
1592.82
1406.19
1190.01
912.10
654.67
433.87
237.43
112.32
76.77
79.08
91.27
114.66
198.68
235.49
286.62
368.40
388.81
431.65
527.08
535.46
482.76
559.76
678.26
876.10
1045.70
1091.57
828.26
799.68
581.62
405.68
268.19
218.93
184.61
264.40
288.67
284.69
227.36
225.20
211.13
210.75
188.80
157.70
172.36
246.46
297.78
344.30
427.35
657.30
882.60
1162.48
1552.48
1812.35
1981.33
1978.19
1848.38
1712.86
1733.57
1781.59
1775.56
1741.47
1774.28
1683.61
1518.67
1347.68
1220.04
1205.82
1280.90
1345.02
1338.59
1327.54
1254.60
1193.41
1143.36
1106.95
1081.05
950.87
805.10
648.24
503.66
455.49
514.61
546.77
517.04
493.88
487.33
471.13
429.99
385.09
298.64
229.31
221.63
232.64
208.84
180.08
171.83
147.02
118.23
83.04
54.10
36.43
27.24
22.84
21.65
39.12
54.62
69.91
96.01
95.67
113.30
130.81
139.85
145.77
158.52
103.40
37.11
40.50
65.61
75.00
73.98
76.88
82.00
104.28
155.07
200.92
253.69
301.87
340.90
446.26
589.88
729.04
786.91
797.89
860.25
889.83
899.43
897.56
827.46
659.89
530.80
554.22
566.35
552.56
541.09
529.11
593.33
620.05
545.28
530.13
485.69
445.50
405.21
367.70
283.40
253.11
353.48
313.01
187.33
172.07
234.65
380.99
541.09
581.69
733.60
884.33
1025.63
1180.03
1342.02
1493.95
1684.83
1976.57
2067.58
2018.11
1784.60
1439.09
1010.94
733.32
634.48
591.95
582.40
566.41
507.64
428.62
373.52
312.17
294.85
246.38
209.46
187.71
200.56
243.02
216.42
183.96
163.12
171.41
154.25
117.58
137.08
216.19
309.34
342.56
340.66
356.19
465.42
575.81
655.58
797.07
859.66
925.68
1093.64
1317.44
1622.65
1743.37
1673.60
1555.04
1592.91
1553.23
1602.36
1778.01
1967.50
1903.12
1700.66
1364.74
969.07
697.73
596.96
602.23
600.88
606.78
584.64
497.09
371.15
272.50
274.44
214.37
238.27
321.82
291.98
257.54
395.40
481.35
468.63
420.52
449.07
464.33
450.14
438.34
489.58
586.23
722.51
837.44
1048.98
1194.18
1244.62
1270.99
1281.84
1150.03
1032.98
981.17
898.42
828.73
796.50
789.95
717.66
624.53
522.03
553.82
539.21
576.78
630.72
603.10
463.24
393.71
452.08
490.55
463.96
447.42
425.99
404.01
355.09
313.63
284.16
215.95
277.84
435.18
569.22
641.32
626.06
631.05
643.32
646.71
609.32
544.53
528.92
471.55
370.31
319.39
299.01
317.81
363.81
402.85
474.16
569.16
677.72
796.37
950.58
1058.71
1417.61
1935.72
1929.61
1736.62
1271.91
1347.46
1400.24
1462.32
1692.23
2387.75
2811.30
2479.97
1896.47
1607.59
1591.57
1559.55
1461.46
1335.93
1251.86
1153.09
1121.25
1053.12
862.31
722.93
783.80
803.57
915.53
717.13
605.30
612.02
563.42
544.61
479.56
355.50
292.18
241.13
180.06
171.30
213.08
219.95
210.50
189.93
180.59
145.41
133.29
146.22
140.20
103.22
56.91
58.49
69.66
70.25
90.51
143.59
147.13
158.78
179.68
179.11
183.76
161.73
145.36
183.71
275.93
358.23
412.33
412.66
371.12
416.26
502.46
585.10
616.75
621.11
904.77
1079.65
1013.89
934.69
875.56
802.20
776.67
930.39
980.24
988.96
1034.00
949.67
630.75
496.25
501.72
493.92
458.73
452.68
461.27
437.01
429.79
434.11
352.30
236.14
237.22
252.16
255.92
271.18
273.05
282.40
350.68
463.88
555.06
588.30
585.30
516.96
373.34
309.22
326.11
342.99
371.12
367.88
340.15
346.26
330.71
332.77
315.28
236.37
192.58
170.76
142.69
165.30
201.99
227.12
299.33
345.67
348.18
302.82
318.15
297.67
219.00
186.85
165.90
158.98
139.18
112.16
118.07
105.78
99.37
113.29
104.79
104.03
88.49
129.63
153.72
203.11
257.92
290.29
301.77
289.93
256.34
230.10
204.51
166.36
172.45
167.70
170.89
174.29
164.69
153.00
144.58
138.31
117.71
150.81
112.89
126.64
203.35
320.77
587.10
801.44
1084.83
1192.36
1282.81
1691.30
1981.35
2051.41
1813.58
1502.60
1228.15
1109.96
997.11
991.06
953.93
898.08
783.80
664.00
592.57
519.64
407.18
287.69
277.64
326.20
265.63
222.56
237.80
268.91
260.56
196.93
166.91
118.89
76.48
46.15
23.95
21.48
18.33
22.70
39.67
58.61
101.02
190.60
303.81
423.69
446.77
364.76
234.31
255.58
324.48
370.19
422.81
452.23
442.41
412.38
384.88
371.15
353.88
340.00
359.98
503.86
721.88
846.19
958.93
910.43
852.84
802.99
738.05
711.30
639.14
474.69
346.92
306.76
266.61
251.73
342.84
424.43
522.36
498.44
418.54
308.56
295.38
248.46
198.88
207.38
305.90
411.31
533.61
476.69
380.25
395.92
373.32
371.84
356.51
298.40
272.44
330.88
588.84
846.03
936.28
1031.06
1210.12
1350.62
1333.69
1174.25
972.84
736.25
435.94
337.54
441.11
591.82
768.72
933.50
1083.50
1462.38
1905.80
2199.24
2566.77
2843.95
3025.00
2925.95
2754.25
2631.49
2431.60
2467.50
2748.67
2749.23
2945.13
3456.05
3363.18
3082.10
2654.22
2412.53
2258.13
2159.68
2140.64
2142.22
2084.48
1991.42
2028.00
2058.66
2019.77
1971.68
2407.70
2726.13
2186.31
1751.91
1642.98
1611.78
1618.88
1642.41
1902.62
3039.38
3006.05
2694.57
2250.60
1911.43
1775.42
1814.08
1840.73
1760.46
1743.84
1687.86
1660.17
1596.07
1528.53
1604.94
1874.93
1986.32
1541.03
1201.23
1196.42
1182.71
1179.31
1191.28
1614.23
2059.02
1827.52
1429.45
1076.30
964.30
867.44
816.50
819.14
787.75
693.96
584.19
444.10
358.54
270.86
154.26
95.37
79.81
48.44
32.70
28.59
30.27
31.37
29.76
30.41
43.11
92.81
151.64
288.47
436.94
494.15
653.18
788.47
824.01
885.91
996.07
1037.21
948.38
876.55
787.10
794.07
889.03
1130.90
1547.90
1978.24
2171.80
2131.44
2154.03
1877.88
1679.14
1512.15
1288.64
1237.81
1411.56
1755.50
1789.45
1845.79
1309.59
916.25
622.58
597.68
602.53
828.18
947.37
707.60
419.94
203.56
156.91
198.93
247.61
215.29
181.83
151.39
137.13
126.76
145.53
187.11
214.77
237.41
210.70
142.34
121.44
100.81
108.54
86.30
121.19
129.02
132.96
80.26
127.88
214.86
372.18
434.21
488.42
559.73
851.84
1082.48
1246.52
1354.78
1425.56
1689.38
1749.49
1684.89
1588.42
1589.48
1353.78
1133.02
949.18
644.53
415.71
350.75
304.52
312.79
320.91
413.12
418.30
424.04
434.42
421.92
389.13
318.02
305.11
333.55
312.83
249.73
220.11
186.24
212.33
273.21
311.17
331.93
364.54
380.18
381.72
354.46
258.58
183.29
250.17
446.15
558.83
664.10
670.78
586.72
549.38
505.21
430.38
350.17
230.75
199.32
211.29
227.84
191.65
181.27
196.09
223.86
273.66
289.45
323.34
320.34
359.32
297.33
252.79
282.44
306.68
356.67
446.46
521.86
851.54
1069.49
1016.92
880.24
714.74
660.91
611.08
602.35
535.94
523.02
509.05
488.27
457.06
386.86
319.92
241.92
163.47
88.87
118.15
137.63
167.49
206.54
285.58
358.90
418.38
417.11
365.19
276.64
189.27
197.90
330.77
559.08
789.22
1006.69
1119.12
1168.41
1271.98
1341.58
1363.36
1406.45
1282.60
1215.50
1219.93
1318.55
1320.76
1320.02
1462.34
1586.76
1574.05
1325.83
1139.34
1141.06
1151.57
1038.07
901.57
891.33
932.95
924.12
777.50
475.84
322.49
381.22
567.22
672.18
765.30
956.90
1057.60
1315.15
1455.02
1332.16
1451.77
1453.30
1317.03
1304.98
1933.68
1988.08
1818.32
1633.80
1494.06
1559.19
1475.29
1187.01
1018.08
939.64
869.56
901.95
1012.81
1158.97
1328.73
1508.24
1623.97
1752.73
1792.92
1851.71
1900.80
2073.42
1953.62
2298.23
2689.76
2607.47
2526.26
2423.75
2304.35
2117.56
1974.20
1555.68
1270.24
1159.44
1154.66
1218.67
1300.57
1374.08
1480.05
1558.86
1901.90
2178.54
2665.42
3039.25
3130.32
2935.82
2804.16
2771.19
3082.40
3403.58
3392.21
3339.75
3054.48
2546.54
1943.04
1375.66
998.48
790.22
649.19
624.23
684.56
704.05
693.90
609.49
741.05
764.69
607.20
647.54
691.69
714.70
606.53
527.25
587.41
686.38
837.35
1204.34
1217.71
782.94
468.30
346.70
507.87
624.35
628.12
742.16
899.00
1005.41
1068.07
1161.93
1384.48
1555.46
1604.54
1504.67
1523.08
1511.20
1688.73
2028.40
2622.12
2376.80
1766.42
1359.17
1240.58
1325.72
1358.40
1411.58
1619.58
1734.16
1820.48
2000.17
2039.31
1972.82
1971.43
1829.60
1881.58
2047.66
2253.93
2306.23
2356.86
2215.26
2041.66
1953.58
1621.36
1113.98
766.96
646.44
662.68
632.06
623.52
587.78
552.65
468.47
411.40
350.99
311.39
318.23
333.69
277.34
297.40
541.93
840.91
1070.58
1289.23
1383.39
1506.91
1530.48
1411.68
1127.47
766.07
700.29
678.92
743.49
850.79
874.32
915.37
862.35
804.96
694.88
704.23
686.60
611.94
439.42
293.52
269.57
383.97
641.68
964.54
1208.40
1308.93
1398.41
1356.63
1211.63
1013.74
1211.75
1394.50
1473.98
1497.29
1415.33
1350.09
1233.25
1156.72
1064.58
1034.96
961.34
790.48
575.83
482.97
479.63
495.63
553.03
771.94
1022.55
1087.89
968.20
831.15
781.43
693.26
554.88
519.11
517.59
484.47
426.03
399.07
378.44
341.91
311.47
295.67
302.28
326.92
277.36
294.51
495.67
628.01
792.95
932.51
950.96
960.94
1086.39
1029.83
924.48
755.43
734.63
749.38
748.75
714.31
662.00
652.48
566.44
559.20
531.55
534.72
515.47
453.74
365.96
423.26
489.60
419.34
279.71
158.07
113.15
83.65
76.21
80.53
70.98
64.64
99.14
120.41
149.20
210.72
288.46
301.67
281.73
225.17
169.37
136.71
180.04
224.76
207.74
132.30
145.59
188.84
269.24
366.33
368.07
445.41
520.26
442.76
341.37
342.72
410.74
460.88
445.56
437.71
487.65
575.91
609.16
525.82
480.70
444.61
476.75
489.93
426.11
348.10
404.39
541.73
677.76
788.05
884.88
888.19
820.63
744.90
668.42
724.24
886.67
1078.99
1213.09
1137.25
972.25
1026.65
1323.53
1345.46
1299.65
1279.84
1228.54
1133.85
946.68
761.88
675.56
676.17
666.64
663.91
635.73
564.59
493.11
485.86
453.72
457.61
461.15
470.52
369.31
250.80
174.61
143.17
137.56
111.86
86.97
60.41
40.01
46.22
59.50
36.72
62.52
92.16
110.57
144.78
333.87
451.58
325.58
292.39
376.65
571.85
815.26
1103.84
1176.12
1098.38
958.59
955.87
1050.59
1146.31
1255.81
1350.46
1376.44
1363.21
1131.21
990.16
1008.07
1131.04
1142.82
1352.93
1488.50
1522.94
1611.61
1619.85
1427.66
1373.11
1522.54
1746.98
1797.19
1822.99
1847.06
1768.18
1796.91
1797.12
1809.20
1773.51
1684.69
1530.11
1383.82
1280.14
1347.39
1530.59
1753.53
1916.66
1933.74
1816.86
1713.68
1592.98
1225.44
1047.17
1171.92
1251.45
1204.74
1114.84
1013.73
988.95
1031.18
1020.91
942.71
930.44
903.30
824.59
686.08
600.48
529.61
519.55
630.31
663.71
646.79
633.64
544.70
445.08
340.34
346.86
449.99
528.84
582.01
592.04
584.11
537.09
558.71
561.97
554.94
608.24
651.13
636.66
534.45
414.53
405.19
440.97
545.08
686.19
735.55
736.82
650.44
523.70
464.60
417.70
407.75
483.80
468.55
343.21
212.05
198.51
290.72
331.85
376.68
335.11
316.70
372.39
297.15
220.24
219.08
233.82
249.27
320.96
402.85
528.70
578.90
688.98
719.50
821.09
1307.60
1900.23
2188.52
2398.94
2421.27
2397.71
2338.28
2189.11
2036.61
1956.58
1788.52
1500.78
1381.29
1470.01
1881.03
2338.59
2457.16
2323.01
2333.66
2516.45
3219.10
3028.81
2306.05
2230.20
2031.94
1849.95
1808.88
1620.16
1402.62
1284.09
1145.44
972.34
784.78
727.49
592.35
525.53
487.23
466.00
678.62
806.31
891.72
1152.50
1273.02
1154.59
1150.21
1204.25
1218.31
1203.10
1251.81
1372.02
1370.27
1316.48
1246.08
974.15
778.37
643.09
576.35
573.39
519.82
506.32
476.09
428.51
439.95
527.12
498.19
438.10
401.97
410.96
373.94
361.79
319.06
249.19
211.15
294.90
409.55
477.11
574.19
671.99
696.58
706.56
702.56
715.83
739.92
700.59
640.81
706.17
1001.60
1266.96
1372.19
1470.69
1584.88
1667.18
1689.16
1604.73
1340.73
1057.45
1042.09
1170.05
1366.42
1330.49
1151.64
1145.72
1074.11
1088.47
1126.03
1020.56
896.31
754.39
600.33
572.40
711.79
724.91
702.75
686.89
620.38
560.82
504.88
389.85
269.25
237.16
267.96
232.74
191.22
145.14
134.61
151.69
202.28
288.31
315.52
308.08
299.96
274.70
213.40
153.29
116.47
96.16
98.06
140.53
138.08
142.04
167.21
159.02
121.45
118.45
186.05
278.36
349.51
355.00
309.10
241.62
202.08
171.62
187.68
188.20
199.96
189.42
148.81
95.77
54.66
50.41
145.46
256.04
295.34
310.59
356.31
460.23
527.84
425.89
415.50
392.09
366.36
378.49
317.73
302.12
291.71
278.42
273.37
324.52
419.77
383.60
245.48
148.61
137.44
95.65
71.31
70.76
89.35
124.73
143.94
175.63
208.85
188.50
160.37
147.25
119.47
108.99
85.54
70.58
77.96
129.61
181.44
188.15
202.15
242.23
222.33
124.15
71.27
85.32
125.62
138.16
133.47
151.92
175.01
200.32
215.45
316.73
428.17
395.53
372.96
338.76
310.72
269.69
252.28
205.38
182.01
180.27
179.61
216.41
236.93
213.92
224.13
244.93
304.56
356.22
370.52
391.33
398.83
391.01
397.88
497.77
610.57
650.87
646.38
611.61
589.74
561.07
494.55
422.53
361.34
316.08
283.27
276.62
263.12
256.68
280.76
312.51
327.41
312.11
293.34
291.71
291.79
265.06
255.00
360.12
439.57
439.79
434.11
435.78
369.23
332.37
306.40
273.45
255.02
222.91
183.75
169.97
148.20
103.51
74.73
68.36
92.32
147.29
193.23
234.43
238.78
235.73
228.99
319.26
409.40
464.09
490.68
499.04
479.95
487.67
467.81
448.25
416.57
363.29
344.11
329.51
292.26
222.47
141.04
125.56
159.50
200.49
205.21
199.45
174.43
153.29
154.00
232.39
304.07
332.07
322.79
319.44
289.49
264.93
233.02
183.19
156.56
132.23
123.80
143.27
159.49
135.40
91.37
93.60
102.11
111.57
106.44
100.30
99.46
86.11
110.45
155.93
215.11
317.16
381.44
402.22
398.54
400.22
393.09
364.76
323.18
316.05
309.05
288.07
245.44
206.64
169.43
172.44
228.39
280.74
363.91
377.97
429.85
402.38
362.27
370.78
499.16
736.87
990.88
1294.30
1628.69
2059.95
2454.84
2637.70
2669.51
2564.78
2364.53
2199.42
2114.32
2157.11
2203.10
2221.80
2240.57
2194.01
2089.91
1909.53
1618.98
1268.98
909.53
720.09
590.49
480.52
396.84
308.02
252.60
197.29
190.35
205.66
264.03
388.45
527.86
651.21
782.80
883.62
1042.07
1282.45
1626.05
1840.59
2051.37
2229.93
2284.10
1968.49
1942.43
1763.51
1582.57
1217.23
838.47
708.76
612.23
612.60
597.70
598.41
665.67
789.49
1000.28
1050.23
1185.31
1265.51
1340.26
1395.09
1419.73
1436.25
1379.38
1315.34
1166.73
915.71
712.05
535.66
589.89
543.47
471.69
463.77
921.18
1388.45
1723.69
1947.29
2211.54
2429.38
2543.53
2566.96
2486.98
2584.19
2876.97
2840.25
2713.25
2619.38
2618.77
2624.58
2849.91
2698.85
2366.76
2202.45
2127.02
1872.26
1675.08
1570.09
1432.45
1366.36
1339.84
1208.31
1170.65
1052.96
936.25
759.87
546.06
351.74
344.64
332.70
309.76
264.78
300.67
437.24
467.18
400.38
381.72
417.86
482.86
532.69
563.27
620.63
664.50
711.93
766.56
873.93
905.95
938.29
999.60
1083.09
1125.42
1159.23
1616.58
2368.25
2796.83
2882.09
3023.04
3167.00
3205.15
3135.07
3028.24
2868.63
2845.59
2876.66
2903.64
2851.27
2784.82
2715.97
2694.00
2622.63
2648.19
2857.62
3069.95
3161.72
3217.73
3366.74
3547.51
3616.46
3575.23
3520.44
3432.52
3211.98
3035.31
2745.39
2381.61
2140.59
2086.27
2038.79
1996.15
1870.41
1697.52
1683.78
1684.73
1641.28
1655.18
1585.44
1573.77
1515.22
1358.51
1174.80
1338.58
1600.73
1520.72
1335.72
1256.74
1264.12
1210.16
982.71
756.39
864.93
874.69
819.19
853.69
862.82
837.12
807.14
768.89
746.82
738.65
756.66
750.87
761.46
728.59
633.17
562.34
610.73
659.77
637.61
592.99
533.00
444.75
312.92
218.17
233.20
244.93
255.57
193.50
135.07
96.45
72.91
75.12
78.51
76.06
70.97
80.76
91.57
103.84
94.63
78.63
98.83
169.51
232.44
296.12
280.82
265.82
204.10
120.92
71.54
79.07
81.39
86.79
89.76
94.99
106.84
121.76
119.29
141.32
199.74
253.91
285.31
278.95
186.42
82.99
76.50
79.15
80.68
94.88
99.44
100.53
104.47
124.15
182.40
269.39
313.99
329.95
339.66
336.11
367.99
404.58
499.38
561.28
600.34
600.11
586.74
569.66
414.94
245.75
324.54
471.14
527.30
480.38
396.93
390.77
414.28
448.32
681.87
864.81
928.35
953.91
947.90
1055.23
1087.94
1053.75
1096.50
1289.59
1430.60
1513.89
1624.82
1775.67
1908.99
2051.58
2100.44
2021.33
1889.21
1717.93
1535.75
1298.80
1026.78
860.25
752.07
680.95
618.32
602.72
564.42
527.11
491.08
501.95
510.11
570.52
593.45
663.51
787.50
936.62
1023.29
1103.23
1221.27
1216.03
1276.03
1343.50
1337.19
1222.52
1009.33
805.60
662.41
658.81
716.90
713.35
641.06
615.07
587.87
543.07
526.56
532.09
508.26
537.60
491.57
455.05
417.98
398.23
494.71
510.26
513.63
556.37
616.39
559.74
494.36
522.85
545.12
581.30
603.03
520.48
403.67
255.59
170.87
103.65
65.59
61.09
59.56
115.07
350.03
830.08
1360.83
1748.09
2129.84
2449.38
2919.80
3259.90
3374.07
3424.38
3278.25
3254.50
3381.94
3570.08
3675.10
3596.75
3445.33
3187.27
3040.62
2848.86
2751.04
2575.87
2379.80
2185.17
1989.46
1764.22
1570.80
1500.08
1618.05
1813.64
1912.87
2016.44
2137.39
2251.16
2174.74
2101.22
2020.47
2092.38
2014.56
1655.15
1284.63
989.09
777.38
687.10
636.30
704.32
683.03
685.38
901.30
1043.75
1200.08
1419.22
1717.15
2065.81
2263.42
2375.33
2323.89
2115.05
2043.39
2168.63
2304.22
2600.15
2731.28
2730.63
2497.81
2133.74
1850.74
1717.00
1183.61
904.53
734.59
555.26
496.45
416.72
343.55
403.53
541.84
758.45
886.93
870.10
970.07
1111.14
1219.74
1323.20
1332.31
1267.90
1248.43
1269.80
1287.82
1285.04
1325.72
1361.73
1260.92
1265.76
1358.17
1323.95
1331.20
1309.16
1214.25
1264.18
1470.57
1514.66
1532.75
1531.74
1340.78
1097.20
856.94
765.76
698.72
693.32
633.79
623.43
624.47
615.11
620.81
536.76
443.20
389.48
358.01
290.21
195.15
96.29
47.46
17.37
7.52
4.71
4.62
4.24
2.39
3.06
18.73
108.52
356.71
614.63
771.28
901.70
978.21
1044.49
1180.19
1297.40
1290.67
1342.85
1561.49
1733.34
1930.20
2155.79
2472.47
2927.23
3329.81
3384.40
3500.42
3349.97
3266.10
3481.35
3397.57
3399.34
3483.71
3475.67
3409.78
3221.16
2958.17
2683.30
2454.07
2311.03
2285.84
2304.52
2422.49
2480.26
2482.01
2424.16
2367.94
2383.16
2245.58
2055.40
1759.41
1435.12
1215.64
1092.27
987.13
944.60
955.07
873.27
724.26
565.58
444.04
355.93
265.92
176.34
151.68
97.33
63.60
54.07
83.80
89.06
55.89
17.64
18.16
21.25
49.17
58.58
56.43
54.31
53.62
117.72
219.26
326.60
402.54
496.58
525.16
551.27
653.13
582.11
501.00
442.47
424.93
475.81
527.67
593.56
517.95
424.33
400.16
351.81
275.44
280.11
323.05
355.80
371.63
391.45
536.32
618.17
709.64
808.12
848.50
889.39
913.46
914.75
933.98
1059.61
1149.42
1230.58
1282.83
1250.57
1216.32
1144.21
1099.92
1001.96
932.47
1350.77
1706.83
1970.98
2192.66
2497.52
2809.64
3166.56
3371.43
3463.26
3360.90
2833.52
2740.90
2628.57
2605.03
2596.86
3028.82
3080.61
3235.47
3187.62
3105.13
3148.18
3230.06
3124.17
2891.72
2628.66
2404.26
2115.83
1775.62
1455.06
1193.68
914.44
795.26
744.40
587.70
554.68
487.77
418.43
477.32
533.02
526.50
500.14
673.46
766.28
862.94
938.56
1376.64
2032.23
2380.24
2544.00
2533.91
2315.35
2091.98
2028.87
1982.15
1965.06
1936.55
1898.38
1792.28
1610.49
1413.60
1222.39
1119.93
1101.62
1193.70
1210.61
1206.15
1167.87
1184.82
1034.19
1149.85
1315.81
1428.33
1575.05
1525.71
1230.16
1005.15
1064.95
1194.83
1320.46
1334.21
1215.57
1111.87
1120.07
1112.25
1051.35
1009.88
990.54
965.21
887.95
873.33
905.22
885.62
867.20
783.18
659.79
493.17
423.56
393.46
383.89
444.21
711.24
948.90
1094.76
1180.41
1192.87
1067.69
968.61
859.57
788.17
733.34
721.93
676.96
585.29
452.67
341.63
269.58
239.73
250.57
227.14
216.36
221.05
242.22
226.95
211.99
202.62
207.21
182.31
149.43
142.39
119.58
96.45
58.49
52.62
59.09
56.20
46.11
46.10
37.68
28.35
24.30
20.09
31.95
69.83
96.55
129.78
166.41
195.06
317.18
534.08
740.10
875.55
958.85
1117.50
1277.07
1413.59
1697.90
1720.53
1691.56
1207.55
868.85
894.71
790.32
660.20
723.13
1149.87
1521.39
1671.93
1872.38
2196.91
2224.42
1948.90
1530.27
1271.86
1090.17
1055.15
1066.13
1194.35
1239.94
1400.86
1333.94
1257.74
1086.85
958.83
937.15
873.09
783.37
792.58
829.56
827.30
874.08
904.69
705.60
544.32
479.53
455.86
403.54
342.27
314.28
286.08
250.58
203.85
166.64
124.42
83.76
71.01
68.43
71.49
76.19
77.37
77.72
86.55
104.69
105.82
129.02
192.58
229.70
312.95
399.63
475.70
533.83
574.53
600.55
674.55
835.65
1126.04
1245.17
1343.65
1529.79
1788.01
2008.31
2062.85
2073.88
2137.61
2124.27
2155.46
2129.61
2244.94
2446.43
2706.76
2809.32
2724.72
2541.84
2159.26
1991.54
1886.80
1803.84
1631.54
1605.43
1573.93
1377.01
1235.02
1196.21
1203.57
1296.82
1511.81
1830.51
2077.78
2362.36
2597.70
2777.28
2971.89
3229.18
3459.40
3560.70
3561.30
3527.53
3498.26
3477.90
3459.02
3469.82
3398.13
3427.34
3466.68
3520.38
3592.71
3585.89
3535.42
3476.99
3464.25
3482.52
3482.34
3460.51
3459.71
3448.16
3405.61
3449.09
3441.76
3377.06
3389.75
3392.34
3368.17
3315.66
3183.28
2956.91
2770.25
2516.71
2236.35
2021.80
1765.37
1517.04
1235.81
964.73
788.73
559.12
418.96
272.55
141.64
68.34
31.18
17.99
19.65
71.67
152.47
228.64
199.22
206.03
267.43
296.15
403.75
531.62
663.84
776.68
917.81
1058.93
1276.36
1413.75
1626.12
1723.33
1845.14
1983.23
2024.26
2186.91
2296.40
2376.74
2421.91
2438.57
2509.17
2559.96
2581.69
2671.69
2691.55
2649.54
2539.92
2371.99
1934.79
1532.50
1119.25
802.23
644.19
467.31
270.69
136.53
64.64
41.82
61.11
54.14
71.24
71.90
53.30
29.35
21.71
35.20
45.91
52.57
54.15
71.46
76.35
103.64
106.21
109.21
92.32
75.18
78.84
94.99
85.53
84.13
80.55
63.44
53.88
49.46
49.87
41.64
39.45
33.73
30.47
22.09
17.09
13.37
12.04
16.43
21.28
18.52
14.77
15.37
10.79
7.70
6.00
6.61
5.78
3.69
4.17
4.82
9.25
17.31
24.89
36.86
56.78
65.14
64.67
69.72
66.15
87.00
114.79
138.27
216.75
287.18
287.65
289.71
265.07
264.32
296.24
318.68
283.11
243.39
209.33
158.47
116.53
72.39
48.16
43.71
27.36
15.47
14.94
12.26
9.61
8.06
10.11
8.77
8.53
9.29
15.10
25.24
29.01
28.98
32.26
36.67
43.12
39.96
36.12
45.17
61.34
79.04
109.56
152.34
217.90
265.59
261.15
261.89
278.12
336.30
384.03
435.14
512.74
578.61
606.23
593.42
537.79
519.92
487.56
472.78
473.73
518.47
536.14
510.65
472.04
421.36
384.05
297.55
235.79
194.00
168.88
171.65
181.10
161.42
171.04
165.89
144.39
138.51
128.81
114.39
96.32
88.70
98.32
88.59
75.70
95.43
81.08
64.40
58.30
56.32
49.84
47.89
53.71
54.31
73.86
96.94
140.13
138.76
148.38
174.34
192.19
215.54
226.45
237.85
231.39
234.77
229.38
181.76
145.01
124.17
123.51
116.77
112.07
119.54
111.11
112.53
106.06
117.23
142.30
154.99
163.86
188.86
189.82
192.51
173.43
162.34
149.25
130.02
117.92
120.63
119.48
137.53
130.30
120.50
120.69
112.90
91.98
69.50
45.74
22.35
31.87
44.34
38.55
44.25
50.43
56.01
54.24
69.22
65.26
93.72
118.15
132.93
168.33
210.84
194.34
215.81
246.76
320.56
470.04
422.02
401.20
448.02
504.56
595.44
686.79
754.15
865.52
1090.50
1325.56
1537.03
1645.07
1753.26
1871.78
1949.92
2056.68
2038.22
2084.29
2132.25
2082.25
2022.97
2004.86
1937.79
1952.26
1849.03
1776.24
1594.68
1381.49
1160.98
992.95
921.60
721.95
467.59
270.79
244.01
263.12
367.95
546.22
790.79
1191.88
1505.40
1676.01
1862.79
1922.32
1911.87
1884.77
1929.36
1871.59
1829.37
1767.07
1737.73
1780.10
1813.50
1888.12
1914.47
1865.37
1666.60
1669.99
1811.13
2109.56
2492.93
2790.03
3037.59
3259.49
3408.90
3500.18
3576.95
3462.00
3325.66
3209.92
3234.64
3137.15
3078.72
3068.60
2779.98
2706.13
2574.16
2540.04
2739.74
2631.68
2494.06
2377.84
2282.66
2172.26
2097.81
2081.31
2171.52
2135.50
2225.43
2339.24
2461.53
2569.11
2570.38
2629.33
2650.02
2583.30
2474.32
2480.15
2545.88
2520.40
2693.67
2858.55
2871.10
2883.04
2844.40
2661.84
2745.59
2645.54
2519.87
2610.48
2577.46
2465.69
2285.97
2028.39
1813.19
1640.39
1602.62
1518.06
1723.76
1892.88
1910.00
1927.33
1860.81
1634.88
1484.52
1405.83
1472.50
1423.10
1503.95
1761.05
1825.71
1713.93
1637.56
1590.25
1475.24
1317.65
1237.60
1118.08
1066.87
885.52
683.66
573.35
513.63
372.31
290.35
256.72
202.64
173.50
110.60
59.83
28.06
23.10
24.00
33.37
51.96
72.59
144.31
202.48
225.21
256.25
280.24
299.62
255.82
296.03
331.09
383.51
385.69
392.54
396.40
357.79
256.93
273.59
294.65
361.33
398.15
362.69
302.05
341.30
443.02
460.15
438.37
486.79
516.64
479.52
415.28
374.71
370.48
387.06
356.48
337.34
377.27
463.29
546.97
530.15
450.51
371.98
328.34
234.11
245.65
301.72
254.79
218.60
177.06
131.88
99.59
81.73
78.93
80.05
145.42
150.82
150.42
194.49
183.51
201.43
231.06
268.78
267.49
274.97
228.33
299.14
334.21
427.18
464.63
463.35
634.92
1044.92
1206.55
1198.34
1076.11
990.21
1113.69
1274.98
1412.70
1616.91
1949.86
2061.48
2076.30
2082.01
2099.98
2013.03
1785.14
1479.25
1264.43
1058.83
975.24
975.58
945.07
896.90
931.53
1159.95
1445.07
1798.35
2058.07
2253.28
2336.15
2388.08
2536.51
2643.33
2665.19
2608.24
2483.53
2489.20
2543.29
2556.37
2567.44
2645.98
2733.96
3067.25
3162.04
3334.23
3423.74
3491.97
3580.15
3820.05
3874.31
3920.48
3957.55
3947.33
3864.59
3856.13
3840.05
3670.93
3269.08
3361.13
3181.97
3090.62
3136.51
3140.82
3648.50
3660.42
3536.77
3442.42
3360.81
3300.50
3130.36
3075.14
2906.67
2669.16
2615.66
2687.21
2764.69
2826.32
2835.10
2845.13
2857.97
2798.13
2899.21
2975.10
3038.18
3106.07
3179.46
3246.90
3311.01
3245.50
3186.66
3166.67
3250.94
3302.32
3265.80
3188.99
2983.84
2728.85
2425.68
2154.00
1943.09
1800.85
1802.77
1819.39
1838.20
1706.81
1531.99
1476.88
1473.02
1491.01
1453.75
1306.84
1143.97
923.23
713.63
496.15
350.19
215.96
154.16
97.86
80.31
127.37
242.13
484.60
785.64
1114.56
1540.92
1883.25
2155.04
2314.25
2476.57
2519.84
2489.42
2511.00
2483.29
2409.98
2359.54
2338.52
2292.55
2191.12
2064.91
1921.59
1737.88
1565.17
1333.74
1162.63
932.81
690.25
495.88
377.59
325.52
234.31
197.63
136.58
124.31
151.57
137.98
190.92
310.21
508.38
700.71
853.91
940.75
993.58
1014.17
1032.28
1039.54
1099.26
1214.41
1256.95
1269.13
1360.75
1459.53
1573.95
1593.70
1621.89
1678.89
1788.27
1850.66
1949.81
1987.96
2046.12
2092.98
2193.36
2302.03
2335.50
2259.40
2234.98
2177.02
2110.37
2033.81
1958.01
1820.93
1691.22
1633.20
1677.52
1549.16
1471.83
1398.01
1280.53
1107.81
1055.78
1102.05
1048.92
1016.63
972.07
914.18
885.09
892.17
859.39
873.04
886.48
845.86
742.34
810.06
895.03
975.54
1117.88
1339.65
1636.39
1869.65
2069.53
2167.31
2088.01
1942.78
1747.02
1705.33
1715.28
1834.65
1838.21
1663.86
1540.05
1524.09
1553.50
1709.29
1837.02
1924.10
1919.24
1879.18
1813.29
1700.66
1582.69
1448.86
1392.35
1314.94
1254.85
1136.80
1084.91
1086.75
1071.86
1064.22
1003.86
909.32
946.90
970.62
1160.70
1336.68
1643.81
1735.05
1838.51
1930.60
2092.93
2268.25
2309.48
2260.83
2185.39
2099.18
1991.37
1851.59
1688.12
1458.28
1329.88
1291.12
1160.25
1108.47
1026.82
983.35
944.16
954.37
962.64
909.14
792.30
709.73
651.94
616.50
605.20
544.65
419.75
363.45
339.87
381.79
432.99
450.17
454.01
458.76
594.03
637.05
596.05
539.96
615.01
731.73
860.19
943.50
1077.50
1299.76
1413.94
1645.11
2042.82
2399.64
2722.84
2955.68
3150.42
3356.04
3525.09
3564.49
3617.30
3655.31
3591.62
3516.13
3418.22
3023.42
2972.94
2779.43
2617.04
2650.16
2677.37
2642.34
2474.86
2135.89
1786.43
1458.01
1141.74
815.04
585.13
450.58
413.83
285.45
198.62
167.50
156.31
121.37
119.45
91.77
53.62
22.42
29.51
46.52
103.07
149.30
263.50
459.31
726.44
1095.63
1379.54
1528.15
1739.02
1817.61
1904.83
2070.87
1984.76
1901.59
1981.91
2088.66
2009.85
1873.46
1579.00
1424.31
1432.43
1451.56
1451.77
1392.90
1380.23
1342.99
1415.98
1535.19
1565.38
1609.75
1599.30
1667.97
1669.56
1750.00
1878.59
1941.69
1849.06
1775.92
1806.39
1902.50
2065.28
2244.34
2260.62
2222.94
2143.31
2161.07
2324.56
2484.68
2619.66
2674.72
2729.22
2779.39
2818.76
2855.50
2903.64
2836.99
2759.66
2636.74
2586.92
2475.39
2294.17
2071.94
1941.28
1903.02
1866.49
1770.58
1630.09
1512.78
1337.60
1144.19
945.54
850.12
745.16
663.52
594.35
541.67
444.61
359.76
278.96
213.55
154.73
114.01
79.45
69.08
59.15
70.83
82.07
81.21
72.32
93.12
105.95
125.11
168.70
206.19
250.83
272.78
270.57
289.55
314.24
272.01
187.84
147.76
145.87
143.33
155.24
168.67
174.45
204.27
227.70
263.91
296.27
281.53
323.99
373.65
318.80
214.00
162.95
136.87
123.51
95.96
66.49
47.44
27.82
15.73
11.43
9.40
13.78
24.48
34.84
43.93
37.67
36.70
39.93
39.29
25.06
27.01
24.32
21.58
18.09
17.91
24.48
30.62
29.06
39.73
60.34
85.53
121.19
200.29
337.70
439.98
525.42
659.09
776.19
812.35
927.52
975.41
894.05
817.71
736.46
696.15
708.79
752.37
781.26
803.38
779.84
823.45
776.75
677.77
714.90
819.91
899.37
956.86
993.01
1097.11
1408.02
1676.58
1653.69
1686.28
1724.26
1854.80
1914.95
2047.24
2089.98
1886.20
1784.02
1846.16
1902.16
1890.12
1918.22
1974.20
1878.37
1833.99
1724.25
1666.95
1496.18
1325.26
1197.90
1078.79
964.52
1023.71
1333.17
1736.59
2203.37
2602.68
3010.08
3367.39
3325.50
3344.38
3421.82
3529.32
3698.58
3898.65
4002.98
4022.19
3922.02
3768.31
3715.30
3711.51
3729.31
3696.83
3603.06
3614.75
3574.33
3414.13
3321.95
3268.59
3206.45
3240.68
3242.13
3235.80
3236.03
3382.43
3451.42
3545.40
3586.96
3441.46
3375.93
3437.16
3463.85
3401.76
3428.90
3247.55
3044.42
2681.77
2371.09
2063.66
1871.02
1537.46
1436.77
1370.27
1346.29
1370.70
1360.27
1173.58
1110.51
1140.34
1194.31
1105.84
1121.09
1180.65
1278.15
1302.17
1367.40
1484.39
1664.06
1910.14
2324.02
2694.75
2941.18
3149.72
3225.77
3303.75
3315.85
3280.79
3342.35
3414.06
3497.69
3570.31
3636.26
3713.52
3803.69
3846.39
3816.35
3650.05
3543.58
3409.21
3209.29
2789.60
1972.76
1178.61
769.55
584.49
614.73
761.58
976.73
1287.25
1382.76
1244.38
1287.81
1443.66
1583.70
1698.24
2045.03
2308.77
2482.02
2820.33
3158.12
3367.01
3488.90
3621.91
3677.51
3561.48
3557.30
3268.81
3321.56
3029.15
3219.60
3277.66
3237.01
3162.31
3037.98
2930.37
2719.76
2481.70
2169.91
1845.97
1431.66
1130.19
977.18
926.63
1147.43
1516.18
1930.71
2443.49
2832.56
3091.38
3178.23
3139.78
2790.01
2282.47
2054.81
2121.75
2014.76
2019.80
2096.32
2266.44
2639.13
2916.49
3077.87
3201.26
3365.47
3507.58
3551.06
3536.42
3390.41
3280.44
3095.64
2828.04
2602.74
2409.34
2237.48
2061.45
1604.45
1503.51
1471.73
1345.75
1409.21
1442.81
1356.99
1344.58
1366.67
1287.46
1319.46
1230.56
1140.17
1171.21
1313.84
1445.39
1544.28
1624.40
1874.37
2156.14
2304.19
2175.75
2070.62
2125.13
2376.31
2527.43
2702.32
2648.38
2506.25
2220.66
2141.61
2256.37
2297.76
2270.34
2282.82
2162.45
1967.76
1847.19
1683.04
1518.92
1350.40
1164.91
951.15
686.22
469.87
285.31
128.43
69.76
67.71
130.11
239.71
322.16
429.73
512.74
560.15
644.00
747.03
889.34
1133.35
1312.81
1570.62
1655.38
1690.13
1780.49
1748.26
1637.94
1568.41
1656.01
1574.73
1389.51
1324.64
1281.97
1225.74
1132.54
1056.30
1013.31
1040.78
971.13
980.75
965.12
923.76
928.14
965.99
1018.20
991.57
1058.54
1172.28
1145.61
1139.54
1229.38
1298.17
1197.23
1175.38
1090.99
1001.88
987.07
918.59
854.29
835.20
736.08
744.49
686.73
699.78
670.66
649.94
669.66
619.74
464.52
359.19
331.88
326.36
330.24
333.67
329.98
257.76
216.77
183.98
176.18
137.87
112.89
85.57
80.36
100.39
85.28
72.67
93.66
112.28
158.80
209.24
272.44
267.34
244.34
186.94
153.20
125.38
125.39
136.27
152.71
165.67
196.70
214.95
247.71
260.11
275.74
310.67
309.61
328.35
309.47
285.13
329.39
386.22
471.95
551.42
627.84
723.40
825.17
877.97
890.03
986.76
1096.00
1158.74
1148.69
1160.61
1235.04
1267.40
1287.02
1246.98
1340.81
1511.64
1642.93
1950.54
2193.65
2387.68
2644.58
2645.79
2696.41
2775.14
2775.74
2791.65
2891.58
3037.58
3295.63
3506.16
3687.04
3827.85
3848.75
3915.43
3670.98
3276.51
3770.40
3852.18
3836.02
3852.82
3872.76
3611.99
3325.01
3106.39
2827.24
2596.67
2556.44
2582.19
2710.23
2891.09
3062.70
3272.82
3358.27
3337.83
3309.48
3267.04
3002.91
2766.30
2487.79
2059.91
1678.95
1352.57
1020.22
768.10
650.94
656.57
688.70
848.14
1176.43
1609.10
2029.28
2296.61
2585.50
3040.94
3424.88
3592.32
3765.49
3859.08
3884.42
3945.67
3843.02
3995.42
3979.19
3849.02
3886.26
