3865.18
3818.81
3757.75
3655.70
3553.45
3497.29
3249.85
3335.39
3214.27
3026.88
2632.33
2589.12
2679.71
2916.65
3038.76
2976.46
2746.90
2490.13
2338.78
1858.17
1571.19
1538.99
1518.38
1476.46
1616.66
1817.20
1814.87
1486.09
1272.58
1228.54
987.38
779.05
696.76
764.53
809.34
1041.81
1312.52
1395.11
1468.15
1667.15
1905.46
1838.78
1666.50
1509.59
1292.74
1061.29
879.00
902.35
1369.79
1943.43
2643.50
3155.29
3259.13
3277.64
3216.52
3137.53
3014.32
2823.97
3065.67
3262.13
3236.92
3175.91
3088.05
2823.96
2485.37
2067.84
1624.73
1332.98
1196.42
982.23
801.30
630.86
507.68
476.91
538.95
591.48
632.99
753.07
809.45
856.74
814.46
832.28
932.82
925.89
858.62
776.84
785.05
747.85
683.60
593.36
561.21
506.52
536.13
577.54
590.16
622.97
604.07
546.96
577.09
595.53
663.64
718.82
765.52
785.06
788.07
793.61
833.56
838.20
840.21
853.08
1041.82
1400.51
1882.91
2283.35
2711.27
2975.02
3225.52
3489.46
3524.19
3458.25
3253.49
3070.76
2925.99
2819.44
2793.83
2885.35
2884.96
2901.67
2998.15
2986.78
2880.26
2834.63
2943.32
3170.82
3339.44
3346.42
3331.71
3395.05
3640.50
3838.12
3911.91
3882.09
3807.78
3684.15
3652.23
3581.16
3466.92
3377.13
3343.38
3337.82
3277.05
3325.63
3316.99
3418.52
3441.80
3498.81
3584.68
3639.17
3641.94
3649.75
3607.30
3604.25
3633.54
3685.17
3705.60
3700.04
3405.91
3724.84
3749.22
3711.88
3631.65
3483.72
3320.39
3133.39
2991.81
2919.81
2795.86
2656.60
2587.88
2540.01
2537.70
2524.17
2481.54
2375.78
2304.57
2234.78
2075.07
1836.87
1653.96
1470.16
1274.22
1026.56
864.16
718.12
528.46
389.57
302.25
231.59
199.22
148.64
100.01
95.38
73.07
62.92
30.40
18.97
10.88
10.94
24.95
43.69
84.07
102.13
75.48
73.24
96.33
94.81
70.14
96.96
122.12
158.72
179.67
252.48
304.52
371.17
422.99
540.92
675.35
770.85
928.93
1108.04
1316.94
1470.50
1641.16
1723.74
1769.42
1799.06
1859.44
1817.15
1858.26
1903.97
1909.74
1882.05
1824.46
1781.36
1786.43
1868.74
1975.92
2074.62
2150.42
2105.15
2207.94
2282.38
2308.38
2263.90
2093.41
2029.99
2051.43
1966.12
1810.44
1670.26
1592.45
1457.48
1380.09
1337.89
1254.08
1205.63
1147.10
1070.56
979.49
896.36
745.62
615.80
554.56
452.91
335.69
324.20
315.49
289.19
188.32
177.73
168.33
135.85
105.30
55.29
60.28
117.63
239.40
473.72
820.47
1074.53
1165.12
1274.08
1451.44
1516.99
1582.41
1675.01
1767.19
1897.89
2246.06
2449.56
2733.43
2977.41
3177.62
3332.56
3420.31
3488.06
3454.08
3409.96
3420.87
3406.44
3352.16
3371.00
3311.84
3125.30
3005.95
2918.18
2798.12
2823.14
2921.79
2871.34
2749.30
2745.04
2677.16
2663.89
2634.10
2440.83
2454.04
2271.36
2290.66
2482.65
2561.37
2457.35
2224.82
1990.11
1607.16
1288.92
1121.87
1065.20
992.91
860.54
634.52
518.59
465.77
375.04
205.23
115.95
100.95
181.93
338.69
490.95
650.82
902.11
1037.58
1139.53
1092.15
1114.47
1256.57
1329.42
1343.42
1443.61
1520.18
1551.91
1554.34
1581.15
1529.98
1484.16
1579.26
1645.76
1654.88
1712.97
1853.75
1965.81
2036.42
1885.02
1706.48
1648.56
1681.08
1757.32
1790.09
1873.05
1969.78
2053.85
2040.63
2031.00
1903.32
1832.92
1860.26
1865.95
1912.49
1989.38
2011.25
2049.48
2188.15
2351.69
2438.35
2496.94
2537.81
2520.45
2314.74
2234.02
1989.04
1670.15
1530.24
1602.39
1696.20
1685.65
1622.20
1499.07
1269.26
1046.03
920.81
898.47
843.79
862.12
773.97
643.99
511.67
437.09
381.35
376.26
447.85
497.34
521.47
489.21
423.72
384.19
393.64
402.17
361.54
313.88
271.61
233.06
187.27
160.10
144.92
124.59
102.21
81.49
66.34
55.35
59.28
61.42
64.82
71.07
92.07
98.40
115.85
175.69
251.74
309.36
396.36
436.68
399.90
369.76
389.10
426.17
472.26
493.22
474.54
486.27
442.22
433.13
442.66
344.18
222.29
155.01
120.81
123.23
111.61
113.25
106.21
117.98
122.61
156.01
200.31
215.16
208.81
264.93
330.80
403.98
455.91
500.87
537.16
614.62
656.56
713.93
757.30
863.72
907.63
919.87
988.41
1035.71
1150.69
1157.31
1035.74
958.15
960.41
1072.58
1160.15
1160.36
1106.88
1072.94
1002.99
893.09
799.54
734.51
623.18
546.73
448.49
416.38
423.44
411.29
370.00
307.93
324.33
322.25
342.77
382.51
484.97
634.55
748.84
787.46
886.41
928.34
989.86
1005.65
931.32
794.79
723.98
597.62
520.78
462.72
402.09
362.41
324.86
324.56
407.07
609.39
816.03
1193.90
1577.95
1947.18
2341.71
2353.91
2090.54
1839.67
1703.66
1589.56
1462.03
1478.30
1508.30
1650.29
1805.33
1985.36
2074.10
2059.06
2079.43
2333.64
2557.95
2581.33
2711.55
2980.87
3190.62
3341.07
3560.14
3826.92
3892.73
3587.85
3978.54
3940.36
3880.18
3865.69
3817.95
3402.28
3454.98
3637.00
3519.84
3280.32
3115.07
3009.44
2957.18
2788.91
2548.99
2386.90
2320.77
2312.84
2029.71
1832.13
1828.05
1766.36
1896.16
1981.84
2036.38
2127.16
2059.70
2002.15
2112.79
1973.82
1596.12
1233.07
982.75
762.81
524.02
391.29
290.37
224.97
285.19
376.79
400.29
325.85
197.90
127.75
150.90
255.97
348.06
326.31
411.68
512.17
575.72
714.39
921.48
999.88
1073.45
1315.79
1684.83
1872.27
2295.79
2640.17
2839.55
2940.32
3072.40
3163.08
3190.79
3157.83
3196.89
3135.43
2938.80
2757.63
2575.31
2294.98
2064.69
1981.86
1999.18
1916.69
1944.05
1991.55
1973.46
1883.46
1745.98
1584.48
1596.92
1628.85
1533.24
1340.80
1364.01
1383.39
1080.19
780.28
610.05
502.20
393.84
372.27
481.15
584.81
693.03
650.67
469.99
448.11
476.66
504.33
497.70
454.27
387.84
424.60
502.13
480.18
476.09
456.64
419.14
379.85
309.61
212.60
163.75
157.23
155.24
149.56
189.63
308.97
449.87
664.06
765.82
834.19
876.60
943.06
972.59
984.84
935.97
941.07
1062.76
1171.33
1191.21
1289.23
1375.87
1555.45
1570.78
1651.72
1773.04
1860.99
1961.15
2016.30
1807.52
1574.49
1394.18
1244.74
1176.03
1100.20
1006.55
938.85
926.05
870.28
770.96
666.28
576.49
532.26
529.20
569.58
590.72
580.86
571.00
608.33
655.74
714.35
687.52
606.74
572.97
561.10
561.82
561.35
525.20
532.21
488.65
398.59
386.38
415.80
413.02
380.77
382.11
322.95
284.91
247.60
205.87
175.57
133.08
75.33
48.76
56.36
58.16
76.04
85.60
73.94
51.69
40.19
42.28
68.37
105.98
157.89
143.22
152.37
160.10
150.86
123.52
123.25
155.79
202.45
208.34
209.88
248.30
279.02
283.40
295.03
278.09
271.86
289.53
296.27
347.46
372.62
334.96
338.65
379.30
382.12
358.15
372.41
396.39
398.49
329.84
274.82
282.70
360.53
401.52
410.00
453.59
421.31
318.71
292.27
278.80
280.14
285.18
341.56
418.91
517.46
625.92
693.24
730.70
771.85
749.49
684.04
699.74
732.34
791.43
838.88
994.17
1102.88
1175.47
1272.53
1376.77
1457.89
1545.06
1657.73
1688.75
1686.81
1714.19
1735.36
1802.88
1988.54
2204.15
2410.99
2559.56
2733.77
2878.71
2965.39
3081.75
3121.70
2951.83
2682.72
2514.37
2699.58
2688.24
2472.07
2303.83
2245.10
2171.44
2117.68
1997.77
1829.78
1594.67
1339.76
1013.24
950.94
925.47
886.13
888.94
883.00
869.70
916.48
904.71
927.99
947.39
907.48
910.57
982.33
907.31
723.68
603.49
395.96
273.55
289.02
271.96
320.02
347.08
398.92
540.28
727.67
832.65
903.44
932.36
917.08
884.88
925.10
890.89
774.92
705.73
691.32
748.31
849.65
925.24
1066.52
1013.41
1091.72
1325.36
1488.52
1712.57
1858.36
1753.60
1508.44
1559.07
1716.73
1785.67
1787.68
1732.61
1648.90
1614.94
1632.32
1672.18
1775.52
1854.64
1908.57
1869.67
1752.63
1660.23
1484.46
1483.82
1558.69
1635.89
1668.13
1617.68
1593.72
1543.61
1418.75
1349.18
1252.58
1088.79
921.33
733.45
590.37
525.95
549.59
523.49
558.60
597.07
626.76
710.54
778.47
771.77
752.22
749.87
817.68
964.40
1107.92
1262.37
1438.01
1487.31
1607.11
1801.55
1974.57
2010.33
2060.15
2032.33
2006.42
1996.58
1967.78
2094.00
2140.37
2144.22
2145.50
2179.42
2136.99
2160.38
2230.91
2373.18
2505.70
2566.20
2553.45
2515.31
2645.13
2803.08
2911.22
2959.40
3073.97
3279.59
3321.03
3229.67
3115.92
3109.29
3209.79
3254.53
3225.78
3222.14
3218.79
3202.90
3204.93
3119.66
3097.32
3114.53
3218.28
3302.67
3335.76
3327.27
3308.33
3205.93
3088.56
2958.73
2866.95
2831.22
2814.39
2816.44
2661.27
2472.09
2437.73
2359.85
2373.48
2390.86
2436.71
2398.36
2304.69
2160.53
2105.29
2182.68
2234.91
2193.35
2063.15
1913.52
1833.24
1731.99
1568.16
1400.35
1245.03
1086.58
907.56
819.98
751.75
672.79
619.15
610.06
730.05
884.88
1004.50
1071.37
1045.46
998.31
918.85
907.42
910.35
906.68
869.52
913.10
998.64
1083.95
1162.78
1111.45
1094.52
974.79
847.91
718.90
559.75
465.69
424.67
342.26
297.34
277.79
252.47
236.42
191.84
145.31
107.91
75.93
66.88
51.36
24.15
15.69
13.17
8.33
3.27
3.01
7.44
17.62
31.73
65.38
104.14
156.57
236.74
267.14
287.02
339.84
383.75
472.02
563.43
620.11
596.90
530.23
482.83
528.53
587.19
725.19
836.61
1011.75
1124.52
1397.13
1624.69
1843.46
1959.99
1923.72
1703.53
1588.29
1490.00
1308.68
1132.11
1010.79
858.06
700.04
637.59
595.36
483.16
347.56
288.90
265.69
220.91
165.81
118.25
78.83
56.73
48.60
54.33
56.37
95.40
164.21
223.35
300.86
343.61
381.37
458.70
523.02
548.40
566.97
578.44
543.92
527.51
477.63
416.81
552.70
681.47
747.38
776.80
707.50
518.92
398.78
363.40
372.81
373.85
354.45
380.64
415.79
453.30
446.97
410.88
375.38
330.77
306.87
253.88
226.14
172.91
142.77
99.60
94.23
102.23
82.67
80.21
107.73
112.82
146.88
177.98
160.28
158.02
156.48
143.88
135.34
161.50
205.46
259.78
278.22
311.08
372.88
479.86
588.20
618.75
477.28
355.42
402.48
513.11
542.90
625.66
786.81
902.58
1102.82
1346.84
1549.16
1685.18
1708.10
1712.90
1821.37
1887.49
1985.59
1932.53
1965.40
1946.29
1988.81
2127.67
2294.93
2401.84
2399.26
2591.79
2650.23
2670.16
2532.43
2489.94
2560.36
2586.79
2715.30
2934.07
3073.98
3169.04
3211.45
3073.64
2752.17
2535.78
2217.35
1821.08
1323.68
987.00
910.11
899.95
911.33
959.38
1012.89
1039.73
1076.45
1164.04
1220.27
1319.68
1484.71
1673.30
1858.21
2095.12
2316.24
2432.23
2525.59
2511.00
2411.30
2286.75
2105.96
1871.08
1761.03
1621.16
1462.38
1262.60
1290.94
1310.01
1284.82
1257.86
1299.46
1291.84
1320.43
1251.84
1243.74
1413.58
1471.18
1401.32
1290.04
1047.23
811.31
598.67
524.67
513.19
446.91
431.76
420.38
441.70
472.95
435.62
445.95
470.59
466.62
454.28
519.51
720.95
858.28
1076.80
1162.90
1224.36
1409.81
1618.46
1818.11
2021.63
2238.14
2464.22
2694.41
2792.90
2842.83
2798.84
2699.58
2766.10
2891.46
2968.16
2958.86
2962.08
2895.22
2845.11
2809.11
2759.07
2729.53
2601.35
2512.46
2377.65
2217.56
1980.93
1609.15
1262.64
1052.01
1087.91
1070.47
957.37
828.64
737.13
607.78
529.61
534.58
523.89
548.28
571.60
563.79
549.00
593.11
707.45
800.18
801.30
749.68
677.09
617.80
525.73
481.04
439.49
399.61
367.35
331.55
293.10
248.08
225.68
212.30
184.65
159.64
146.15
148.36
169.70
198.44
202.16
180.12
124.39
99.25
127.87
138.12
127.22
100.41
101.36
123.88
132.32
112.89
73.33
51.58
35.93
40.68
51.02
69.95
97.02
125.37
163.41
184.87
163.96
138.09
126.36
125.63
128.56
131.01
118.88
116.66
90.92
90.25
114.42
104.97
79.57
95.80
119.71
116.54
94.46
91.69
94.12
104.24
118.92
152.67
161.32
192.84
207.08
180.67
141.05
135.51
118.12
118.52
121.02
106.72
103.18
106.00
97.11
94.06
108.29
85.24
65.27
77.14
104.11
108.16
114.42
155.97
213.39
204.56
258.62
328.19
367.14
355.62
417.96
523.73
641.30
814.68
1008.93
1185.87
1121.75
1020.62
1128.76
1320.73
1380.79
1545.22
1664.66
1630.24
1646.89
1648.60
1576.92
1431.95
1435.60
1441.31
1449.68
1375.75
1411.87
1547.26
1859.87
2075.97
2453.64
2297.78
2851.41
2940.99
2807.92
2648.72
2531.03
2457.20
2387.64
2512.26
2696.77
2861.74
2975.04
2860.17
2645.86
2656.45
2771.69
2925.81
3083.42
3141.26
3130.56
3163.20
3050.36
2913.85
3027.44
3059.23
2998.39
2833.67
2573.51
2453.65
2312.01
2185.61
2331.65
2395.81
2451.16
2551.76
2412.13
2475.18
2451.58
2499.63
2428.39
2476.37
2512.42
2628.57
2701.27
2769.96
2935.15
3090.19
3023.29
2984.33
3080.66
3029.68
3017.92
2978.96
3083.24
3197.06
3409.52
3561.62
3622.80
3693.18
3760.57
3748.94
3604.52
3623.75
3574.27
3376.52
3569.80
3479.09
3471.05
3600.91
3464.11
2972.55
2697.36
2716.02
3525.42
3550.02
3551.57
3424.27
3427.37
3462.46
3447.73
3455.49
3311.60
3138.72
2956.59
2802.58
2622.54
2454.42
2333.99
2306.16
2195.36
2064.15
1855.96
1643.53
1573.46
1468.94
1426.11
1486.52
1579.79
1448.53
1173.37
955.74
919.09
934.73
974.15
1095.00
1103.99
1102.98
1084.97
1103.17
1080.38
1058.81
1028.79
993.24
1016.88
1081.48
1022.30
815.15
681.11
670.09
784.07
875.74
905.63
694.25
460.64
444.94
502.25
543.08
458.09
351.96
265.73
172.36
135.34
96.60
75.62
70.53
69.76
54.14
49.29
38.39
35.99
34.92
17.62
22.80
37.05
47.20
47.05
58.93
94.68
160.12
280.75
395.22
519.05
550.03
578.08
547.46
486.22
425.46
392.43
346.60
356.02
383.86
427.81
463.87
404.00
246.84
143.00
116.96
130.43
189.25
270.16
343.97
367.46
388.55
497.97
597.92
636.76
659.91
614.40
525.67
442.20
404.79
387.48
380.11
369.81
360.74
369.78
386.20
323.93
168.48
83.86
91.64
126.06
171.80
243.41
277.17
306.73
401.08
453.85
417.19
355.78
370.16
372.19
365.13
330.41
274.70
207.16
143.56
116.60
102.37
78.90
41.78
40.37
42.81
43.07
56.46
61.92
71.55
78.38
81.81
95.33
106.98
118.49
161.11
193.43
189.74
171.20
165.27
171.58
189.59
232.39
249.10
231.00
246.80
268.99
288.40
277.14
308.06
354.88
377.34
391.92
398.87
377.35
393.01
419.72
432.62
434.30
477.76
462.32
411.85
403.58
411.40
401.47
365.07
406.86
405.55
366.79
318.79
262.81
254.31
276.24
291.72
311.87
410.72
551.71
704.97
809.46
899.34
957.19
1001.40
955.83
869.54
748.40
685.89
587.40
493.95
441.50
421.73
393.65
402.09
459.16
448.97
419.39
366.03
299.08
329.19
396.63
446.44
515.87
500.48
518.15
538.61
502.35
377.55
289.73
279.18
236.24
180.44
126.65
119.47
133.52
163.95
211.98
253.80
295.59
332.74
401.94
464.13
440.90
364.32
464.73
630.62
766.58
844.92
863.82
913.51
973.53
953.00
856.03
876.00
974.45
1009.30
1084.48
1220.82
1378.44
1568.13
1682.35
1755.92
1878.46
1977.18
2065.48
2025.80
1975.41
1975.10
2015.73
2074.48
2081.02
1985.07
1956.93
2091.74
2113.15
2174.31
1989.03
1823.62
1734.10
1696.43
1585.54
1395.92
1321.05
1174.72
898.83
645.89
481.95
301.06
203.04
110.85
46.34
44.52
102.39
202.81
417.98
723.72
1020.77
1259.35
1436.14
1419.49
1245.41
1237.27
1320.49
1371.11
1334.30
1372.33
1380.60
1353.34
1312.95
1250.56
1147.95
1110.41
1083.91
987.40
992.91
1179.95
1293.87
1315.70
1092.63
1219.04
1451.36
1636.10
1562.61
1396.21
1209.23
1074.69
1042.57
1076.27
1135.03
1097.10
1098.92
1123.60
1195.97
1237.67
1176.01
1054.42
907.83
746.08
733.88
752.75
568.60
403.23
309.83
332.79
330.17
339.12
264.45
208.27
179.72
180.87
180.97
179.20
161.73
195.85
257.86
327.22
392.96
472.58
459.54
407.48
379.69
343.12
232.61
123.60
122.07
132.00
118.66
115.62
109.05
98.27
109.70
109.42
160.87
244.85
275.36
259.31
214.61
245.92
321.02
375.41
384.70
380.43
452.87
533.70
671.38
712.86
562.02
443.83
512.38
749.85
1117.70
1391.42
1781.97
2201.96
2411.45
2290.18
2187.56
2256.21
2354.52
2469.12
2653.04
2857.73
3005.79
2937.86
2995.28
2951.04
2977.98
2985.92
3024.78
3094.42
3193.71
3308.16
2819.26
2289.43
2341.11
2365.51
2503.51
3240.73
3548.02
3560.13
3423.50
3409.83
3338.11
3381.31
3316.83
3084.06
3031.81
2929.98
2989.58
2951.34
2980.60
3050.60
3111.38
3161.16
3209.24
3182.64
3087.78
2941.56
2870.11
2747.98
2785.33
2769.39
2552.91
2177.11
1985.08
1841.08
1723.43
1615.53
1479.95
1219.80
904.28
677.19
489.00
389.13
384.31
461.69
491.62
426.41
228.70
122.68
71.68
35.58
18.51
36.16
44.30
55.23
65.77
69.22
91.14
148.29
244.74
410.82
515.09
637.25
713.75
721.88
793.83
937.90
1025.88
1287.54
1541.78
1627.04
1713.80
1746.10
1758.97
1846.01
1878.19
1884.85
1854.59
1826.28
1848.59
1929.32
2218.33
2329.65
2336.78
2288.24
2256.45
2246.23
2015.83
1875.15
1756.21
1795.15
1732.84
1746.10
1650.66
1329.90
1209.79
1116.64
1024.45
1030.11
1022.85
997.99
984.33
1029.14
1004.97
901.32
572.64
551.38
649.99
765.63
1006.49
1142.04
1308.31
1592.65
1631.16
1748.32
1904.50
2059.70
2031.09
1995.35
2083.35
2067.75
2206.30
2350.94
2350.27
2406.56
2320.38
2101.01
1954.50
1744.34
1591.07
1550.65
1481.39
1441.79
1576.99
1784.34
1861.28
1881.53
1859.08
1795.14
1731.94
1893.71
2071.79
2108.68
2234.41
2395.29
2537.95
2491.79
2181.12
1947.82
1984.85
1802.35
1478.22
1024.42
705.40
562.96
496.51
476.82
529.96
532.45
442.09
346.09
375.35
410.21
474.37
555.21
552.78
500.71
486.02
615.13
810.70
885.98
1091.94
1231.14
1321.68
1254.07
1167.51
944.22
757.93
722.74
942.98
1190.12
1414.58
1750.79
1904.25
2448.47
2830.20
3127.50
3043.76
2889.13
2387.07
1916.83
1681.85
1380.34
1154.59
1218.38
1408.83
1483.95
1598.38
1693.96
1964.27
1879.15
2006.48
2045.23
2007.87
1962.10
1825.13
1692.14
1529.75
1317.81
1182.69
1020.27
909.26
895.98
850.57
645.08
504.08
471.26
487.81
625.07
707.20
714.55
722.95
710.89
664.58
537.17
316.03
318.74
377.27
350.41
331.23
313.32
300.80
297.69
245.95
184.89
149.05
91.05
67.05
31.77
8.90
6.28
8.63
10.86
16.14
26.86
45.56
63.04
83.08
89.78
105.88
143.23
161.68
166.79
151.36
123.42
101.33
114.34
125.94
148.23
168.83
185.45
179.05
142.47
87.30
72.03
96.44
101.73
99.89
115.87
140.52
166.43
241.41
230.22
205.39
246.37
245.48
178.91
153.71
168.09
201.54
225.48
192.92
169.11
170.09
159.42
144.90
115.93
56.57
50.07
48.23
68.21
75.20
95.78
165.26
220.47
263.74
243.91
244.08
345.61
386.22
425.32
423.13
417.27
379.14
356.97
402.53
419.48
488.29
617.79
683.66
736.71
929.72
1027.03
845.83
688.08
606.06
696.61
878.68
1148.87
1093.79
941.53
778.57
744.65
755.80
791.23
833.46
948.69
1032.92
1147.48
1259.81
1291.39
1366.23
1367.43
1321.35
1183.36
1532.79
1485.37
966.12
635.95
694.63
776.83
740.72
900.76
1183.89
1186.18
1020.10
863.10
795.25
653.62
546.70
406.46
354.08
325.33
292.27
288.72
249.60
176.02
144.03
86.64
38.39
47.87
52.98
81.59
144.07
203.49
292.77
461.72
819.68
882.01
713.74
580.68
585.58
616.72
624.16
680.97
651.23
612.30
554.98
529.64
542.30
501.63
466.39
386.76
427.07
426.60
347.32
316.98
303.82
355.94
412.07
445.70
499.59
450.41
317.08
282.66
300.71
292.86
249.60
257.96
288.60
245.62
195.34
146.28
116.66
98.91
67.87
42.31
7.76
20.27
46.89
47.24
65.60
108.83
184.13
240.70
307.25
354.51
335.36
283.80
275.87
322.39
359.86
424.68
456.49
472.09
489.44
412.36
345.64
265.69
237.59
208.07
222.48
215.97
230.66
231.85
229.49
264.18
350.14
384.98
336.54
273.91
281.57
240.84
219.09
192.06
204.86
257.64
414.29
370.02
302.65
228.65
139.18
95.77
70.97
68.45
123.22
397.18
807.73
1193.35
1507.56
2056.39
2463.47
2999.07
3401.58
3539.93
3529.69
3648.35
3677.04
3623.82
3567.10
3393.09
3424.95
3441.10
3386.97
3249.29
3261.99
3228.45
3224.75
3046.10
2786.09
2487.36
2204.62
1891.47
1786.19
1729.34
2078.27
2320.47
2144.60
2114.28
2060.03
1904.60
1835.39
1809.96
1922.98
1782.16
1619.71
1511.39
1420.81
1345.37
1279.30
1056.75
915.81
912.32
970.96
982.04
790.49
419.66
290.74
196.09
122.06
147.89
109.40
46.86
23.16
30.59
53.45
107.00
327.63
768.96
1140.86
1240.88
1401.86
1567.10
1687.17
1795.34
1804.53
1712.67
1665.69
1619.55
1477.93
1218.87
1010.67
803.37
1039.10
1365.40
1394.55
1439.80
1550.98
1647.65
1758.02
1605.12
1277.55
1032.72
925.74
831.78
646.17
443.07
328.45
264.52
205.36
161.84
175.81
168.41
187.48
200.33
200.96
201.85
189.03
150.20
83.75
39.99
18.08
24.34
86.63
174.56
349.81
528.00
607.09
660.08
710.90
775.21
884.15
962.75
1143.40
1264.04
1489.82
1858.24
2242.48
2574.03
2619.36
3078.12
3159.89
3136.62
2780.30
2926.91
2553.55
2449.37
2403.88
2412.74
2285.41
2039.41
1719.34
1429.72
1197.70
1011.67
875.06
765.22
551.18
394.09
310.19
226.31
141.07
91.28
81.27
102.26
76.65
114.06
181.56
139.03
131.89
110.38
124.33
207.70
346.93
427.32
465.37
449.09
425.57
456.65
423.92
473.87
452.98
409.28
448.55
501.07
536.36
544.16
527.85
650.73
871.66
1100.31
1317.01
1417.89
1312.34
1046.08
976.43
832.48
708.30
680.34
676.96
650.19
691.91
756.78
793.47
858.65
828.12
885.88
1037.47
1209.01
1307.86
1318.30
1280.16
1281.16
1282.76
1172.07
1015.90
804.56
603.00
529.77
601.97
709.29
683.07
589.26
544.10
510.81
396.39
351.57
289.34
260.32
281.03
291.20
332.79
399.54
518.63
598.94
626.74
676.66
728.78
907.58
1092.85
1187.51
1265.41
1355.89
1328.80
1217.96
1088.97
1012.79
966.53
819.87
730.32
749.00
787.58
823.16
811.71
781.71
753.34
731.30
702.97
543.09
450.34
393.92
353.13
345.17
338.22
318.88
300.69
276.20
251.64
262.35
260.31
221.48
223.75
179.20
168.73
170.84
222.49
271.57
306.55
312.86
325.34
286.63
228.84
180.55
157.96
134.89
123.18
109.75
101.15
103.01
82.28
71.50
62.02
67.13
75.84
85.68
81.19
63.64
74.79
76.79
59.26
59.40
43.94
36.09
35.51
39.36
55.40
99.30
136.45
177.84
227.38
291.15
276.79
257.51
182.84
115.00
87.93
97.40
103.95
116.47
111.73
98.41
75.83
61.10
62.18
70.91
56.49
44.65
42.78
40.12
28.94
17.03
11.04
14.00
21.39
35.71
62.32
99.37
107.23
137.01
211.33
261.47
207.12
192.19
193.09
177.58
130.94
111.44
83.32
98.60
120.86
165.15
149.48
126.62
131.03
137.38
156.85
215.61
278.38
313.41
365.59
424.70
393.06
366.19
383.60
392.20
366.19
339.44
259.72
210.60
169.33
140.49
154.86
221.82
219.85
304.56
395.65
527.91
611.23
700.71
636.31
522.34
484.13
507.69
531.63
525.92
428.94
337.30
292.97
297.03
342.30
329.19
286.09
255.29
215.38
169.18
160.40
175.95
152.49
94.80
109.16
108.78
82.85
64.96
73.46
68.96
88.46
114.13
163.00
173.47
163.05
170.01
233.13
306.75
345.83
376.30
486.47
645.70
757.00
796.32
815.46
772.71
675.83
679.11
783.77
464.83
353.11
293.51
316.76
345.12
377.21
574.84
679.32
774.16
708.70
617.96
559.36
519.02
495.57
492.10
474.92
524.28
613.15
686.54
757.09
755.97
728.97
685.69
753.94
1080.53
1226.90
1062.28
1152.89
1281.66
1709.72
1955.70
1829.46
1668.30
1373.18
1200.58
1233.76
1356.51
1349.16
1336.76
1269.58
1203.43
1152.38
1170.47
1135.54
1061.59
933.82
891.40
842.83
771.43
729.61
656.92
752.56
848.81
1033.58
1245.41
1163.57
997.80
941.00
859.34
802.19
793.68
841.67
825.74
689.99
606.00
533.91
491.63
497.80
480.33
421.76
394.00
478.90
596.84
603.78
573.02
651.41
691.77
914.03
1060.59
931.12
654.11
436.47
306.54
290.36
308.83
260.05
222.23
206.61
191.36
174.64
169.24
190.21
204.74
209.52
223.22
265.84
335.03
352.55
465.04
439.83
451.38
450.37
475.54
656.86
577.14
415.74
468.07
678.03
818.71
886.40
945.67
1033.45
979.96
694.07
581.50
650.13
864.57
764.94
824.35
1220.59
1400.99
1579.92
1657.93
1610.62
1688.63
1944.72
2372.91
2584.35
2437.34
2210.77
1963.66
1807.91
1789.15
1909.22
1804.15
1739.11
1686.31
1616.87
1505.49
1392.94
1199.02
1263.81
1413.11
1384.03
1471.54
1300.07
1156.71
1030.48
1120.89
1065.44
1048.21
1018.49
1038.09
1156.72
970.57
830.80
870.74
811.21
932.43
1065.59
1174.55
1305.67
1390.03
1630.73
1589.34
1608.86
1817.19
1835.96
1660.90
1586.47
1576.49
1458.34
1368.11
1620.37
1737.60
1749.60
1487.78
1153.70
765.53
719.28
717.60
606.84
585.28
619.59
675.68
682.84
678.29
565.94
426.49
205.63
50.90
58.06
138.00
307.44
563.27
872.15
1094.86
1356.36
1600.42
1931.82
2145.14
2143.73
1932.19
1799.76
1805.43
1811.87
1740.36
1603.25
1492.12
1426.90
1386.27
1256.30
1089.23
956.70
913.13
813.30
667.84
624.36
503.13
516.46
616.41
683.73
729.57
735.97
679.88
552.07
385.34
336.81
241.84
189.68
158.45
98.96
71.14
64.37
63.02
60.57
44.04
32.16
18.35
29.99
58.81
101.18
150.26
169.89
176.86
199.72
230.17
267.37
269.78
217.91
168.73
148.74
87.27
56.97
40.64
44.41
39.83
23.55
19.61
21.53
25.26
23.04
14.42
24.03
42.78
87.45
157.42
215.43
279.80
357.17
449.06
478.77
418.35
296.07
179.53
179.83
205.80
257.61
292.54
323.92
392.24
451.81
520.81
611.89
734.11
828.81
1012.03
1189.84
1344.36
1362.17
1371.48
1451.45
1523.83
1745.93
1866.61
1859.82
1685.35
1420.13
1059.67
810.22
708.92
714.79
741.93
680.67
616.50
545.45
463.84
414.26
375.98
346.25
320.42
208.91
165.31
169.57
193.49
219.40
209.19
209.26
223.55
232.96
202.95
176.67
154.63
147.47
160.93
158.85
165.15
184.81
200.99
242.76
274.65
317.65
321.11
263.65
237.15
215.47
157.30
146.52
177.71
224.20
277.03
342.86
393.19
499.56
528.76
544.55
564.85
672.47
711.38
668.79
620.57
629.52
704.98
794.42
713.66
605.35
509.22
312.76
323.59
355.09
333.69
316.36
330.66
343.89
344.46
356.21
318.40
290.26
267.20
215.00
156.38
171.14
169.27
164.68
159.48
166.39
221.66
288.60
378.99
449.28
469.79
465.25
559.34
862.06
1092.77
905.12
1019.06
1190.36
1246.85
1323.49
1763.38
1896.78
1755.55
1525.41
1297.84
1193.93
1193.65
1240.43
1169.82
1164.91
1146.73
1027.24
956.18
908.06
842.18
928.50
1278.98
1348.34
1280.45
1013.15
885.11
867.64
807.11
888.67
985.81
1158.37
1077.71
926.52
900.71
977.29
1076.06
1168.41
1246.47
1510.84
1718.80
1761.37
1696.59
1623.72
1405.51
1578.54
1954.60
1937.85
1885.53
1774.42
1403.72
1209.22
1250.37
1346.89
1736.31
2054.16
2017.20
1604.51
1073.56
806.88
764.73
749.40
751.37
783.71
689.89
613.95
689.04
910.05
1079.24
1263.55
1700.77
1926.83
2023.35
1761.57
1456.14
1507.42
1497.41
1716.19
1816.46
1732.47
1504.03
1217.72
911.45
892.65
1101.80
1204.79
1286.96
1434.32
1437.93
1341.94
1318.50
1288.65
1189.54
1177.15
1342.72
1503.25
1545.82
1424.21
1427.12
1405.60
1180.43
1302.96
1479.86
1774.51
1704.17
1454.55
955.68
635.38
527.35
429.96
390.93
528.65
586.10
528.88
539.16
497.15
534.41
598.60
867.55
1174.14
1416.91
1466.76
1514.82
1061.37
865.03
792.21
1070.06
1140.13
982.91
804.08
618.45
590.45
588.51
585.07
628.01
738.97
838.39
837.71
765.25
658.33
640.11
585.79
656.88
788.37
881.34
1002.25
878.12
648.85
472.10
407.74
385.37
518.93
700.81
749.76
638.61
616.40
712.63
842.78
866.27
920.53
979.40
1029.36
1066.08
1034.52
958.87
925.16
987.43
1112.02
1288.29
1418.17
1336.46
1357.82
1398.30
1466.83
1525.54
1492.31
1421.29
1372.48
1352.39
1377.86
1456.44
1513.04
1603.48
1669.75
1695.02
1728.99
1729.46
1739.80
1841.49
1816.90
1859.30
1904.86
2176.41
2032.79
1916.06
1815.47
1800.03
1807.63
1805.94
2247.28
2286.35
2421.66
2191.44
2256.19
1991.29
1961.58
2384.52
2411.14
2421.53
2571.37
2710.62
3040.64
3270.91
3447.42
3342.42
3236.14
3106.38
2951.92
2704.01
2592.67
2356.75
2101.74
1892.26
1742.40
1335.72
1179.40
1033.64
860.87
744.05
640.46
534.83
549.37
598.52
547.98
482.06
551.33
532.46
451.82
648.88
1071.53
1350.23
1438.76
1627.90
1660.00
1444.68
1304.63
1359.21
1341.08
1257.36
1053.73
763.52
663.07
653.84
623.91
697.51
667.67
765.29
751.59
707.24
680.99
628.28
565.27
556.55
698.67
673.53
667.25
656.89
741.42
810.50
784.59
851.20
835.61
820.59
672.96
644.23
828.91
1223.16
1487.13
1640.35
1603.76
1628.87
1413.83
1236.96
1079.86
1019.96
964.90
970.43
945.80
920.10
1060.68
1214.45
1319.72
1281.57
1329.46
1297.01
1506.50
1565.54
1741.79
1772.95
1679.69
1404.20
1330.71
1292.26
1266.51
1216.54
1087.00
1072.81
1058.05
1010.66
1073.73
1325.80
1565.80
1745.91
1913.56
1711.29
1890.55
1818.62
1978.23
2339.80
2470.69
2316.41
1993.70
1529.44
1173.62
1019.02
1067.16
1081.59
1032.66
1138.27
1298.60
1481.26
1664.14
2025.28
2498.69
2898.36
3182.51
3253.92
3297.38
3201.20
3040.12
2870.72
2885.34
2781.27
2468.57
2124.17
1526.12
963.64
570.08
432.82
316.85
271.92
209.94
179.94
153.52
99.80
58.81
52.83
55.04
58.02
78.96
140.82
188.67
294.55
493.51
671.86
815.38
935.32
988.01
1005.76
914.26
738.49
651.88
828.28
1018.20
1057.28
1141.59
1134.22
938.91
829.55
734.26
469.88
452.92
581.56
578.71
541.63
497.53
568.03
625.61
566.50
682.70
893.14
1185.24
1163.29
1336.67
1445.01
1816.37
1996.81
1879.78
1964.56
1957.68
1928.70
1919.43
1796.72
1727.80
1629.54
1727.66
1746.98
1837.45
1738.60
1656.98
1772.49
1472.56
1502.93
1595.12
1717.41
1849.87
1707.70
1613.33
1467.18
1362.98
1292.73
1248.99
1139.74
1086.53
1026.93
940.08
835.18
734.04
623.13
573.44
573.69
459.91
395.19
363.65
342.89
248.58
210.87
221.04
197.39
152.86
69.53
19.22
19.24
19.69
51.83
193.51
379.26
508.44
700.11
845.31
919.56
851.61
698.72
558.06
517.26
553.40
391.48
367.42
339.59
381.55
399.97
446.41
455.91
594.69
854.72
1134.93
1315.78
1158.67
1066.38
1009.65
898.98
958.12
1083.67
1069.38
1031.21
976.51
890.89
939.79
1101.70
1190.39
1355.73
1514.43
1671.35
1721.52
1785.93
1863.16
1858.64
1821.62
1759.27
1501.92
1111.92
859.39
729.38
640.43
602.83
579.67
536.61
539.46
550.97
583.03
493.78
404.49
700.09
1037.23
1311.16
1356.53
1451.06
1621.43
1664.42
2029.77
2373.09
2344.61
2181.81
2030.67
1901.98
1777.58
1713.05
1617.13
1607.01
1633.15
1652.10
1639.32
1500.70
1520.67
1405.77
1281.93
1396.99
1472.58
1401.33
1334.61
1302.76
1370.22
1424.54
1482.78
1578.19
1599.50
1622.26
1461.97
1261.02
1016.80
889.60
857.94
764.00
720.93
622.87
664.42
834.74
939.30
907.25
848.36
920.80
1247.49
1430.23
1659.69
1811.71
1834.33
1735.96
1682.08
1540.11
1289.21
1112.12
928.21
736.71
707.22
684.28
592.27
571.45
656.73
627.21
560.08
537.55
591.70
712.82
887.57
1134.18
1368.84
1630.61
1960.56
2417.25
2967.85
2720.50
2832.57
2969.43
3148.52
2785.84
2180.27
1909.70
1540.06
1401.69
1445.54
1499.42
1373.90
1229.35
1090.79
919.11
704.26
528.39
429.50
457.98
470.10
456.68
446.70
404.83
313.35
276.28
247.15
212.18
201.82
144.57
84.72
49.63
37.24
55.77
91.03
106.20
100.12
102.25
81.59
66.19
42.87
22.59
10.87
11.36
18.81
47.11
119.96
319.76
630.75
943.78
1316.76
1605.00
1849.45
2063.92
2185.04
2066.46
2019.12
2096.43
2151.84
2149.24
2121.80
2053.20
2050.34
2064.71
2047.96
1962.71
2051.18
2248.52
2291.61
2009.90
1958.46
1646.32
1405.20
1633.93
1699.30
1702.39
1774.82
1642.20
1288.92
935.74
741.33
689.40
679.93
672.83
560.67
487.94
462.69
490.77
567.39
656.99
709.03
708.75
700.72
688.43
701.83
692.58
645.16
586.73
499.49
522.68
730.12
1024.57
1278.28
1320.54
1347.23
1356.09
1493.27
1659.41
1679.45
1765.54
1890.20
1904.47
1729.72
1630.71
1788.26
2135.04
2239.35
2224.85
2114.68
1743.86
1724.86
1633.67
1558.18
1555.91
1729.69
1510.20
1038.30
687.11
522.32
476.48
506.67
521.73
494.61
405.26
284.05
186.44
105.82
60.41
12.92
6.42
14.85
32.94
64.63
112.55
171.31
250.49
344.12
385.33
620.43
774.53
879.50
838.71
837.62
1030.71
1237.62
1314.37
1315.49
1360.61
1452.36
1479.43
1423.68
1376.55
1407.01
1602.72
1985.20
2225.39
2351.35
2061.50
2039.79
1958.23
1999.63
1975.77
2070.89
1803.85
1463.32
1197.17
1107.06
1138.23
1098.39
1104.44
1206.67
1236.01
1267.96
1282.81
1261.55
1182.48
1085.66
1058.08
1244.31
1523.39
1587.94
1418.60
1474.86
1341.58
1516.41
2007.70
2071.95
1841.60
1483.72
1199.00
1182.12
1144.62
994.50
793.20
694.38
605.41
513.73
448.68
375.15
200.48
113.58
99.85
71.28
112.76
141.26
180.75
213.85
277.01
361.91
462.74
486.46
465.25
469.21
544.78
661.20
719.21
722.94
761.95
931.79
1068.38
1100.52
1235.26
1265.92
1346.79
1526.15
1562.76
1729.47
1763.14
2055.84
2077.68
1974.64
2152.31
2376.28
2702.60
2636.23
2384.37
2136.35
1914.58
1621.08
1279.63
1086.53
1025.34
975.69
922.27
882.94
883.83
885.63
885.74
960.96
1158.90
1281.14
1420.77
1497.75
1697.82
1745.02
1754.11
1770.61
2138.72
1943.77
1647.40
1404.38
1275.62
1201.45
1269.75
1438.32
1526.39
1465.00
1442.87
1361.14
1223.45
1134.81
1073.72
1069.67
1084.91
965.55
939.13
1127.06
1321.78
1703.12
1924.24
2061.39
2485.20
2583.22
2633.02
2443.73
2126.20
1859.54
1723.76
1803.15
1936.75
1985.20
1992.68
2059.59
2087.79
2230.93
2473.00
2849.71
3151.65
3007.62
2551.66
2020.82
1859.74
1979.08
2019.93
1805.74
1846.02
2342.66
2366.37
2220.62
1973.02
1637.19
1436.54
1332.54
1237.60
1201.68
1059.15
960.31
827.07
739.50
602.98
520.42
515.60
496.74
561.37
609.40
646.35
589.52
620.68
684.91
657.49
646.27
727.06
633.01
479.77
424.19
459.73
535.60
641.09
756.74
848.93
922.94
968.92
931.73
859.48
846.07
874.89
872.77
882.40
804.65
591.93
597.23
662.97
849.80
1182.74
1169.43
969.01
811.11
722.93
597.93
551.30
462.60
318.62
194.03
157.62
155.98
254.35
380.80
447.72
395.83
267.19
263.30
261.98
319.98
425.93
576.71
657.19
784.99
789.46
1209.63
1793.91
1708.98
1280.50
761.62
552.30
559.91
572.97
634.28
653.47
832.29
852.38
872.30
941.93
1059.31
1246.02
1494.76
1517.26
1593.51
1768.74
1763.57
2014.13
2385.81
2769.99
2556.44
2924.53
3398.57
3244.62
3010.79
3012.93
3075.98
3053.21
3128.01
3107.45
3063.75
2991.02
2781.72
2660.26
2820.74
2864.36
2623.45
2635.55
2493.27
2590.82
2419.56
2343.56
2263.62
2197.07
2348.65
2177.85
1719.92
1359.50
1247.67
1140.89
1221.75
1286.64
1398.95
1398.67
1441.89
1613.35
1729.94
1828.81
2014.73
2357.74
2572.33
2688.25
2545.13
2471.78
2142.27
2011.41
1669.13
1643.94
1518.52
1375.60
1162.30
855.66
545.13
478.23
429.14
393.97
381.30
318.45
266.86
356.95
249.07
197.66
150.85
154.44
189.08
150.03
119.46
135.90
170.04
184.14
200.54
183.33
210.20
238.90
277.59
221.89
200.21
319.43
516.15
710.90
1000.38
1249.53
1390.35
1524.96
1585.96
1693.00
1868.10
2088.19
2143.55
2142.12
2355.89
2376.81
2589.73
2692.27
2825.09
2797.89
2816.97
2781.90
2384.68
1882.59
1492.15
1325.59
1280.48
1286.63
1188.32
1118.10
1116.26
1215.44
1450.73
1532.36
1757.07
1828.79
1736.54
1872.63
1868.20
1732.12
1698.82
1568.90
1579.86
1639.91
1878.31
2031.08
2064.50
2142.93
2073.12
2088.94
1951.14
1920.84
1910.11
1817.32
1800.83
1796.42
1510.83
1317.67
1593.45
1992.38
2120.30
2335.18
2233.07
1858.70
1732.65
1727.01
1878.17
2394.88
2921.92
3151.57
3118.93
2972.71
2697.01
2409.43
2212.76
2045.16
1775.13
1657.06
1496.18
1344.23
1178.66
991.34
1019.38
975.48
677.76
463.49
316.10
248.12
245.62
228.56
210.87
203.36
154.43
102.82
52.52
26.51
16.70
13.42
17.41
55.03
135.73
260.23
486.37
741.98
947.89
870.65
544.38
419.71
474.86
499.40
410.32
326.75
308.88
316.20
308.89
366.64
394.88
336.21
293.78
227.33
226.92
295.91
441.49
468.73
478.19
527.20
567.19
461.20
439.71
389.12
262.20
185.59
225.38
271.26
277.36
268.69
280.37
237.26
149.72
127.75
320.45
415.21
405.43
295.26
263.24
551.73
679.13
495.51
837.59
1296.58
1649.86
2143.31
2454.05
2605.94
2747.66
2846.63
2842.71
2670.51
2908.01
2907.68
2921.84
2845.74
2774.77
2856.80
2927.86
2804.36
2626.48
2072.43
1520.64
1235.16
1048.30
975.51
898.67
845.96
760.53
769.96
646.83
600.60
697.71
1047.05
1311.24
1552.59
1875.99
1552.47
1405.22
1544.80
1524.89
1848.27
2086.86
1875.02
1513.69
1426.87
1268.06
1143.89
1208.79
1377.23
1562.85
1820.89
1856.03
1870.84
1985.37
2179.37
2253.62
2196.40
1860.11
1843.13
1915.22
1746.85
1781.04
1813.90
1857.16
1877.29
2114.60
2433.68
2437.19
2284.14
1956.88
1651.95
1399.33
1137.46
852.94
819.95
741.96
663.58
648.54
630.28
736.82
860.87
989.50
1155.48
1201.29
1296.98
1308.68
1403.87
1128.42
899.89
706.05
585.59
476.45
333.38
248.30
187.80
173.68
178.08
187.36
220.19
185.56
179.97
200.06
181.87
175.86
199.28
224.10
259.91
288.93
367.28
498.49
575.21
680.16
792.27
811.60
782.55
707.89
627.18
540.83
523.30
514.48
422.60
362.37
312.48
293.81
305.45
348.03
352.04
392.54
449.86
497.24
659.66
673.30
690.40
785.04
890.14
920.12
783.82
685.54
672.10
697.21
585.55
554.04
576.09
572.29
567.18
580.49
518.53
453.15
397.61
405.44
397.42
398.94
422.80
467.15
482.18
468.07
448.73
448.56
430.57
436.53
504.07
510.18
540.39
623.61
529.47
448.84
451.16
476.28
524.94
492.22
443.51
365.75
322.23
248.61
191.08
189.42
222.27
241.12
228.19
209.45
221.43
207.41
207.43
226.24
246.27
248.12
236.59
222.18
202.90
203.34
216.60
203.06
197.59
174.38
163.91
162.90
176.89
184.03
145.89
153.46
187.77
261.26
305.61
323.95
332.40
354.79
414.28
501.43
624.99
646.81
639.71
573.65
475.95
545.78
616.19
696.83
865.86
1008.83
1147.42
1278.96
1363.38
1477.66
1368.39
1255.02
1619.91
2077.05
2017.76
1417.59
1302.11
1230.63
1266.62
1308.47
1511.38
1550.84
1398.91
1078.51
854.82
744.41
730.89
807.62
729.66
637.36
643.88
631.56
673.03
798.19
839.33
899.67
1174.64
1385.27
1389.61
1361.69
1265.65
1153.98
1059.83
989.42
1056.81
1059.23
867.25
696.42
571.33
592.38
579.67
646.71
630.02
556.96
556.25
562.76
478.25
412.28
292.53
176.36
191.79
192.99
208.02
247.88
281.23
304.10
285.99
287.05
215.02
154.75
108.40
58.91
40.51
56.95
52.25
57.04
70.95
51.50
43.96
19.45
22.89
17.78
16.28
17.05
14.88
30.34
70.86
150.88
258.87
598.77
682.81
517.66
538.65
626.20
784.16
811.21
744.47
612.43
552.32
574.26
615.04
588.44
554.64
488.13
433.31
388.37
341.64
279.80
248.49
232.85
235.00
229.95
226.98
277.32
307.75
324.73
354.13
299.92
245.77
222.37
201.70
218.66
316.75
400.31
426.32
375.81
399.53
462.84
529.21
545.05
446.54
320.01
266.87
325.83
404.60
487.32
571.12
658.51
664.04
567.85
429.07
294.20
199.02
110.97
59.81
59.57
59.83
49.99
49.58
46.90
47.10
50.04
51.04
48.01
40.04
19.72
12.39
8.54
10.31
22.87
49.44
66.88
101.03
178.84
222.44
159.86
84.95
39.99
34.33
29.12
22.62
15.23
12.66
5.97
3.78
3.49
1.83
1.35
1.37
1.08
1.90
3.21
5.64
13.48
23.25
47.83
104.04
185.26
278.14
293.10
262.33
207.21
200.49
294.54
435.48
546.26
597.22
640.46
712.20
715.55
694.03
674.27
568.22
389.90
365.16
472.61
630.45
724.81
849.69
877.95
985.00
1063.72
1095.52
1012.88
859.87
715.88
662.01
751.93
894.68
1023.50
1093.04
1262.33
1452.84
1536.13
1332.94
1107.90
1019.22
1017.51
1061.61
892.03
696.67
584.01
496.59
368.42
316.75
326.61
320.02
259.96
240.94
154.67
64.11
58.75
46.52
76.47
95.45
135.57
148.66
121.72
100.35
74.20
67.25
88.96
122.13
157.78
230.98
335.66
460.44
503.38
548.27
602.77
659.95
816.83
1045.86
1189.30
1236.08
1253.73
1420.64
1391.09
1329.66
1270.08
1148.12
961.86
778.85
649.98
516.70
450.47
469.62
505.89
532.50
600.35
584.02
458.46
311.69
219.24
212.06
226.65
287.33
253.23
204.52
198.08
277.98
323.50
377.12
289.64
204.51
171.24
168.68
167.55
149.08
108.00
67.88
68.53
96.79
136.49
187.00
242.36
310.09
350.22
294.71
233.99
271.74
285.78
190.85
216.04
294.31
364.34
393.34
327.03
310.42
446.97
529.24
447.25
450.31
499.12
577.77
636.86
653.81
735.96
845.95
957.75
1061.26
1272.25
1359.68
1399.97
1470.33
1366.43
1116.48
969.58
969.92
952.44
973.07
983.62
907.89
846.37
855.87
906.90
801.65
733.71
850.04
966.69
983.03
1027.93
1119.70
1158.91
1084.89
1017.33
896.49
816.12
743.85
581.32
406.07
322.63
310.27
363.33
396.12
376.70
372.36
362.49
369.07
377.27
394.43
431.04
565.89
742.08
838.50
867.34
914.30
961.51
1037.81
1158.45
1239.44
1268.55
1181.88
1000.87
791.94
648.32
656.24
770.72
862.65
856.76
828.49
848.54
938.53
978.19
920.41
1008.37
1360.20
1630.45
1790.22
1964.10
2104.93
2219.39
2309.15
2384.89
2412.77
2451.27
2400.10
2184.22
1781.69
1505.05
1435.75
1464.91
1486.30
1519.01
1459.01
1456.91
1542.94
1648.72
1650.49
1933.79
2501.02
2655.82
2633.23
2538.00
2407.12
2275.61
2227.89
2275.59
2242.14
2331.43
2063.06
1629.81
1263.34
1036.56
902.15
778.39
738.92
717.95
740.23
733.71
793.03
739.00
554.25
493.41
441.99
475.54
545.18
650.72
713.27
764.77
772.51
866.39
900.32
884.10
787.84
722.16
624.99
526.09
516.21
524.27
544.35
557.07
517.13
464.78
416.07
340.82
241.63
129.17
72.99
87.85
117.55
142.34
206.73
304.69
371.42
372.15
371.64
339.42
330.19
309.20
252.28
194.12
174.96
172.03
161.64
151.49
140.56
131.46
144.06
120.70
113.55
71.17
76.52
89.84
99.63
145.61
239.61
305.99
358.21
333.78
294.23
263.24
251.53
222.72
151.48
121.38
87.65
85.00
103.43
129.82
152.70
138.07
124.09
110.35
96.23
65.47
40.20
41.23
57.92
73.89
89.85
129.71
162.45
169.51
229.85
301.11
346.72
228.73
156.20
179.67
264.53
399.25
443.14
571.16
748.92
799.34
839.77
885.18
971.11
1018.24
989.09
924.78
791.20
839.80
862.53
833.18
825.14
916.51
1012.65
1004.12
972.54
851.01
824.00
822.65
678.86
506.65
445.74
542.15
588.19
563.05
541.99
522.60
484.84
458.66
639.63
810.38
941.67
991.49
1050.66
1114.07
1233.23
1358.13
1740.58
1965.28
1971.52
2464.91
2767.69
2629.85
2660.76
2552.62
2337.44
2234.25
2045.80
1972.65
1614.46
1627.43
1799.24
2010.52
2297.98
2309.39
2374.81
2315.47
2209.35
2122.45
2143.25
2205.17
2460.65
2568.52
2954.61
2866.08
2749.93
2576.04
2342.93
2197.56
2110.24
2074.09
2015.08
2147.98
2268.30
2293.61
2192.31
2412.59
2744.83
2541.93
2311.50
2202.36
2073.88
2014.80
2111.38
2234.73
2240.81
2606.02
2482.68
2455.91
2021.19
1611.64
1365.73
1204.47
1005.30
841.08
732.51
677.62
571.24
497.74
408.24
408.26
439.91
590.07
745.67
827.63
852.20
851.60
889.44
915.48
998.97
1248.40
1282.60
1124.23
889.48
759.43
743.88
742.98
676.42
616.48
560.15
574.51
623.25
618.08
615.06
468.76
417.57
477.99
558.83
669.99
667.02
726.44
859.98
985.91
1231.23
1272.86
1169.85
965.88
804.65
648.98
588.66
598.18
584.43
477.65
394.58
403.51
420.04
380.27
422.28
380.78
319.79
558.33
542.23
466.05
409.19
394.28
437.62
642.05
1036.44
1448.90
1542.26
1479.12
1309.68
1075.17
953.66
1043.80
1133.38
1210.57
1061.59
995.13
1050.16
1033.95
953.52
855.05
1152.61
1156.74
1199.37
1106.69
1119.99
1063.92
1076.68
1161.04
1400.06
1718.81
1697.05
1336.28
942.60
678.69
612.28
506.41
364.11
314.62
420.67
417.29
337.51
416.67
417.88
321.87
276.90
328.21
516.54
500.74
514.09
515.47
559.91
862.69
995.07
922.02
850.91
764.45
654.10
568.75
516.91
456.88
446.12
411.73
322.48
272.16
270.00
236.38
171.41
112.41
88.32
83.37
66.71
58.35
40.66
27.75
33.31
45.34
46.66
45.10
33.86
38.40
72.18
144.91
233.36
300.45
334.87
368.87
389.06
443.83
470.18
496.38
511.51
453.94
316.35
275.29
308.37
369.86
446.12
529.08
566.06
565.85
593.93
568.01
495.71
414.26
507.07
704.07
786.98
851.37
888.17
873.88
862.14
797.45
747.53
706.29
676.42
514.71
320.83
187.57
162.32
213.37
397.52
326.98
201.35
121.98
112.07
112.52
109.64
94.42
112.74
136.55
139.02
143.84
140.48
144.87
113.82
87.29
109.42
173.80
199.05
189.52
208.48
311.69
581.50
920.84
1247.38
1415.10
1386.41
1462.83
1686.51
1872.05
1929.78
1957.93
2000.28
1980.10
2000.09
1957.95
1893.68
1904.30
1767.72
1693.73
1605.01
1484.28
1271.28
1073.03
1090.35
1099.86
1008.94
950.33
1070.21
1074.82
1106.27
1218.57
1474.95
1818.41
1802.06
1571.60
1199.23
1004.99
949.85
878.57
718.12
575.70
455.69
323.76
252.11
207.43
202.51
189.73
123.58
128.91
168.09
155.95
137.38
143.82
215.02
279.87
383.54
406.27
368.08
271.95
241.66
276.31
286.03
279.74
210.01
124.94
60.19
32.71
28.80
40.86
62.52
57.70
24.37
17.68
25.88
49.53
71.62
118.55
180.69
232.71
279.02
290.85
330.23
382.05
424.81
493.47
584.29
674.83
762.15
852.57
953.80
1053.56
1118.48
1185.15
1270.52
1242.78
1234.56
1258.67
1155.66
1049.15
1053.70
978.00
937.40
1020.50
1074.90
1142.76
1040.28
720.17
584.37
641.37
765.02
852.27
947.58
988.20
1075.45
1101.79
1157.19
1211.30
1213.61
1045.99
809.30
782.22
689.18
591.19
479.53
371.33
304.66
308.61
381.82
473.61
518.55
451.73
390.87
387.71
444.72
556.25
666.51
788.44
872.04
876.75
935.68
974.03
992.98
959.41
994.70
1223.41
1250.34
1315.25
1352.03
1213.59
1183.68
1127.54
1081.68
984.63
829.28
656.90
522.01
571.49
674.58
929.03
1195.47
1370.04
1552.04
1732.39
1897.84
2042.91
2115.51
2243.26
2485.09
2685.66
2804.05
2802.04
2744.60
2457.80
2494.97
2550.13
2582.45
2610.19
2511.13
2173.62
1797.99
1667.17
1639.05
1633.69
1717.78
1673.27
1543.62
1400.13
1243.66
1025.39
881.20
679.40
526.91
714.37
865.72
803.73
816.13
884.18
886.71
865.79
915.30
894.97
797.38
666.91
557.00
725.42
891.35
948.63
1009.24
980.17
1023.66
1067.41
1138.83
1166.20
1151.46
1140.20
1254.97
1433.22
1387.14
1334.84
1302.71
1160.43
1185.16
1324.05
1503.81
1812.64
1758.02
1682.07
1503.48
1341.24
1213.83
1133.25
1124.93
1155.97
1170.64
1245.44
1246.68
1266.37
1306.08
1373.92
1505.97
1661.47
1688.73
1679.28
1633.98
1498.37
1600.85
1604.36
1446.67
1227.60
897.74
542.66
338.53
274.85
227.27
225.51
189.77
140.91
101.44
79.68
84.88
107.39
116.42
125.01
101.37
101.57
117.22
139.99
136.43
141.21
163.63
162.82
173.80
134.43
95.52
111.36
161.41
285.60
420.72
455.86
584.71
689.28
761.80
857.55
948.87
1015.73
1098.41
1083.95
984.75
945.19
1082.72
1208.39
1293.99
1294.37
1193.12
1052.22
973.62
860.90
662.65
377.51
257.02
293.52
290.38
256.74
214.38
189.30
143.94
120.64
121.78
124.97
135.81
124.23
96.66
67.62
66.99
133.21
250.16
425.56
589.46
655.95
635.50
568.25
573.31
523.60
502.62
553.14
554.02
412.53
306.69
201.55
153.32
166.69
204.82
162.79
105.70
84.40
86.57
122.61
244.86
301.85
335.18
356.11
315.06
236.51
155.72
140.13
126.49
121.54
201.72
323.54
479.66
585.90
607.04
611.76
500.11
365.57
401.05
557.05
748.48
696.78
602.41
475.03
469.75
506.80
577.23
694.35
735.07
848.52
774.13
597.64
397.29
232.47
197.52
247.75
321.23
449.42
550.58
642.63
653.90
649.07
732.98
770.27
810.51
850.19
783.86
701.83
627.57
744.62
904.42
980.48
930.78
850.67
845.83
681.74
535.80
464.24
404.39
428.28
502.35
603.45
642.50
629.76
678.70
771.77
848.12
930.57
970.96
843.37
809.20
825.56
909.63
1053.20
1073.03
1007.02
838.83
685.55
531.02
393.54
256.77
173.12
184.78
181.60
236.53
264.81
371.18
375.97
345.60
363.88
390.91
428.59
423.94
422.53
331.11
244.72
260.03
379.89
499.24
616.31
752.70
761.89
812.08
661.89
576.51
328.17
186.74
153.15
215.40
298.68
379.60
471.67
585.56
696.03
819.53
924.66
989.19
982.35
893.04
965.21
1310.46
1577.45
2020.42
2159.98
2165.91
2112.76
2436.38
2407.98
2526.17
2609.89
2638.77
2537.68
2466.79
2527.47
2599.13
2744.87
2621.78
2465.58
2313.42
2010.94
1671.28
1380.26
1420.22
1519.32
1483.82
1277.09
1108.45
1121.83
1210.09
1033.43
838.45
707.39
537.42
320.74
261.31
325.49
376.76
412.96
523.92
609.74
653.01
568.91
513.78
499.16
439.83
381.55
369.06
313.17
333.32
393.67
505.31
610.34
708.29
859.16
935.99
979.36
879.44
672.52
616.48
653.95
637.43
555.97
527.15
542.70
550.39
530.07
479.76
459.27
474.44
462.34
382.57
433.49
494.53
393.26
390.18
324.80
252.71
196.52
220.55
155.67
89.35
58.23
49.23
51.13
43.64
45.13
63.06
85.11
143.45
253.12
355.39
419.75
403.95
443.58
316.14
208.58
209.89
199.88
205.48
250.53
334.34
468.80
786.17
859.00
899.63
851.34
989.71
1102.34
1186.66
1275.25
1273.59
1230.14
1186.87
1147.20
1070.93
1031.33
1053.92
1026.76
900.29
886.75
1031.19
1161.84
1313.92
1346.18
1230.53
1093.39
915.08
717.24
611.74
614.36
708.27
708.67
580.53
427.82
354.22
304.66
257.27
214.17
208.43
189.51
189.03
203.90
127.61
89.38
89.60
85.96
162.58
249.03
323.49
338.68
327.12
347.30
379.19
427.82
564.80
710.42
813.44
963.97
1105.83
1085.39
916.88
804.91
731.26
774.84
724.00
660.17
648.95
709.32
734.81
835.11
1012.83
1103.57
900.54
754.25
676.92
642.88
390.10
322.90
283.51
261.34
283.19
304.09
367.05
414.03
349.67
337.27
392.29
443.78
474.07
595.09
555.38
506.87
667.80
873.30
878.34
1088.89
1271.98
1366.87
1536.88
1346.17
973.80
857.92
762.65
719.26
785.67
850.97
991.79
1127.24
1274.10
1218.35
1152.83
1188.33
1295.51
1323.19
1313.37
1331.24
1285.06
1364.23
1110.03
1079.52
1186.27
1217.35
1173.32
1298.40
1128.06
936.76
1000.43
1025.54
1103.42
1334.32
1441.56
1346.42
1366.42
1425.92
1477.42
1491.47
1467.34
1349.71
1279.80
1341.07
1434.51
1406.98
1528.88
1592.94
1656.62
1456.87
1299.94
1171.29
888.19
798.41
864.33
845.37
854.48
881.73
930.97
914.74
824.08
707.25
630.40
475.84
375.36
321.10
270.90
263.10
229.97
210.79
304.19
361.33
432.75
525.44
465.91
380.51
294.13
230.32
269.91
445.10
607.72
668.66
791.27
832.89
880.01
989.78
1248.55
1740.28
1972.96
2505.66
2673.45
2470.83
2413.08
2293.56
2146.37
2104.90
2250.87
2123.06
2464.47
2569.48
2450.11
2533.86
2453.26
2324.31
2327.13
2140.77
1938.12
1640.40
1645.43
1466.10
1538.75
1563.89
1659.25
2139.31
2325.89
2480.13
2498.24
2757.85
2784.64
2786.08
2740.78
2754.41
2802.43
2795.92
2781.81
2899.33
2852.84
2617.75
2621.26
2550.99
2493.76
2202.52
2164.92
2275.25
2277.14
2138.60
2400.92
2463.58
2452.50
2590.27
2817.62
2771.39
2997.82
2663.79
2714.14
2781.02
2409.51
2150.66
1586.33
1149.05
985.35
972.81
951.44
959.36
1042.65
1010.10
1032.75
1147.88
1151.82
1203.97
1280.47
1345.44
1607.38
1960.39
2528.70
2684.83
2567.39
2733.51
2790.86
2853.64
3058.75
3081.29
2835.71
2652.82
2346.80
2220.88
1861.15
1675.06
1610.38
1667.37
1395.42
1413.44
1433.80
1419.76
1354.05
1395.82
1412.03
1506.70
1637.42
1696.43
1616.93
1691.56
1813.92
1990.37
1985.66
1924.87
1833.05
1709.78
1581.56
1435.71
1297.56
1194.26
1163.55
1182.08
1150.91
930.44
691.59
529.75
487.84
566.68
542.43
552.92
474.89
639.78
995.76
1320.60
1472.75
1707.07
1936.83
1709.13
1592.68
1142.39
936.95
1134.58
1413.68
1450.03
1306.28
1043.79
1180.13
1447.23
1870.89
2014.97
2224.06
2542.72
2515.84
2566.78
2344.37
1956.14
1869.53
1942.21
2056.36
2462.51
2656.64
2478.72
2399.38
2528.08
2430.91
2499.24
2423.15
2402.38
2196.30
2113.07
2032.20
1996.20
1910.84
1811.11
1923.77
1875.00
1733.43
1844.01
2040.31
1982.16
1984.67
2045.39
2083.87
1983.09
1848.07
1789.62
1302.41
1144.92
1077.81
1012.95
947.46
920.05
818.95
747.83
714.08
680.18
602.44
525.50
477.12
419.21
304.04
156.48
161.40
188.22
142.56
112.85
102.40
122.03
176.06
231.72
217.15
278.61
349.69
344.88
260.23
220.52
228.05
229.13
203.73
188.31
169.73
165.01
166.02
164.55
152.46
113.77
61.28
101.05
119.97
117.94
143.55
174.14
209.12
247.52
256.21
394.67
519.12
549.05
547.65
535.55
525.82
521.38
473.94
465.30
446.22
411.36
393.03
340.60
263.85
181.55
157.90
211.54
298.05
423.42
612.04
836.82
1002.90
1095.98
1028.80
1145.49
1248.12
1256.32
1269.80
1199.05
1098.20
981.68
891.98
847.03
829.51
897.60
995.67
1110.60
1060.96
983.34
1347.67
1983.50
2050.17
2039.12
2018.45
2218.69
2185.31
2153.22
1780.13
1547.78
1550.71
1525.08
1458.88
1401.50
1358.87
1273.66
1199.49
1278.70
1369.69
1464.30
1555.61
1589.88
1475.68
1404.14
1637.12
1940.67
2114.50
2199.14
2201.45
2105.25
2030.71
1909.22
1508.11
1295.47
1181.90
1101.14
1066.15
1054.99
972.04
913.52
863.84
816.12
787.86
796.74
799.81
803.20
720.97
562.22
655.76
768.61
808.41
750.69
691.09
660.63
658.74
650.18
626.80
731.48
867.18
864.25
780.03
687.02
611.22
589.52
677.79
708.57
723.71
749.30
769.70
786.84
659.55
474.32
467.22
572.01
707.42
786.21
841.61
815.49
787.18
792.04
842.64
855.56
871.77
932.83
1013.06
952.73
921.51
844.66
796.89
802.21
810.54
848.77
830.08
783.18
746.65
645.74
771.08
833.76
749.58
678.39
666.05
655.67
614.96
527.82
453.56
494.94
549.76
567.90
578.93
585.87
555.46
526.66
518.47
469.65
440.92
455.64
478.07
485.49
375.27
234.88
169.75
296.95
401.25
409.06
371.74
339.19
282.95
228.92
201.97
306.88
502.74
661.82
782.59
783.36
717.18
720.34
746.68
674.98
664.61
701.79
706.96
669.38
578.93
380.58
279.00
393.86
662.04
813.43
843.81
945.49
799.30
566.73
489.23
789.66
1176.71
1202.37
1284.56
1404.82
1528.94
1601.30
1541.62
1508.38
1506.51
1511.19
1580.96
1654.45
1651.42
1727.73
1963.17
2363.56
2762.18
2961.82
2995.74
2993.30
2900.20
2803.61
2916.71
3216.65
3423.75
3604.32
3709.69
3352.55
3104.67
2971.47
2910.44
2854.20
2666.45
2594.07
2599.58
2539.79
2251.61
2397.10
1934.29
1588.00
1506.38
1272.02
1227.37
1301.63
1386.23
1362.81
1509.14
1620.39
1439.27
1450.47
1326.63
1249.13
1273.39
1432.37
1589.57
1668.56
1595.06
1612.85
1693.09
1854.80
2054.93
2192.84
2235.77
2209.46
2380.19
2385.02
2430.83
2495.14
2763.42
3197.19
3429.19
3483.91
3585.07
3538.24
3561.16
3423.81
3564.53
3374.90
3242.68
3037.66
2857.32
2635.58
2308.61
1945.38
1542.33
1352.66
1401.17
1459.55
1353.49
1079.74
913.33
797.95
650.93
397.14
289.03
229.65
231.01
190.48
169.49
153.94
186.06
255.92
265.31
149.76
153.19
225.32
312.15
397.00
463.54
522.98
575.98
708.77
696.60
643.87
636.92
721.03
861.20
813.64
776.50
838.21
896.95
936.85
960.48
991.18
1002.08
1039.98
1076.07
1013.19
890.38
777.17
620.22
531.77
485.79
486.14
566.03
641.14
579.21
589.71
672.40
669.62
519.49
434.13
412.58
496.50
497.78
492.33
564.56
533.45
498.11
565.35
574.12
563.77
537.25
613.26
687.57
771.84
888.86
946.80
1182.44
1509.20
1736.91
1834.70
2051.82
2120.94
2200.95
2346.96
2330.27
2319.54
2305.52
2417.49
2527.09
2731.98
2802.99
2762.36
2748.42
2745.52
2784.66
2794.19
2831.89
2871.00
2754.06
2878.33
2906.28
2872.82
2785.73
2870.21
3003.93
3072.95
3067.99
3039.15
3016.45
2936.68
2933.84
3038.48
3177.99
3263.70
3323.32
3271.85
3250.17
3224.38
3181.98
3037.05
2987.61
2998.02
2981.31
2974.54
3027.01
3065.71
2946.88
2929.79
2812.68
2635.74
2527.04
2472.44
2406.61
2312.27
2261.43
2250.96
2277.79
2371.88
2415.73
2556.07
2560.94
2528.98
2533.25
2395.69
2248.01
2120.77
1959.37
1611.32
1390.26
1206.36
1028.82
799.05
644.62
500.87
369.43
272.61
277.54
272.26
247.24
173.68
134.61
127.39
121.94
105.10
86.50
61.50
40.44
24.95
23.41
28.06
51.35
63.24
51.52
68.72
127.73
215.29
274.53
336.82
387.37
442.61
618.88
787.47
912.36
1051.50
1099.78
1200.02
1225.79
1033.70
846.17
693.96
611.79
516.67
381.88
273.94
194.90
107.00
60.98
35.07
18.15
12.51
18.19
30.69
33.03
29.50
36.19
52.70
58.85
70.77
101.35
133.84
188.22
210.56
230.81
293.58
370.85
475.90
607.47
664.96
768.25
887.56
1101.56
1317.26
1456.17
1506.24
1521.61
1544.02
1472.66
1375.22
1244.84
1220.39
1252.88
1310.72
1315.32
1273.75
1175.95
1016.78
973.58
1008.82
1191.00
1489.52
1691.22
1759.59
1740.24
1792.92
1913.17
2107.25
2283.23
2320.95
2308.91
2244.19
2085.65
1805.16
1643.50
1617.77
1638.00
1750.84
1752.45
1671.23
1594.72
1416.28
1267.08
1111.21
1063.62
1105.40
1126.46
1167.17
1178.34
1133.65
1285.25
1604.73
1962.16
2097.90
2210.71
2166.58
1886.31
1470.56
1196.92
1091.71
1079.54
917.53
731.90
599.73
511.11
399.14
287.24
223.15
169.76
129.46
110.95
77.26
61.56
60.24
62.22
55.75
75.68
103.48
119.25
150.06
162.69
161.67
187.51
238.78
315.12
414.64
469.01
524.81
565.29
640.43
764.07
928.93
1039.80
1115.32
1132.25
1154.03
1188.18
1022.21
742.84
845.25
1242.82
1332.69
1281.22
1242.24
1258.72
1113.80
1283.45
1573.53
1802.45
1872.15
1868.46
1738.07
1695.03
1692.53
1730.31
1768.08
1859.33
1903.66
1996.46
2031.58
2070.03
2090.75
2157.35
2136.65
2131.75
2141.32
2118.60
2146.96
2257.53
2240.45
2266.37
2236.51
2157.04
1968.87
1728.57
1487.47
1343.97
1269.02
1169.39
1198.48
1231.67
1229.35
1204.32
1236.32
1295.04
1328.31
1372.69
1376.12
1451.17
1508.67
1610.98
1708.54
1715.36
1767.16
1736.68
1807.00
1810.68
1839.84
1793.58
1617.86
1488.17
1464.68
1430.11
1334.40
1232.59
1166.77
1192.42
1239.61
1252.16
1351.97
1316.72
1197.01
1133.56
1213.28
1357.42
1171.52
1008.70
818.03
631.83
487.91
434.56
382.01
430.68
395.39
288.08
263.69
292.98
333.12
343.89
458.58
637.86
920.10
1246.12
1667.31
2046.47
2562.06
2964.00
3112.87
3052.59
2933.24
2743.72
2331.91
1963.74
1699.12
1482.50
1236.14
1103.53
1106.52
1031.72
1024.92
1071.18
1073.86
1181.34
1371.66
1552.86
1610.03
1601.52
1589.90
1746.42
1724.00
1658.13
1614.53
1620.70
1794.55
1903.43
2170.61
2413.95
2600.44
2866.18
2952.71
3083.60
3036.73
2699.07
2540.51
2395.93
2339.06
2269.34
2219.00
2188.81
2236.66
2337.91
2359.33
2194.63
1994.50
1682.07
1425.52
1190.54
1047.05
1266.21
1444.95
1478.50
1567.10
1695.68
1763.07
1740.77
1731.52
1595.20
1475.98
1465.67
1345.45
1247.46
1201.52
1098.70
1033.30
967.70
1058.57
1092.66
1104.71
1110.89
1112.33
1162.89
1107.67
924.97
724.41
735.36
742.56
868.22
1166.89
1521.27
1752.13
1617.20
1315.99
1224.06
1103.03
868.72
718.89
806.67
755.51
721.70
674.37
654.52
729.45
792.62
909.78
912.28
870.62
753.50
786.85
932.25
961.81
982.86
998.74
1078.64
1241.45
1708.40
2084.05
2300.14
2295.69
2186.82
2122.18
1769.82
1486.16
1247.92
985.30
727.96
606.67
578.91
452.45
382.56
367.17
376.58
350.65
390.06
530.90
675.46
753.16
791.56
888.44
1021.47
1060.55
1049.63
1057.48
1155.44
1295.19
1259.76
1210.39
1178.56
1164.41
1118.23
1200.23
1259.74
1399.31
1470.18
1359.60
1147.85
1059.94
1014.95
895.29
838.10
784.31
661.37
552.11
398.48
363.89
302.84
218.22
224.85
173.27
282.47
566.27
864.75
1093.65
1223.89
1184.75
1168.82
1344.45
1549.28
1563.44
1397.02
1147.94
1111.08
993.03
848.34
762.13
698.42
607.10
535.84
461.25
350.89
233.29
168.22
163.18
205.63
301.12
448.21
520.34
532.08
484.36
567.29
606.67
672.31
732.89
835.00
1016.82
1226.37
1338.67
1315.08
1274.93
1190.79
1155.22
1211.30
1191.16
1178.83
1162.16
1187.12
1262.48
1327.15
1380.98
1498.33
1597.86
1788.09
1990.79
2107.74
2092.67
2226.02
2196.25
2087.82
1900.95
1924.44
1906.46
1863.39
1716.61
1595.41
1485.25
1351.76
1233.46
981.31
855.95
901.94
974.51
1015.50
973.78
1061.39
1092.59
1160.86
1071.74
1066.89
1002.08
798.54
541.66
403.17
379.30
435.08
489.95
634.11
830.07
937.13
891.75
777.52
719.27
693.80
673.16
680.16
702.54
697.45
768.53
834.34
1007.50
1005.83
1102.75
1426.74
1742.75
1841.53
2116.33
2419.29
2734.53
2893.75
2952.79
2918.71
2855.66
2815.91
2872.93
2866.97
2804.96
2791.45
2675.74
2841.26
2754.65
2836.82
3077.23
3117.39
3062.23
2932.22
2882.58
2755.01
2724.61
2614.70
2512.13
2393.19
2322.16
2409.75
2487.08
2476.98
2380.21
2289.61
2190.97
2073.51
1997.29
1871.83
1696.55
1676.26
1638.76
1504.83
1505.39
1427.41
1330.87
1266.66
1280.57
1317.58
1305.13
1295.76
1275.79
1142.73
1001.64
1016.02
977.91
831.44
754.37
699.65
717.96
676.12
684.81
734.84
705.49
602.03
563.72
523.40
525.84
529.81
517.35
435.13
339.11
247.32
223.95
216.79
208.75
281.86
460.97
604.05
747.48
875.02
946.85
970.55
936.73
794.63
721.41
615.25
607.02
681.93
681.67
628.40
568.79
555.35
474.64
315.75
225.73
133.55
71.51
38.07
25.90
24.00
28.39
33.76
28.81
27.23
23.18
14.72
6.89
4.31
2.07
1.06
0.53
0.69
1.64
5.98
12.08
12.49
15.09
14.72
10.48
4.38
3.81
3.80
7.98
19.73
29.24
26.60
18.04
19.02
20.29
17.54
18.62
21.00
18.73
11.37
14.76
14.73
15.32
17.03
14.66
14.92
13.90
12.21
11.59
12.71
11.62
13.69
13.26
9.46
7.94
9.27
12.47
28.65
45.17
60.81
70.92
79.07
84.25
109.80
120.06
134.35
165.51
182.48
194.11
154.50
133.89
109.89
71.12
69.04
99.58
141.63
191.32
246.36
309.19
383.98
449.86
486.60
523.38
600.66
689.42
752.97
766.82
819.87
809.24
791.62
825.74
793.17
736.35
718.67
670.30
647.80
620.48
577.38
519.77
468.08
450.93
534.88
630.49
669.00
788.59
874.69
918.90
1086.34
1262.76
1332.17
1389.34
1550.87
1641.86
1857.85
2138.83
2408.35
2646.04
2810.81
2924.44
3027.18
3025.08
3004.48
2928.64
2857.33
2657.11
2463.31
2370.06
2386.86
2508.34
2588.26
2484.10
2360.46
2231.00
2091.97
1875.57
1744.28
1570.62
1362.55
1082.82
1072.76
897.32
847.53
854.68
976.96
1306.44
1743.53
2335.59
2846.53
2969.30
2583.24
2417.74
2007.84
1738.05
1403.88
1226.15
986.04
759.68
558.10
416.07
390.69
313.33
223.27
171.10
96.90
46.12
20.67
14.40
17.01
27.64
36.62
54.40
117.35
184.24
264.75
448.09
677.28
826.63
1037.37
1162.57
1284.75
1411.00
1450.03
1492.08
1410.53
1276.72
1218.57
1234.02
1222.98
1197.63
1015.68
801.29
650.39
500.07
396.26
374.53
349.81
299.17
289.54
403.08
492.15
496.89
492.04
470.80
432.20
385.24
372.41
346.30
348.19
363.64
407.11
457.72
540.55
557.76
640.78
657.67
642.71
618.15
665.24
736.76
826.93
960.48
1090.03
1139.68
1126.49
1231.38
1373.33
1475.41
1515.98
1542.26
1401.15
1318.03
1264.20
1193.65
1052.22
1001.48
924.70
976.81
1079.21
1098.90
1001.37
964.20
836.78
830.87
894.79
877.26
810.85
1014.50
1329.63
1442.44
1417.94
1426.04
1289.06
1141.81
1155.70
1216.76
1269.19
1365.73
1449.11
1422.56
1424.89
1304.23
1191.51
994.48
786.00
694.67
649.25
658.38
647.43
605.15
559.75
527.25
493.05
444.56
390.19
320.87
280.95
264.12
239.09
236.55
257.90
212.98
140.33
133.97
119.59
104.51
124.24
158.59
147.55
86.81
108.15
107.39
160.82
277.27
325.48
420.76
488.64
578.88
645.84
699.14
732.62
794.30
804.00
858.74
897.46
992.45
1025.22
1161.03
1166.68
1213.05
1309.22
1338.95
1299.95
1295.07
1270.76
1208.87
1153.86
1063.16
1023.57
987.36
1161.78
1211.42
1231.17
1296.19
1175.46
1082.86
1017.41
927.46
829.40
746.65
652.54
603.74
520.00
395.23
321.69
239.71
206.42
198.33
210.94
202.14
201.63
239.37
330.95
530.55
697.84
682.23
677.78
679.28
682.96
830.42
1051.67
1239.71
1333.16
1410.12
1510.46
1542.23
1589.78
1699.91
1730.74
1834.55
1904.75
1929.63
1952.91
2008.50
2140.12
2158.29
2123.48
2238.61
2442.74
2639.54
2670.74
2795.25
2926.66
2973.05
2915.94
2969.28
2918.75
2863.91
2781.66
2719.78
2656.33
2621.51
2549.33
2552.85
2471.66
2358.88
2335.92
2218.69
2033.46
1933.09
1903.92
1973.47
2146.97
2245.80
2271.79
2265.76
2208.84
1987.46
1917.46
1862.64
1740.30
1736.86
1811.95
1844.56
1850.08
1837.94
1779.52
1722.52
1632.01
1441.19
1302.02
1183.70
1194.28
1202.00
1216.30
1339.94
1337.17
1367.46
1374.83
1358.38
1279.66
1296.38
1275.45
1300.44
1237.14
1253.98
1289.55
1341.79
1372.58
1370.15
1315.80
1165.06
1045.32
962.26
824.08
722.46
646.47
562.39
537.23
504.09
543.60
538.92
505.29
450.87
362.27
292.59
231.65
180.93
156.26
151.19
116.51
85.24
62.23
53.03
46.11
31.23
23.58
16.39
12.03
19.70
27.83
33.93
39.40
58.58
108.35
190.94
287.78
369.67
426.65
514.32
657.11
853.25
1124.05
1444.98
1784.43
2092.92
2459.12
2763.50
3101.83
3361.96
3554.91
3585.66
3617.00
3631.98
3489.58
3304.76
2978.73
2754.96
2759.73
2881.58
3044.87
3271.91
3406.78
3433.94
3440.27
3474.93
3506.74
3461.14
3346.67
3238.71
3026.15
2759.10
2511.51
2453.43
2489.25
2532.06
2712.15
2819.36
2728.57
2639.24
2630.24
2664.07
2602.20
2683.83
2814.58
2966.54
3144.74
3295.51
3369.97
3243.07
2959.46
2842.43
2829.75
2789.68
2580.84
2448.64
2309.60
2224.91
2157.44
2069.02
1985.52
1739.13
1324.96
1156.78
1230.15
1213.56
1300.43
1371.32
1403.92
1323.95
1234.51
1200.04
1181.51
1184.08
1268.78
1413.91
1558.89
1780.94
1959.48
2032.88
2122.29
2254.21
2360.48
2681.57
2944.58
3172.52
3292.29
3455.06
3541.40
3576.96
3620.76
3548.66
3611.81
3709.74
3726.82
3675.26
3568.30
3437.90
3260.08
2963.37
2626.14
2218.33
1889.29
1530.08
1352.84
1467.32
1518.81
1759.43
2078.00
2358.62
2506.28
2660.05
2838.80
3086.21
3357.79
3493.17
3525.14
3478.32
3439.09
3375.38
3308.48
3240.42
3143.62
3146.07
3133.72
3132.81
3154.11
3135.81
3024.97
2870.20
2731.20
2510.50
2288.60
2009.55
1747.90
1427.96
1202.68
1153.72
1056.36
979.27
864.72
722.46
630.14
536.13
453.91
366.05
287.33
234.57
211.99
208.54
183.16
130.34
119.63
168.27
193.63
183.95
179.70
160.91
142.53
122.01
106.40
134.21
161.09
206.28
211.76
215.51
227.42
238.80
218.80
210.20
204.38
198.60
184.89
187.69
192.46
190.87
200.48
214.40
236.76
221.61
212.65
201.29
169.99
131.58
151.60
203.80
249.13
290.81
338.00
425.10
485.70
482.11
499.17
562.56
696.60
786.39
842.15
928.35
969.42
911.41
853.74
800.49
705.57
550.60
421.96
305.19
213.63
196.42
234.52
288.70
338.89
339.65
301.50
263.51
211.00
169.25
164.91
181.99
206.66
247.75
296.87
360.29
475.71
665.51
891.22
1107.36
1228.58
1313.21
1341.13
1326.94
1290.50
1207.20
1192.77
1306.78
1454.22
1445.23
1386.11
1273.77
1166.31
1120.49
1101.95
1110.98
1115.92
1102.85
1064.17
994.19
995.72
932.69
854.95
791.43
715.97
679.04
672.18
651.16
617.72
571.04
567.99
568.62
601.71
686.61
815.76
969.03
1132.24
1285.14
1704.31
2125.24
2741.77
3058.52
3202.96
3366.08
3387.85
3485.75
3642.10
3740.91
3738.00
3708.45
3707.15
3720.51
3643.91
3480.14
3169.94
2943.59
2757.69
2559.05
2630.70
2697.68
2668.95
2625.08
2535.96
2481.84
2266.50
1959.12
1690.86
1581.25
1331.28
1111.06
865.69
788.54
723.69
672.74
682.57
561.59
543.36
598.57
665.70
775.71
1010.83
1345.46
1576.12
1908.42
2124.22
2349.50
2602.24
2761.43
2891.89
3011.05
3064.21
2895.87
2822.24
2644.49
2425.32
2251.95
2267.25
2269.65
2438.92
2574.00
2449.40
2388.28
2358.37
2484.73
2681.32
2992.58
3237.96
3293.06
3259.67
3288.21
3416.90
3437.56
3371.19
3226.26
3137.01
3048.20
3019.20
3023.44
3031.65
2888.78
2769.64
2628.41
2637.32
2680.68
3012.02
3017.88
2855.10
2554.37
2253.83
1951.37
1809.82
1916.51
1987.51
1944.49
2130.11
2041.90
1807.02
1476.91
1236.01
1000.71
794.43
742.32
612.56
480.88
358.66
349.67
354.41
326.08
264.50
238.81
258.12
288.19
403.57
581.12
622.72
596.56
628.59
573.78
472.69
458.28
447.81
464.62
482.54
581.69
783.78
1030.90
1183.89
1335.92
1438.51
1469.02
1395.45
1346.27
1202.58
1178.90
1104.18
1084.23
1054.93
1211.12
1396.26
1618.24
1855.55
2003.18
2218.38
2418.50
2657.88
2926.29
3087.18
3216.37
3296.16
3383.70
3456.35
3559.35
3571.53
3542.38
3599.64
3597.64
3499.72
3328.09
3174.46
2978.53
2901.94
3004.59
3172.85
3266.08
3326.68
3445.71
3518.10
3479.58
3381.64
3270.06
3198.66
3159.31
3122.99
3045.17
2914.05
2730.88
2625.15
2569.98
2563.65
2496.59
2306.52
2156.86
1920.00
1823.58
1895.60
1904.06
1766.58
1592.63
1496.33
1419.74
1332.19
1114.53
944.75
859.76
875.58
907.48
856.80
805.56
789.53
789.26
821.64
787.27
651.05
466.59
329.37
322.35
437.94
699.78
883.08
945.48
1028.53
1143.43
1136.30
1158.78
1133.59
1097.97
1023.68
843.47
612.22
398.86
313.95
214.18
157.30
111.34
121.75
108.17
81.07
65.97
76.69
108.85
167.87
270.31
391.73
577.43
702.05
834.26
973.46
1163.98
1339.27
1579.70
1881.64
2181.85
2413.72
2707.39
3008.50
3108.34
3236.65
3148.39
3114.71
3039.96
2994.03
2744.57
2391.49
2058.23
1710.22
1435.93
1211.63
1362.88
1774.39
2142.57
2577.65
2924.32
3199.03
3261.69
3129.60
3138.66
2922.75
3061.93
3284.12
3203.09
2885.41
2590.21
2268.49
1918.60
1679.14
1577.47
1610.72
1665.10
1814.19
1869.31
1944.34
2029.84
2035.90
2136.62
2266.84
2314.62
2297.94
2261.05
2254.47
2221.74
2087.28
1992.33
1929.36
1732.57
1483.86
1297.05
1150.72
1014.43
922.99
752.87
579.71
440.19
349.05
311.91
285.78
254.78
231.80
208.87
151.95
116.10
82.64
52.29
44.40
71.03
150.04
259.00
342.11
416.15
483.98
560.24
620.37
639.48
642.41
734.79
870.71
1011.38
1135.95
1268.46
1401.79
1434.39
1506.19
1516.39
1413.91
1396.72
1426.17
1413.06
1381.56
1364.52
1414.44
1402.98
1369.53
1496.20
1636.07
1639.23
1608.61
1632.77
1674.80
1781.71
1827.03
1934.70
2061.55
2052.73
2074.58
2018.29
1952.98
1862.80
1876.08
1812.73
1728.95
1689.91
1621.47
1609.64
1725.00
1851.40
1825.76
1770.56
1568.86
1395.82
1202.28
1211.39
1355.13
1457.79
1503.27
1512.17
1486.40
1529.43
1618.57
1619.03
1412.98
1196.95
1022.91
766.72
594.80
599.55
598.12
550.37
552.81
494.18
449.52
400.00
370.96
374.99
367.77
349.08
330.65
310.77
310.46
301.76
294.75
297.44
308.92
282.58
240.80
229.18
209.00
207.26
200.03
202.49
217.40
207.67
204.64
207.14
221.77
214.71
208.81
206.76
264.36
312.42
333.30
361.84
332.46
253.00
282.63
305.61
350.81
417.37
485.95
416.31
365.62
379.52
377.41
358.59
397.03
359.02
328.15
327.89
400.49
376.59
308.43
245.40
220.67
186.83
162.78
185.89
180.19
175.94
218.14
287.01
370.36
492.05
562.52
562.41
617.91
646.59
783.55
1066.48
1451.57
1654.31
1744.33
2066.21
2493.01
2590.57
2711.93
3030.74
3156.89
3239.46
3146.96
2923.79
2434.97
1817.28
1196.27
959.35
870.78
892.12
984.73
1005.28
945.31
989.04
778.91
520.43
444.82
386.29
329.07
236.80
222.01
323.47
383.77
509.18
670.80
1056.98
1266.56
1320.50
1413.63
1636.32
2028.79
2319.52
2570.32
2909.16
3040.72
3080.64
2888.05
2617.71
2536.07
2526.57
2494.72
2375.03
2192.11
2019.15
1813.64
1710.42
1779.52
1852.05
1811.94
1676.97
1595.83
1518.24
1318.15
1168.79
1028.33
961.07
877.30
948.34
1021.33
1154.75
1306.93
1331.22
1390.28
1491.59
1534.64
1597.32
1627.31
1637.50
1690.50
1685.69
1711.54
1638.52
1572.67
1482.99
1307.60
1128.11
965.63
861.33
732.91
731.73
670.93
634.21
682.86
739.18
1012.16
1116.18
1106.59
1275.24
1572.62
1800.90
1803.14
1832.99
1868.99
1804.10
1660.14
1516.37
1303.27
1103.70
935.00
782.51
694.54
618.43
627.82
650.19
619.48
683.39
816.54
1202.29
1821.30
2210.91
2525.46
2842.50
