1260.36
1305.48
1335.55
1389.37
1355.46
1345.70
1566.12
1951.14
2143.05
2394.28
2487.52
2626.93
2778.57
3036.63
3034.91
3005.57
2972.03
2836.53
2554.98
2266.43
2068.23
1863.38
1570.72
1216.67
1006.89
847.26
764.64
588.47
486.68
353.83
334.13
371.82
392.97
424.91
412.85
498.82
630.94
800.35
985.11
1356.04
1558.92
1971.83
2148.52
2482.31
2577.26
2325.42
2195.55
2067.48
1993.41
1955.13
1864.87
1696.77
1508.95
1364.66
1212.78
1066.57
959.88
890.21
862.03
904.29
795.24
666.22
583.19
710.96
985.13
1116.07
1390.08
1549.91
1632.14
1781.53
2043.86
2306.87
2561.52
2845.92
3079.53
3210.62
3290.64
3260.20
3086.49
2907.97
2952.84
3011.29
3042.06
2975.91
3001.81
3049.45
3145.15
3235.43
3350.88
3512.77
3593.30
3677.50
3567.06
3471.10
3256.08
3071.23
2981.10
2902.71
2824.18
2694.84
2679.16
2768.35
2539.15
2081.27
1704.48
1379.00
1103.12
866.47
655.01
456.31
281.52
157.74
102.26
115.10
163.61
283.32
491.26
740.89
1039.92
1393.22
1846.94
2394.22
2876.47
3171.58
3235.70
3435.64
3554.88
3449.83
3349.82
2520.10
2035.89
2031.04
2171.19
2364.56
2407.08
2202.02
2100.74
2096.83
1850.69
1856.77
1645.22
1477.92
1441.42
1207.05
933.03
925.47
967.56
1066.87
1045.05
1091.09
1186.25
1323.47
1530.65
1763.37
1910.63
1998.62
1972.25
1850.61
1748.02
1785.35
1846.14
2048.62
2234.22
2508.85
2769.95
2900.49
2839.35
2888.63
2919.36
3013.29
3000.77
3037.91
2904.29
2643.72
2351.33
1992.01
1687.11
1529.10
1447.18
1454.15
1444.30
1358.27
1288.89
1226.44
1261.83
1256.86
1234.31
1156.38
1139.56
1154.64
1147.12
1233.32
1297.65
1363.05
1449.30
1436.72
1477.01
1466.53
1336.01
1215.53
1037.64
820.60
719.08
718.49
808.95
814.46
776.00
797.26
819.39
751.32
732.50
686.00
646.82
610.02
617.79
645.64
654.93
670.56
703.88
838.46
858.67
1034.84
1080.52
1042.65
1052.07
1000.29
1103.76
1250.46
1272.50
1294.86
1293.08
1432.92
1826.04
2246.46
2669.46
3028.04
3380.28
3662.71
3922.35
4008.73
4017.67
3863.73
3911.75
3830.43
3683.88
3384.02
3075.96
2736.97
2280.94
2115.09
2096.07
2275.28
2420.04
2470.27
2516.37
2447.14
2429.00
2499.96
2695.99
2645.95
2555.07
2612.46
2649.41
2481.97
2295.39
2261.81
2145.86
1828.05
1683.98
1583.37
1513.64
1433.14
1377.21
1223.60
1053.60
956.55
972.37
1010.99
1166.06
1391.14
1398.43
1199.33
1116.03
1368.41
1762.20
2147.74
2379.67
2583.75
2583.77
2555.97
2490.05
2475.49
2493.24
2646.54
2717.91
2847.25
3071.49
3225.41
3358.38
3375.47
3355.42
3359.65
3320.02
3218.55
3053.08
2926.11
2863.95
3132.63
3373.94
3504.18
3492.69
3448.28
3385.47
3248.44
3006.23
2748.12
2695.68
2410.81
2099.01
1805.00
1715.25
1574.31
1624.02
1779.46
2037.75
2384.67
2798.83
3200.45
3509.89
3674.87
3531.83
3310.41
3320.37
3136.11
3216.28
3151.35
3063.60
3259.48
3439.43
3544.08
3601.80
3772.26
3894.44
3955.88
4027.39
4095.72
4173.19
4115.21
3969.72
3893.95
3697.86
3725.18
3818.06
3898.67
3997.35
3942.03
3815.00
3668.82
3449.83
3088.47
2651.86
2209.29
1879.53
1584.68
1224.85
975.80
1038.83
1158.20
1172.59
1067.00
1017.42
1054.47
1002.56
833.15
930.05
1120.68
1439.33
1696.68
1801.62
1788.76
1834.63
1854.72
1840.22
1660.90
1504.01
1416.98
1311.19
1183.24
1023.18
850.97
859.56
1011.56
1169.70
1269.87
1372.19
1381.08
1421.65
1506.57
1568.94
1475.40
1552.77
1451.01
1407.83
1511.25
1622.25
1728.63
1690.91
1789.32
1881.64
1898.25
2073.49
2058.13
1996.77
1925.79
1832.01
1617.32
1431.53
1298.00
1232.91
1167.09
921.43
776.41
713.04
730.25
895.14
1012.87
1059.92
1163.26
1177.87
1162.13
1025.78
1140.48
1287.13
1369.15
1304.00
1230.92
1205.06
1244.64
1253.88
1235.14
1126.05
1022.61
948.21
873.32
795.95
714.57
607.78
472.62
418.33
342.57
314.19
267.83
248.81
225.47
179.38
169.05
179.19
171.16
171.78
164.23
141.25
145.74
119.40
123.29
127.57
126.76
163.15
194.42
205.58
226.18
268.13
321.65
379.89
380.93
405.10
380.57
378.91
358.02
405.88
429.31
441.50
477.64
468.85
488.39
523.63
546.01
498.54
468.22
406.87
298.73
220.33
174.37
178.67
209.69
244.41
297.49
390.73
517.68
601.37
618.56
647.80
650.23
654.87
600.88
583.60
579.51
575.30
546.49
501.47
489.19
458.58
461.44
464.17
443.01
368.67
303.04
265.18
294.32
298.31
269.05
231.28
194.65
181.56
190.01
196.24
206.45
204.29
222.01
184.63
151.71
149.72
122.72
110.76
75.45
69.70
77.16
71.41
61.96
45.13
51.47
35.33
30.07
28.14
25.55
43.92
81.13
153.31
264.84
393.61
507.18
626.44
647.86
698.18
787.85
751.78
738.52
782.03
885.78
998.73
982.19
910.17
848.05
837.63
814.86
870.84
937.63
1048.74
1078.74
1073.59
1097.18
1177.82
1290.43
1309.40
1318.52
1454.05
1552.35
1640.73
1678.44
1730.66
1772.42
1834.82
1976.52
2065.08
2114.23
2199.44
2289.63
2404.73
2444.02
2365.75
2264.08
2009.83
1806.06
1690.94
1526.66
1318.55
1066.74
875.79
736.65
734.11
799.70
854.08
939.14
1032.47
1014.00
1037.17
958.72
812.46
831.76
822.38
717.67
733.69
942.63
1081.11
1189.73
1213.89
1295.01
1345.36
1354.02
1138.36
1412.32
1557.49
1484.11
1302.54
1058.43
953.59
925.56
784.74
665.78
569.08
489.51
390.31
308.59
240.77
138.85
62.67
27.65
16.21
12.16
19.41
40.11
94.07
181.17
297.84
391.53
452.76
518.73
603.60
637.20
703.10
764.78
902.61
989.22
1016.88
1077.55
1108.93
1175.50
1249.49
1342.50
1453.20
1548.00
1522.52
1511.80
1417.37
1539.89
1586.77
1584.36
1608.72
1535.10
1609.08
1683.92
1593.16
1502.20
1450.80
1342.77
1678.56
1393.37
1316.41
1345.62
1406.18
1349.41
1564.16
2029.30
2159.13
2806.78
2858.77
2914.12
2863.68
2996.98
2965.06
3396.06
3425.28
3587.69
3872.90
3865.03
3705.86
3565.78
3377.29
3210.13
3295.27
3384.50
3558.73
3516.72
3649.41
3523.99
3181.93
3532.67
3618.68
3832.94
3973.86
3975.94
4039.99
4053.28
4035.74
4040.60
3900.97
3954.77
3815.79
3562.12
3218.39
2911.49
2541.65
2248.71
1849.26
1587.79
1380.47
1277.50
1478.59
1767.00
1857.09
2403.20
2798.75
3045.24
3432.40
3777.09
3658.51
3875.13
3905.68
3963.33
3993.81
3983.06
3948.76
3735.71
3871.86
3842.78
3782.31
3630.42
3473.29
3315.29
3229.18
3132.74
2878.98
2845.59
3019.83
2852.11
2927.89
3181.63
3420.54
3575.13
3703.36
3780.92
3601.71
3497.64
3810.64
3814.37
3171.97
2472.93
2087.94
1918.81
1690.16
1485.69
1264.28
1100.94
911.18
754.71
578.99
398.69
253.65
190.19
143.17
99.55
72.89
58.93
61.05
95.52
259.57
506.76
750.40
1023.21
1442.60
1865.96
1873.27
1988.51
2510.39
2771.06
2934.31
3110.46
3539.76
3917.13
4089.94
4104.91
4099.41
4031.65
3831.92
3510.80
3214.86
3104.65
2843.25
2517.90
2242.28
2115.78
1794.70
1333.62
871.55
713.30
592.16
551.69
484.74
379.33
322.99
402.47
364.12
375.03
391.23
378.18
300.73
234.89
202.77
224.50
254.86
254.64
241.65
225.18
322.73
475.13
618.77
773.73
926.41
1019.89
1316.18
1706.63
1886.41
1989.36
2051.19
1928.85
1768.75
1545.20
1296.74
1135.39
976.79
1191.29
1691.16
1804.24
1882.26
1705.64
1453.84
1134.88
959.28
1009.30
1016.07
1119.53
1014.56
877.45
702.67
531.31
458.33
431.17
258.13
140.69
152.05
154.22
116.55
88.12
72.50
26.99
12.10
20.32
59.61
101.88
160.74
207.60
295.43
410.84
524.89
626.33
622.29
667.43
717.46
848.03
933.56
916.19
837.32
747.80
787.49
857.74
969.25
939.48
888.65
914.68
958.49
1061.85
1102.13
1124.47
1090.09
1026.26
948.84
974.68
973.34
942.10
903.23
911.00
870.48
838.04
842.10
841.24
763.36
749.35
694.81
730.61
850.64
925.18
820.12
807.81
928.81
1113.18
1370.06
1554.64
1639.24
1650.56
1639.12
1809.70
2184.88
2187.41
2266.56
2521.41
2544.71
2643.01
2985.02
3025.64
3031.38
2920.31
2898.81
2821.58
2580.12
2197.42
1944.33
1895.17
2047.58
2421.82
2515.81
2837.86
2872.43
2908.23
3078.30
3213.23
3352.99
3520.58
3483.68
3295.02
2988.98
2718.70
2559.93
2315.96
1896.23
1569.06
1348.51
1250.96
1064.55
995.20
940.92
926.76
1477.77
2161.93
2683.72
3093.57
3417.38
3618.72
3793.03
3895.90
4006.80
4014.57
3996.23
3970.45
3920.25
3868.93
3570.05
3320.60
3174.61
3141.18
3322.80
3265.65
3085.55
2953.52
3182.07
3129.57
3098.37
2997.49
2934.85
2757.57
2289.96
1707.39
1466.45
1404.87
1355.66
1194.92
1175.22
1105.17
1069.86
1068.92
1005.37
1070.66
1120.33
1190.72
1184.74
1201.43
1217.96
1226.65
1266.81
1371.11
1476.05
1545.21
1668.63
1628.37
1566.09
1394.82
1315.87
1294.96
1268.53
1296.80
1352.29
1475.10
1516.15
1485.63
1450.54
1464.68
1553.30
1578.58
1578.70
1531.80
1408.24
1255.99
1314.00
1461.09
1608.87
1602.33
1476.03
1353.57
1200.64
1043.33
911.21
731.01
593.33
484.25
398.23
272.75
207.58
168.92
160.27
158.93
182.82
195.72
181.82
172.39
144.97
125.89
134.48
130.35
130.22
124.40
110.79
78.03
55.15
56.66
77.89
116.11
133.81
138.06
172.09
185.49
220.29
231.86
244.80
248.07
196.11
148.99
121.54
122.03
98.81
100.77
101.29
129.03
167.15
149.47
177.42
202.73
229.44
273.58
360.86
487.54
662.29
751.56
919.25
993.15
1070.44
1098.49
1031.75
899.01
752.04
692.24
653.55
569.08
534.34
507.09
478.05
528.75
603.98
695.71
732.89
684.18
645.47
622.04
746.29
792.26
734.16
739.82
749.57
841.30
956.12
870.12
929.31
1215.43
1370.60
1438.05
1514.55
1719.42
2460.26
2672.84
3255.50
3695.16
3832.83
3934.25
4064.27
3770.12
3423.56
3090.67
2708.19
2522.74
2643.94
2858.64
3233.95
3528.47
3621.46
3630.46
3572.06
3376.38
3225.84
2859.91
2485.72
2116.98
1925.69
1624.92
1480.15
1499.24
1369.98
1473.12
1870.43
2121.07
2256.36
2101.91
1721.33
1591.07
1566.19
1462.38
1305.71
1180.18
1030.65
978.84
983.63
973.18
1002.41
1158.16
1340.71
1337.38
1227.92
966.19
848.35
1143.18
1798.20
2094.30
1904.03
2293.22
2315.13
2223.36
2075.43
1909.59
2041.99
2063.45
2067.18
2266.09
2504.49
3297.87
3489.32
3691.27
3788.99
4051.74
4069.92
4093.09
4036.94
3963.36
4007.09
4001.91
3956.42
3887.63
3854.35
3865.03
3894.05
3894.79
3849.01
3796.62
3744.76
3738.99
3721.58
3698.91
3718.46
3731.33
3728.33
3697.52
3590.71
3556.14
3363.23
3253.50
2983.06
2650.66
2388.21
2231.73
2086.02
1773.06
1516.58
1230.13
891.72
527.33
295.39
191.03
149.19
124.75
107.51
109.65
134.81
159.66
176.58
205.61
221.72
247.11
277.80
276.37
307.39
400.59
440.70
475.63
586.35
665.95
744.67
852.27
1003.31
1161.02
1337.06
1445.47
1461.58
1466.12
1360.58
1218.05
1045.25
876.98
652.06
496.84
385.17
297.69
229.72
177.53
187.85
238.87
272.54
427.51
587.71
1003.96
1458.50
1621.21
1703.67
1499.50
1429.23
1443.09
1509.26
1472.90
1371.48
1365.34
1472.65
1582.90
1987.14
2490.51
2814.86
3040.34
2823.13
2657.70
2502.75
2386.91
2318.58
2374.88
2470.97
2558.61
2691.73
2785.09
2828.96
2962.75
3069.51
3083.87
3194.32
3250.39
3111.53
3047.88
2965.54
2856.54
2748.21
2779.88
2819.62
2829.28
2796.95
2822.73
2687.18
2530.68
2715.55
3184.48
3407.89
3381.92
3129.02
3265.39
3197.57
2985.58
2616.12
2223.35
1983.67
1772.43
1632.63
1473.28
1336.62
1020.61
1081.31
1070.12
1170.62
1160.64
1049.26
975.59
870.54
774.81
737.31
969.31
1380.37
1398.09
1130.07
959.85
885.91
745.87
583.31
559.97
599.22
648.30
665.26
614.59
524.11
431.47
248.85
199.12
187.47
213.05
235.76
230.44
154.55
115.95
90.10
62.61
58.60
102.30
145.44
145.64
139.59
135.32
147.39
228.70
262.60
226.19
182.98
160.25
147.67
113.24
75.44
69.59
84.88
105.07
126.08
125.75
122.41
95.12
61.09
29.11
17.81
26.05
35.20
40.73
49.01
54.87
66.27
82.10
73.91
91.39
103.08
87.55
69.71
60.69
38.57
29.48
35.79
37.59
40.09
27.47
28.18
40.38
47.31
34.12
22.86
24.45
36.14
52.84
63.01
97.77
134.79
203.47
277.86
249.75
246.58
229.63
217.04
199.42
213.59
255.38
301.83
382.46
404.69
356.28
263.57
166.92
64.53
16.41
11.04
52.01
111.94
194.01
287.77
326.78
339.75
375.80
498.18
574.53
602.15
588.00
571.08
522.16
413.29
327.98
258.98
185.22
119.02
89.55
93.68
89.11
130.37
276.11
406.96
757.88
1369.84
1982.46
2537.62
2836.93
2932.36
3089.39
3193.10
3245.37
3038.22
3030.69
3110.78
2761.92
2529.75
2626.49
2176.83
2120.08
2181.38
2290.55
1952.73
1528.07
1624.23
1359.18
1008.69
851.38
880.57
1029.79
1177.99
1180.27
1021.05
938.59
1016.19
1171.51
1340.52
1288.61
1192.62
1215.36
1048.30
1001.19
849.86
734.25
684.75
616.80
565.89
467.06
481.11
654.92
646.76
567.50
599.64
576.37
455.87
408.00
285.90
215.41
182.45
153.84
167.12
209.91
277.46
377.24
383.52
378.90
326.33
281.46
285.16
377.89
418.50
362.21
251.08
297.73
299.23
273.45
225.95
213.81
245.83
205.75
203.87
373.15
762.07
1150.17
1596.68
2200.58
2720.26
2828.25
2782.94
2643.43
2401.39
1934.04
1496.39
1242.85
1451.96
1859.85
2454.69
3136.93
3490.92
3679.81
3759.15
3690.64
3571.77
3263.76
2671.32
2173.13
1686.67
1410.66
1078.53
797.13
630.69
450.91
332.56
271.55
224.26
159.60
171.63
152.90
135.85
92.25
38.79
32.31
30.35
14.73
14.92
12.74
20.76
30.93
37.55
48.01
55.41
77.99
146.46
235.72
309.87
372.31
439.19
479.89
543.98
616.67
686.93
703.03
770.68
727.67
678.13
850.83
1006.59
1029.98
911.34
699.24
455.76
402.34
303.60
282.48
310.83
387.70
432.35
420.04
371.30
298.92
213.52
121.47
109.28
183.43
222.27
330.70
413.67
364.68
308.16
309.66
280.86
303.34
323.95
326.10
365.02
388.07
395.71
404.69
422.60
455.46
481.45
465.73
467.42
463.33
507.38
567.46
654.05
605.61
566.60
544.93
569.08
525.58
643.94
820.47
1056.56
1256.99
1458.31
1887.97
2309.49
2359.67
2284.29
2294.60
2287.18
2189.70
2194.67
2165.48
2051.01
1829.85
1512.82
1237.23
944.40
703.11
451.47
305.37
188.82
183.42
216.04
414.74
750.84
849.79
1097.90
1322.60
1388.27
1527.39
1644.68
1906.37
2024.45
2063.73
2174.45
2224.80
2149.05
2081.89
2128.88
2134.07
2162.49
2162.64
2299.94
2520.42
2785.88
3079.00
3276.93
3604.74
3793.96
3960.98
3839.34
3842.44
3975.67
4035.26
4115.57
4105.13
3984.98
3734.44
3808.95
3814.09
3808.50
3467.29
3022.32
2505.48
2233.39
2382.20
2421.63
2189.43
2204.69
2352.46
2595.31
2847.87
3164.64
2974.47
3146.78
3333.15
3202.60
2740.97
2276.49
2071.09
2307.04
2480.24
2506.65
2257.19
2051.23
1767.94
1654.01
1583.46
1727.23
1630.47
1540.21
1578.68
1472.11
1545.59
1606.03
1984.86
2167.37
2381.48
2080.11
2325.67
2432.98
2024.92
1927.88
2174.09
1992.22
1767.59
1355.44
1050.45
802.17
450.73
312.24
235.17
310.32
501.61
709.56
926.20
1186.07
1401.17
1675.33
1985.49
2367.06
2773.26
3033.92
3263.24
3481.11
3703.48
3733.38
3753.87
3642.72
3661.45
3662.19
3587.46
3020.84
3287.45
3208.48
3077.73
2943.67
2794.82
2699.46
2625.41
2527.88
2401.67
2121.74
1941.17
1737.41
1575.48
1443.58
1281.89
1074.41
918.19
881.81
828.54
803.44
691.48
552.20
469.56
362.84
325.88
251.58
233.61
245.03
231.67
218.92
171.69
151.86
158.30
146.24
119.42
118.23
104.35
91.23
153.63
168.17
121.87
117.70
88.30
59.09
50.16
52.94
69.63
71.63
87.02
108.39
167.42
237.25
328.11
414.64
446.70
482.18
442.02
356.57
277.26
258.07
294.01
319.67
297.21
289.28
323.14
315.49
388.80
448.15
493.93
550.64
633.66
752.53
892.94
1021.36
1093.23
1099.61
1198.95
1282.56
1105.12
1056.29
1062.06
1139.23
1274.18
1514.41
1592.71
1700.29
1748.65
1616.03
1400.04
1084.51
753.57
541.65
449.46
363.81
298.93
219.68
155.37
116.97
99.52
103.80
106.49
107.16
147.20
186.85
245.77
309.90
437.08
571.83
730.61
894.08
1004.29
1116.57
1223.82
1282.49
1311.40
1429.60
1525.75
1542.34
1559.17
1646.05
1612.22
1566.29
1620.22
1666.47
1698.66
1711.29
1979.43
2206.59
2470.21
2550.07
2773.26
3036.36
3327.75
3441.77
3533.29
2977.27
3272.91
2978.64
2581.04
2256.52
2054.82
1841.89
1589.03
1542.00
1496.18
1393.25
1330.49
1345.52
1470.94
1580.14
1675.89
1854.95
2267.88
2582.59
2910.68
3145.66
3134.48
3130.40
3168.35
3070.96
2575.77
2556.98
1955.64
1935.13
1832.10
1702.62
1623.62
1658.75
1666.38
1772.25
1635.32
1425.59
1413.89
1522.42
1935.72
2417.81
2862.35
3396.44
3784.95
3919.13
3889.04
3810.23
3879.22
3807.39
3611.19
3085.27
3074.17
2752.46
2728.92
2433.90
2226.67
2485.87
2360.89
1847.86
1814.83
1577.79
1584.67
1361.71
1576.76
1366.28
1568.73
1604.32
1656.47
1674.18
1650.09
1652.93
1435.87
1146.44
835.44
613.68
504.98
560.10
618.70
659.67
689.72
838.82
1007.27
1142.52
1311.22
1456.55
1527.99
1684.00
1501.46
1326.86
1341.40
1391.79
1351.79
1293.04
1279.01
1403.48
1378.15
1516.15
1256.48
1255.45
879.51
584.72
481.47
427.03
370.28
402.46
431.33
376.64
447.25
452.54
524.13
644.12
786.55
746.67
789.78
1196.49
1617.55
1950.15
2220.86
2468.64
2414.25
2288.58
1972.47
1580.18
1376.54
1231.10
849.87
637.41
605.89
637.04
671.08
688.49
591.26
527.28
388.02
217.72
177.92
127.14
98.77
109.56
139.66
233.42
389.31
522.47
551.54
735.89
873.65
927.59
1007.37
1095.42
1162.39
1355.64
1719.23
1791.88
1889.26
1849.01
1655.03
1501.52
1283.31
1028.74
942.88
931.91
916.63
863.15
826.81
758.36
635.63
556.16
514.10
380.24
322.59
302.04
272.11
310.31
375.49
433.36
514.27
599.62
704.61
831.75
964.00
1116.53
1358.55
1654.05
1883.87
1979.87
1981.79
1921.66
1966.79
2088.66
2083.47
1938.15
1945.00
1990.47
1844.14
1625.38
1360.44
1205.02
1264.15
1484.38
1514.63
1328.66
1193.53
1083.17
1001.23
941.38
830.30
683.34
576.44
574.71
619.83
654.95
636.74
629.68
687.54
813.48
918.66
1041.48
1192.76
1392.70
1600.63
1907.56
2243.42
2568.54
2835.95
3076.44
3192.81
3189.00
3178.57
3181.63
3203.86
3240.12
3285.85
3319.02
3401.51
3452.84
3441.44
3211.93
3144.54
3127.46
3107.96
2972.97
2756.07
2383.25
1875.52
1437.82
1372.78
1367.16
1312.19
1221.71
1142.02
1013.27
965.64
907.32
846.61
869.99
804.38
647.40
584.10
678.83
894.45
1146.08
1222.88
1168.70
1120.96
1015.94
867.54
689.98
465.74
376.29
322.23
294.24
269.37
247.24
218.33
227.13
228.32
171.64
150.03
144.03
153.86
128.19
82.29
91.94
195.98
207.13
203.54
180.63
161.90
154.42
185.12
171.02
115.55
121.94
97.08
71.81
70.37
76.61
101.51
162.44
189.84
216.07
249.64
279.64
293.13
251.35
179.10
280.83
332.69
318.29
279.75
259.70
258.89
276.33
290.98
265.03
200.64
195.44
189.65
149.64
136.95
143.18
128.92
95.94
55.80
39.25
45.91
48.79
58.35
56.06
46.31
56.51
71.87
84.13
141.46
195.66
240.71
272.44
325.71
332.73
230.68
216.96
222.03
172.42
118.39
88.19
106.18
118.34
149.08
146.84
155.24
232.59
353.71
357.26
290.20
342.62
473.79
667.82
828.66
949.16
1033.60
1250.20
1440.35
1421.84
1315.65
1379.19
1542.86
1536.03
1359.55
1524.20
1608.96
1626.00
1541.76
1442.12
1323.99
1262.83
1202.80
1114.17
1065.93
946.47
1029.20
1233.78
1458.11
1467.63
1499.88
1494.70
1372.05
1190.86
963.78
683.04
589.47
563.71
533.53
501.48
439.99
369.17
351.59
359.55
358.03
366.10
345.00
298.57
320.05
335.84
297.62
287.73
315.89
357.70
370.12
369.18
369.62
337.99
321.72
372.00
390.10
344.38
290.13
240.94
187.15
152.29
103.84
80.66
68.68
84.81
103.43
62.53
29.99
28.94
48.97
99.00
164.55
261.55
327.65
379.24
407.13
427.72
374.64
466.81
646.91
808.06
913.77
995.04
982.65
938.55
950.24
1138.27
1237.35
1305.81
1340.40
1424.72
1545.15
1894.10
1924.56
1700.84
1825.29
1874.38
2470.40
2910.70
3180.74
3159.03
3118.17
3258.84
3514.03
3258.80
2996.92
2989.58
2738.66
2254.26
1901.14
1663.45
1555.08
1277.70
1079.57
1011.60
1070.35
1130.37
1181.54
1332.43
1344.15
1324.96
1416.64
1532.82
1576.67
1573.41
1259.16
878.09
680.15
632.97
598.25
477.87
357.98
459.19
700.54
929.28
1130.63
1303.19
1491.04
2070.36
2219.58
2544.75
2795.81
2722.83
2853.68
2822.94
2751.03
2433.50
2280.20
2031.61
1801.89
1609.34
1564.05
1624.28
1615.94
1604.43
1487.95
1340.83
1280.21
1209.67
1057.47
941.23
791.44
662.87
713.70
1021.03
1428.88
1956.50
2330.01
2370.63
2349.13
2249.69
2163.54
1567.65
1582.90
1317.45
1244.85
1162.94
1210.53
1149.33
980.55
866.15
914.74
847.23
702.14
546.63
497.99
322.56
136.41
91.41
82.10
88.26
113.82
130.67
177.19
262.66
393.00
497.70
554.70
514.59
483.20
475.78
554.72
577.20
540.56
593.32
666.46
720.63
726.87
699.31
668.00
651.27
639.07
687.74
723.54
739.37
771.45
822.62
792.75
836.49
839.22
778.05
708.78
650.20
581.11
493.12
429.30
354.31
299.74
262.41
230.43
189.00
168.11
178.43
154.53
116.75
88.94
77.37
85.43
172.42
227.78
197.46
160.51
119.12
116.75
154.70
195.32
267.50
315.99
347.75
348.23
348.56
370.59
395.80
398.59
394.08
411.32
446.18
394.98
268.06
309.22
486.44
710.25
744.17
670.33
684.84
634.78
716.54
976.26
988.42
826.26
760.07
750.53
759.37
788.48
787.50
738.80
712.54
724.68
786.60
802.49
901.72
872.77
623.36
679.14
867.00
1226.31
1381.63
1522.88
1758.04
1879.31
1678.51
1612.17
1632.95
1111.05
1036.37
1013.59
1087.22
925.12
1047.34
943.63
782.43
636.09
558.61
658.69
831.91
836.34
811.82
1144.18
1555.81
1548.69
1576.80
1551.81
1818.90
1926.47
1741.20
1693.45
1581.37
1354.82
1083.52
1285.91
1461.37
1372.68
1226.22
1216.71
1244.84
1223.18
1355.78
1454.98
1490.05
1564.80
1845.03
1849.45
2136.21
2253.88
2210.16
2247.21
2268.81
2175.94
2176.62
1887.63
1506.49
1520.74
1307.82
1183.98
1269.72
1073.30
1146.84
1210.06
1109.25
943.63
795.28
693.58
641.75
557.85
503.63
455.34
590.09
835.41
973.01
998.47
981.50
936.92
864.02
736.19
673.10
571.66
482.89
624.95
684.83
762.70
789.11
873.79
917.97
949.04
988.33
1047.73
1089.77
1004.82
842.11
829.24
976.93
1144.86
1340.58
1667.53
1822.41
1394.24
1231.07
1368.34
1237.14
1056.60
1156.14
1034.94
1002.23
875.41
936.20
1013.10
1203.02
1148.26
960.55
875.05
856.66
723.07
718.26
857.08
847.78
740.26
688.19
655.38
688.63
689.37
591.83
539.72
356.12
221.04
167.61
252.92
391.33
484.59
561.45
611.96
671.63
713.22
754.47
661.08
761.11
844.82
968.73
968.39
977.32
965.06
937.85
922.11
931.90
881.59
919.29
1053.03
1123.69
1291.92
1441.09
1523.13
1514.60
1624.83
1772.07
1919.33
1789.46
1828.65
1843.11
2105.72
2191.36
2317.27
2407.35
2520.78
2562.06
2602.32
2704.46
2886.71
3074.51
3210.84
3329.74
3412.80
3344.25
3288.60
3216.96
3154.78
3116.80
3150.56
3141.02
2928.26
2943.27
2808.49
2656.14
2526.85
2413.68
2455.71
2719.66
2542.47
2636.00
3129.08
3111.86
3142.39
3200.32
3125.92
3153.43
3086.69
2482.36
2634.68
2267.35
1992.77
1938.85
1940.93
1928.75
1963.20
2003.76
2006.70
2071.99
2034.98
2035.34
2094.51
2375.54
2685.75
2688.47
2643.35
2610.00
2591.90
2587.86
2610.24
2512.57
2282.07
1956.30
1561.83
1005.35
714.69
586.16
545.06
467.81
395.21
297.35
185.87
95.99
77.91
77.46
51.94
58.52
107.75
143.72
185.19
244.02
277.12
309.83
344.09
386.87
449.76
467.80
432.25
370.51
327.87
280.67
228.94
191.85
176.56
167.94
187.38
245.96
353.97
441.62
457.53
552.65
889.17
1493.44
2111.96
2545.38
2751.20
2742.75
2770.09
2616.39
2641.66
2567.22
2552.65
2218.42
2320.91
2137.53
2068.66
2004.81
1841.18
1767.15
1665.83
1513.34
1433.04
1233.88
1200.58
1649.77
1658.09
1519.78
1241.79
914.10
907.29
837.92
888.72
974.17
872.45
665.46
508.93
313.67
257.71
262.84
332.80
371.89
421.55
566.54
741.24
910.05
1023.18
1175.84
1241.91
1414.66
1758.17
2039.07
2187.73
2352.90
2138.93
2140.21
2092.31
1969.13
1737.80
1521.25
1375.88
1443.57
1588.78
1724.47
1851.63
1796.11
1758.37
1760.19
1710.56
1578.16
1442.40
1099.30
1110.99
1107.00
912.58
762.07
616.95
714.00
820.74
1030.43
1227.37
1436.69
1748.59
1803.06
1560.27
1559.09
1347.55
1288.40
1227.44
1249.13
1209.17
1171.06
1116.47
1098.45
1010.77
871.46
786.25
876.77
804.93
692.17
577.67
571.12
533.94
509.22
518.59
540.07
517.99
438.31
375.07
324.36
254.58
230.03
202.69
188.04
151.85
113.71
80.03
56.53
43.16
43.73
39.92
25.35
59.37
79.75
111.27
149.94
227.56
337.07
467.65
660.13
909.79
1144.14
1355.94
1376.80
1475.33
1640.42
1820.61
2047.11
2011.49
2106.33
2231.26
2511.19
2775.58
3005.09
3387.45
3589.80
3723.81
3788.28
3604.68
3708.17
3745.45
3838.46
3733.27
3723.16
3746.72
3681.94
3604.41
3393.21
3050.25
3131.90
3054.03
3065.13
2904.91
2735.98
2786.62
2698.05
2486.20
2692.57
2656.59
2595.96
2464.67
2289.11
2233.12
2322.54
2480.00
2704.66
2801.85
2774.01
2685.35
2395.14
2048.31
1763.00
1608.23
1568.46
1380.51
1511.99
1318.08
1429.44
1315.99
1208.90
1054.58
1105.42
1100.75
1195.99
1351.06
1425.94
1608.90
1811.90
1817.89
1923.60
2104.68
2049.70
1957.11
1885.88
1721.60
1429.99
1225.64
1314.41
1245.16
1222.00
1246.43
1242.45
1170.84
1167.97
1180.40
981.02
820.02
972.10
1402.58
2039.55
2518.94
2564.09
2449.73
2334.25
2360.56
2434.11
2551.63
2336.05
1943.57
1588.82
1580.65
1454.19
1435.30
1644.52
1647.91
1548.12
1540.67
1513.15
1491.73
1486.81
1649.69
1538.89
1511.31
1770.17
2066.34
2280.42
2364.63
2344.94
2441.83
2483.17
2202.94
2390.03
2176.72
2020.88
1987.24
2026.83
2079.02
2035.03
1825.72
1746.71
1605.52
1824.97
1731.23
1611.53
1699.59
1778.44
1762.01
1825.29
2094.55
2305.33
2328.10
2228.19
1900.99
1481.57
1190.00
800.32
417.18
264.20
180.35
134.52
131.36
125.43
112.12
89.58
56.60
33.68
26.46
17.48
15.87
14.11
12.80
13.77
24.03
36.80
40.05
49.31
79.17
139.43
185.54
224.42
243.18
331.47
464.26
551.55
604.50
590.10
571.93
528.46
498.36
480.84
496.64
521.00
363.85
226.35
165.96
189.37
331.80
487.90
506.66
438.33
366.29
359.69
447.98
411.70
391.91
342.50
300.29
321.23
276.30
295.64
192.68
208.29
201.66
204.74
204.90
172.09
93.62
48.67
50.86
87.44
119.13
168.59
258.98
317.48
356.66
339.32
317.09
331.75
266.39
238.97
255.26
243.59
274.85
291.57
202.33
145.14
116.15
102.54
104.26
124.68
130.58
81.53
73.41
123.55
199.47
313.02
476.48
623.93
601.71
553.90
366.29
291.24
231.93
174.19
107.95
98.14
135.84
144.39
154.20
133.13
112.73
94.10
72.56
73.28
45.26
22.03
24.21
40.70
73.08
160.84
323.81
590.47
823.08
801.10
741.96
740.71
737.20
804.61
886.59
999.33
1118.70
1071.80
1007.10
1066.04
1047.39
1067.54
1056.55
1019.16
1392.77
1597.61
1734.68
1806.20
2057.67
2232.87
2375.02
2433.73
2554.40
2728.03
2827.15
2949.81
3023.53
2992.44
3112.60
3265.10
3389.19
3527.46
3565.80
3358.73
3118.68
3183.63
3160.05
3419.85
3466.40
3607.35
3478.36
3281.38
3083.75
2840.97
2702.40
2539.63
2317.53
2509.12
2603.98
2457.73
2226.52
1934.89
1498.71
1220.14
1148.19
1081.01
916.29
755.21
653.32
635.83
518.05
333.61
240.22
225.63
196.09
201.44
225.41
227.36
231.24
265.96
274.02
252.27
238.74
221.61
188.00
140.66
128.03
140.33
122.37
79.63
57.51
50.90
45.76
41.78
44.23
51.03
27.25
6.12
9.99
14.09
29.10
60.03
115.15
195.74
287.41
340.11
336.33
332.03
305.53
277.38
294.89
295.59
295.73
259.31
218.22
184.03
210.38
246.57
254.53
245.66
164.15
137.53
233.84
342.34
418.40
506.44
613.78
696.08
771.80
887.81
891.29
685.72
700.28
598.43
474.51
453.11
479.95
471.99
483.55
468.23
448.36
449.07
486.46
499.39
392.92
340.50
358.23
500.09
579.35
621.24
655.84
622.20
657.74
708.02
709.62
622.79
522.08
509.90
624.64
694.00
718.98
643.41
622.40
619.88
585.44
564.91
640.29
634.01
524.48
503.88
465.29
352.99
349.40
400.70
509.65
561.35
603.06
542.44
500.58
478.31
479.35
534.42
608.25
621.44
539.05
466.16
393.20
329.31
254.58
440.77
811.32
965.38
1058.10
1465.00
1558.88
1757.16
1946.37
2048.26
2087.49
2128.97
2092.93
2090.27
2050.75
1966.89
1812.36
1585.35
1313.07
1055.04
944.59
857.33
671.07
534.88
418.78
391.92
331.49
270.59
143.45
75.24
84.14
110.47
196.01
256.04
343.37
494.00
625.57
795.63
934.78
1239.10
1420.12
1399.13
1259.76
1230.21
1348.87
1427.12
1370.23
1385.27
1510.96
1458.36
1483.84
1447.53
1743.41
2017.47
1706.08
1797.47
1725.81
1672.78
1641.36
1500.11
1642.13
2007.11
2217.62
2386.14
2364.69
2193.48
2012.85
1978.04
2015.64
1990.42
1973.28
1865.03
1716.85
1646.24
1526.44
1538.26
1783.59
2019.88
2055.40
1903.55
1864.50
1741.38
1552.50
1460.70
1507.49
1518.49
1466.21
1283.29
1082.52
801.02
625.03
618.51
651.24
648.82
628.44
533.03
422.72
371.61
317.66
215.70
163.01
220.82
218.85
246.06
247.61
238.89
194.04
248.33
341.46
404.92
497.64
468.67
436.33
390.28
407.80
535.66
710.23
756.68
690.45
521.59
377.10
361.06
433.99
467.65
635.79
809.13
871.79
848.02
916.04
936.14
939.45
990.89
1067.03
1379.72
1719.06
1645.71
1609.23
1452.92
1099.46
986.83
919.32
857.10
758.28
671.74
619.59
543.64
453.65
363.47
321.89
328.90
417.00
553.64
636.42
692.06
781.36
821.26
867.48
1203.67
1344.18
1802.37
1668.79
1725.35
1400.66
1653.29
1484.38
1534.91
1403.53
1119.64
723.79
501.40
311.96
196.81
121.67
86.78
46.27
52.46
73.56
97.20
111.46
150.86
193.58
229.06
239.23
261.94
291.76
304.26
283.44
318.81
431.63
504.55
699.28
885.65
1071.12
1270.07
1419.16
1489.56
1584.11
1745.68
1863.79
1890.94
1907.53
1950.41
1923.58
1890.25
1931.58
2583.56
2726.77
2754.24
2633.77
2581.65
2375.11
2232.09
2126.57
2110.78
2094.10
1957.58
1839.39
1598.56
1202.81
1076.08
1148.15
1146.10
947.95
1001.42
1082.81
932.30
1036.58
1160.51
1211.10
1086.80
938.30
1029.57
915.56
637.96
683.19
785.70
717.76
849.87
800.02
738.77
741.65
638.85
545.40
487.05
361.84
352.95
372.80
293.32
277.63
266.20
284.53
316.81
387.14
434.95
484.29
482.17
368.72
249.72
184.80
143.94
102.70
77.83
79.18
113.46
162.55
215.77
265.85
294.73
232.22
278.38
394.10
548.96
637.40
641.18
484.99
505.25
664.73
778.93
775.08
758.20
724.27
698.75
649.52
655.56
713.27
713.21
644.59
570.55
520.90
458.92
401.14
349.68
339.05
303.07
234.52
188.40
130.34
103.05
92.23
94.04
101.65
116.31
109.82
110.35
118.36
136.05
113.44
102.45
123.20
134.29
97.91
75.47
57.44
49.74
50.39
40.77
42.29
41.75
50.81
67.18
84.04
113.87
167.54
246.44
292.40
313.64
331.67
355.08
358.99
335.95
339.40
378.53
447.56
494.11
531.21
542.03
559.28
594.95
591.57
578.70
557.91
551.45
499.32
486.41
521.68
471.93
466.52
494.38
504.59
521.13
485.26
373.82
291.96
223.94
214.51
208.19
218.46
167.31
111.89
78.78
54.25
44.69
33.57
25.88
22.77
18.10
13.07
14.18
22.19
40.49
55.23
75.55
107.19
143.08
158.02
149.69
138.55
139.98
116.50
111.63
117.16
135.47
166.31
210.45
261.96
310.17
339.72
301.84
248.34
208.81
205.62
260.06
314.74
319.03
373.05
436.19
480.36
478.89
432.79
353.69
263.03
185.77
146.69
134.13
116.09
90.53
73.93
93.38
103.57
107.67
127.58
174.06
202.21
259.26
291.59
363.98
434.99
494.46
592.85
695.04
690.54
684.79
739.46
817.74
878.13
787.27
723.94
852.85
937.53
917.69
910.37
909.51
932.79
973.56
1026.24
966.38
908.56
969.88
974.40
1144.73
1383.09
1608.98
1426.18
1428.83
1506.88
1775.69
1830.95
1836.06
1772.52
1569.16
1424.23
1432.09
1445.01
1456.65
1509.11
1561.30
1515.39
1480.74
1402.36
1238.38
1222.98
1216.71
1216.13
1208.74
1215.84
1140.56
1152.32
1126.21
1179.85
1444.39
1629.59
1612.38
1400.99
1099.12
937.05
939.24
979.52
1058.72
1102.66
1132.37
1166.81
1221.25
1142.13
877.39
668.79
573.84
625.00
760.12
815.23
754.55
711.05
690.67
658.64
599.09
545.77
514.71
521.28
495.12
538.40
660.65
748.99
748.25
695.41
690.79
652.00
591.55
556.57
443.32
290.32
291.92
370.27
522.55
694.77
788.39
810.54
750.66
705.60
663.41
578.99
525.47
408.62
288.35
267.87
314.81
301.78
304.04
299.08
272.25
234.02
162.74
130.70
93.97
57.68
40.59
39.45
70.91
129.40
186.33
246.50
330.86
390.60
416.00
426.43
481.36
458.47
368.83
282.01
268.65
290.64
246.36
180.37
151.75
173.75
236.78
311.67
330.88
292.25
174.13
205.98
198.41
138.99
103.67
86.40
113.66
182.84
221.01
260.90
253.17
187.14
154.39
163.03
187.68
214.19
202.18
165.47
141.47
166.28
218.95
234.19
207.45
141.14
82.10
76.32
99.51
131.92
148.90
167.08
210.87
251.21
259.66
226.32
237.60
244.16
174.62
114.87
67.18
62.07
58.96
32.85
18.97
15.16
14.23
13.05
13.10
14.48
10.77
17.18
34.53
68.21
111.65
200.42
312.84
363.06
372.32
227.70
184.40
137.88
127.37
145.01
183.12
116.33
55.02
59.57
64.91
66.87
53.43
49.97
35.36
27.78
27.51
69.96
144.97
211.91
223.45
312.71
396.69
489.62
473.48
457.83
441.36
420.11
363.86
269.85
282.45
282.20
227.38
180.65
182.26
206.28
194.20
218.91
215.51
169.11
189.03
250.29
355.25
497.98
666.20
831.54
910.57
995.51
913.18
773.33
698.66
662.94
629.28
624.54
588.34
546.56
541.49
483.28
434.99
417.43
327.45
244.38
190.67
195.82
200.95
119.27
62.91
38.01
20.11
14.90
23.09
39.48
54.52
68.87
100.31
150.91
172.27
244.90
380.44
514.23
604.25
583.44
563.20
526.98
405.28
297.58
248.97
215.73
243.02
386.29
562.21
746.52
1132.58
1463.14
1882.69
2112.69
2083.33
2119.94
1942.86
1555.29
1145.89
871.56
704.81
602.59
527.22
480.47
467.95
450.77
409.33
368.28
285.04
236.93
252.74
283.55
316.90
354.61
373.12
407.28
374.33
349.64
324.74
294.92
320.29
341.75
323.96
361.61
401.78
428.76
477.05
573.10
582.99
486.45
392.75
357.48
310.46
269.62
315.37
359.40
492.19
646.70
836.63
950.05
1092.63
1170.18
1252.99
1205.22
1373.41
1327.55
1083.52
902.24
795.71
781.99
948.39
1053.18
1082.48
1084.20
998.81
786.68
629.61
661.24
778.04
918.13
964.06
943.84
967.78
956.01
909.87
739.74
607.44
446.85
345.02
274.89
190.02
117.82
123.40
147.10
132.25
93.33
34.27
17.08
8.63
4.98
4.06
1.97
2.39
3.39
5.17
9.18
14.70
18.79
26.42
37.37
50.56
50.35
57.38
58.21
67.14
101.16
188.60
360.99
604.08
754.97
835.41
978.11
1095.90
1090.79
957.40
790.50
760.69
981.74
1043.22
950.99
1073.33
1262.04
1551.22
1940.91
2357.54
2633.76
2535.62
2427.05
2391.38
2464.00
2501.92
2463.28
2404.58
2322.69
2274.91
2278.86
2269.04
2264.39
2330.14
2741.75
3056.64
3215.92
3244.13
3280.72
3331.83
3391.92
3433.64
3380.43
3263.54
3129.71
3072.09
2900.19
2541.98
2022.45
1745.33
1521.66
1397.66
1262.05
1151.24
1038.23
996.89
848.10
635.05
564.00
536.37
403.90
319.26
301.39
309.24
318.26
342.18
409.77
475.91
518.23
530.98
504.38
426.32
344.00
303.98
251.70
203.04
219.91
209.36
192.82
181.84
143.75
121.39
116.29
126.65
145.18
177.26
186.12
223.00
284.99
407.83
605.67
690.71
611.19
592.71
628.82
761.02
867.03
872.96
983.85
1106.56
1249.32
1298.57
1349.17
1417.43
1397.97
1268.08
1260.32
1450.54
1421.42
1308.21
1289.59
1332.02
1388.27
1559.49
1582.05
1439.56
1380.40
1260.52
924.52
657.34
527.29
446.18
380.57
451.08
519.66
596.27
618.42
593.78
648.30
688.74
867.35
993.63
1142.93
1122.72
1074.95
1097.47
1122.66
1150.58
1215.01
1382.17
1483.54
1439.43
1471.57
1456.78
1469.26
1567.89
1502.57
1868.27
1977.57
1897.87
1855.45
1639.13
1509.85
1502.56
1527.12
1584.69
1766.73
1927.91
1824.97
1946.89
2008.56
2135.86
2466.93
2998.73
3198.56
3403.19
3782.81
3698.25
3590.72
3452.34
3256.59
3078.53
2945.79
2801.26
2614.57
2503.59
2420.24
2430.67
2701.20
3035.79
3357.55
3335.22
3423.94
2978.42
3047.24
2678.92
2809.24
3172.05
3392.62
3309.42
2973.33
2505.88
1952.65
1647.03
1407.61
1336.47
1289.29
1214.31
1449.28
1756.86
1833.76
1907.81
2181.96
2394.33
2648.52
3058.52
3245.26
3201.63
3192.47
3251.44
3374.18
3183.21
2981.74
2866.57
2626.92
2207.31
1725.03
1307.18
1030.10
794.79
553.12
368.15
263.05
206.82
215.89
254.10
293.22
406.47
712.28
1127.81
1492.31
1654.88
1652.89
1398.14
1477.22
1661.35
1707.19
1650.53
1579.40
1444.95
1331.30
1233.23
1278.64
1448.75
1888.71
2233.10
2416.05
2549.08
2552.78
2467.07
2341.02
2359.33
2576.87
2757.75
2839.62
2743.48
2740.11
2758.77
2793.93
2684.09
2406.07
2134.76
1733.63
1232.44
844.13
743.30
698.56
734.01
731.62
685.15
663.52
643.55
547.99
391.38
290.68
363.20
444.51
414.92
417.73
451.38
479.24
493.27
506.93
470.34
426.50
318.67
219.46
145.23
95.74
66.88
52.91
42.40
39.97
38.64
50.82
62.80
73.17
84.74
56.84
18.12
27.18
51.18
62.68
81.28
109.51
126.23
123.92
129.11
135.16
114.70
107.66
118.80
198.94
265.47
249.40
240.44
221.40
216.06
213.46
228.17
285.68
310.62
217.81
147.04
191.92
261.15
335.99
389.71
457.83
454.38
451.10
441.25
504.80
502.46
477.96
451.18
486.67
550.09
484.68
306.03
209.06
192.47
202.21
219.72
253.75
289.89
240.98
204.89
228.31
191.55
199.01
207.98
266.71
355.67
584.82
796.02
931.56
868.95
739.08
482.22
360.21
335.68
315.22
276.87
245.81
205.00
277.84
312.01
369.95
352.98
313.03
345.08
399.08
522.28
635.20
816.73
994.26
1210.05
1362.60
1366.53
1452.86
1338.61
1243.03
1236.77
1104.62
898.43
655.10
483.39
375.08
351.52
279.12
291.79
161.27
74.73
62.48
75.89
168.54
282.34
498.17
804.39
1218.04
1534.39
1789.57
1950.79
1749.11
1577.21
1441.62
1179.70
926.44
861.46
916.99
914.46
945.67
886.64
962.03
957.55
891.81
851.52
873.22
1096.23
1252.73
1340.11
1383.20
1367.29
1398.35
1378.02
1509.87
1434.32
1467.50
1476.51
1318.84
983.72
812.19
794.85
824.93
811.64
713.14
668.80
679.37
678.11
554.78
438.14
313.09
365.20
454.05
489.80
518.22
529.13
534.90
449.44
358.54
303.53
236.99
211.80
184.65
167.15
265.85
429.65
599.20
677.33
752.86
796.52
892.16
1069.54
1296.22
1593.61
1780.35
1866.03
1764.35
1695.79
1855.28
2096.95
1889.79
1797.50
1830.73
1652.02
1143.28
659.39
557.28
714.65
728.64
695.36
798.74
864.68
1094.20
1193.30
1417.06
1584.71
1529.00
1431.85
1678.07
1972.46
2039.52
2123.82
2366.00
2501.01
2856.00
2466.56
2160.53
2173.63
3042.79
3360.10
3248.35
2943.74
2593.80
2222.31
1910.95
1692.75
1549.30
1578.49
1606.96
1514.44
1439.18
1380.20
1491.40
1663.80
1811.41
1967.26
2292.56
2427.70
2706.86
2917.04
2993.16
2985.30
2951.51
2958.61
2739.45
2302.21
1959.91
1835.17
1802.34
1698.93
1681.30
1585.21
1548.68
1505.07
1454.24
1320.46
1350.29
1654.11
1966.33
1992.11
1866.68
1848.28
1920.89
1950.43
1894.16
1879.35
1808.30
1621.79
1403.45
1122.01
856.81
764.48
777.19
818.79
789.05
692.68
598.55
544.37
508.16
401.33
369.88
439.96
460.54
456.48
453.50
511.34
588.86
724.89
870.17
1013.26
1084.25
1093.79
1060.65
858.59
711.68
706.88
763.92
886.15
957.34
952.00
882.34
863.13
878.60
845.71
988.32
1289.76
1553.28
1889.05
2318.00
2531.15
2642.26
2676.28
2715.98
2794.74
2721.97
2597.56
2393.89
1957.44
1522.54
1252.19
1150.52
1096.80
1013.67
956.73
904.15
757.79
733.39
625.24
659.98
775.01
931.79
967.21
907.39
850.83
862.48
852.30
806.45
824.41
786.63
708.17
490.33
293.70
241.50
270.76
244.25
307.97
405.30
469.42
520.78
584.72
561.89
507.21
462.71
628.69
839.11
1099.93
1375.77
1462.13
1561.98
1455.97
1494.73
1367.52
1195.69
1002.78
765.93
491.78
315.56
256.01
252.21
244.51
315.01
322.12
336.74
357.73
362.44
360.31
374.00
425.65
503.64
685.02
866.85
1037.14
1111.10
1081.97
1038.79
1038.34
1105.37
1097.51
1086.41
1032.75
984.85
978.45
1051.32
1171.63
1127.95
1091.64
1050.62
1018.12
1051.21
1083.93
1077.26
1100.21
1111.11
1128.82
1114.54
1175.38
1187.22
1133.44
1015.34
982.19
896.83
880.80
734.22
642.78
635.52
762.55
968.68
1140.96
1248.24
1269.59
1344.33
1399.80
1417.56
1419.12
1542.97
1838.48
2030.98
2068.20
2100.15
2209.50
2353.90
2505.28
2542.97
2544.86
2497.04
2405.27
2150.39
1665.65
1259.66
1178.83
1146.77
1124.78
1126.93
1092.15
1116.03
1224.22
1245.17
1229.50
1224.00
1506.84
1798.66
2035.43
2274.80
2511.50
2626.02
2746.38
2751.83
2765.58
2796.56
2615.40
2319.81
2007.63
1834.02
1664.75
1577.97
1549.20
1522.55
1497.19
1504.17
1388.54
1194.71
1008.16
839.14
740.45
706.00
626.09
565.08
519.69
477.04
416.34
352.23
272.81
172.27
121.82
86.74
50.82
46.72
51.58
71.05
100.95
106.61
91.98
76.67
48.33
34.84
25.28
11.61
8.56
13.91
17.24
29.15
70.53
120.29
159.14
161.41
131.81
93.59
57.45
41.15
33.16
40.38
54.58
87.73
108.01
107.08
90.83
77.82
76.86
106.80
114.64
96.77
101.40
133.82
154.86
206.60
238.68
328.71
393.24
498.41
608.77
509.49
453.65
500.68
487.34
508.10
604.37
682.97
714.07
683.09
622.46
571.65
555.43
527.14
432.92
327.02
351.04
449.68
498.60
636.64
704.20
850.87
1072.70
942.13
895.93
786.27
823.30
799.85
726.69
842.86
917.46
876.09
898.44
898.94
888.20
900.93
821.99
811.52
859.78
757.97
750.23
821.87
805.25
841.49
829.36
704.76
579.17
454.64
378.98
299.29
189.29
111.72
79.97
57.37
69.76
102.86
194.50
323.01
352.30
338.44
314.35
276.80
229.58
206.24
193.62
175.52
150.79
209.27
303.10
424.24
449.47
427.60
414.94
354.29
338.86
425.21
575.43
596.40
572.72
452.41
381.53
311.73
273.59
280.99
294.73
277.09
241.19
173.30
141.44
124.69
90.31
79.29
112.62
140.99
185.24
260.63
315.64
381.98
476.68
486.62
495.33
482.61
500.39
519.28
471.64
439.60
444.68
494.99
462.75
436.29
451.50
407.88
403.30
405.47
430.18
433.83
466.97
487.08
524.77
556.17
600.47
658.88
764.11
880.11
837.11
811.44
875.84
1022.09
1161.94
1286.63
1357.65
1421.55
1357.36
1291.62
1270.56
1384.45
1703.27
2014.29
2173.64
2310.25
2346.13
2375.06
2495.94
2717.07
2825.65
2660.37
2398.93
2104.10
1712.37
1404.34
1382.89
1478.11
1575.11
1582.67
1383.84
1204.95
1051.77
917.87
712.27
574.71
708.41
805.59
757.54
622.37
481.66
382.08
338.58
346.96
317.11
240.79
126.19
67.96
50.38
115.80
276.94
422.38
491.78
471.17
461.28
425.66
431.73
446.24
399.30
303.56
207.22
176.92
226.55
245.83
324.58
433.67
525.58
639.51
677.34
618.27
657.62
616.45
657.36
778.83
977.17
1225.29
1462.87
1768.57
1813.92
2046.78
2296.05
2588.42
3007.91
3051.88
2619.02
3097.27
3029.83
3255.46
3482.41
2861.71
2713.33
2677.10
3181.60
3764.26
3725.92
3357.80
3031.14
3303.87
3241.74
2943.84
2644.85
3126.20
2900.16
2803.13
2892.61
2889.80
2921.16
3056.78
3147.09
3164.16
2813.46
2543.37
2314.45
2135.46
2080.02
2175.84
2400.12
3013.01
3123.85
3044.75
2943.23
2893.89
2863.32
2842.00
2671.96
2588.76
2626.54
2592.76
2665.34
2602.34
2919.12
3186.24
3179.93
3206.79
3249.25
3262.14
2910.51
2789.02
3176.58
2927.08
3129.23
3022.60
2923.60
2707.29
2495.08
2374.17
2196.45
2082.98
2001.92
1891.17
1890.18
1871.56
1800.55
1781.77
1790.15
1921.08
2183.31
2466.29
2547.03
2670.30
2654.90
2649.22
2604.92
2567.85
2560.58
2454.76
2171.15
1663.21
1069.02
802.52
738.80
751.59
749.51
683.00
598.31
550.45
533.33
468.71
377.04
245.73
234.47
321.69
345.07
412.89
490.40
528.01
539.89
609.11
752.87
851.90
860.31
912.98
861.24
811.94
855.22
861.85
780.45
650.74
544.47
481.81
366.05
257.50
214.12
132.49
77.50
56.55
82.51
131.15
184.96
231.25
254.32
251.29
250.30
239.55
238.83
254.83
290.79
386.99
498.26
620.92
685.99
607.53
548.43
438.96
469.11
438.34
426.94
437.33
532.90
710.20
902.33
1163.09
1361.74
1373.50
1339.78
1289.67
1214.16
1046.92
780.74
554.06
409.89
383.78
396.79
427.18
432.16
469.63
489.49
490.71
466.27
395.12
323.22
276.98
204.62
229.27
376.75
450.35
441.28
471.50
540.33
631.28
510.43
376.89
247.92
141.19
101.38
104.30
148.69
201.77
283.58
335.01
408.63
405.58
389.86
446.99
524.44
444.66
262.55
194.45
220.00
245.60
297.67
525.67
954.11
1373.18
1705.56
1904.77
1902.64
1651.22
1350.18
1254.85
1305.19
1404.81
1458.17
1386.28
1332.73
1315.59
1326.02
1310.98
1229.23
1129.58
1143.60
1128.37
1098.91
1042.66
1025.13
1061.34
1091.62
1081.54
1049.35
1018.69
954.71
767.78
588.63
489.60
466.86
401.70
334.47
285.96
249.39
246.37
241.21
216.69
186.73
136.53
87.22
51.68
32.48
23.92
38.23
50.72
75.55
94.37
119.26
153.84
193.54
219.97
245.82
263.43
303.35
295.24
290.45
266.65
311.31
374.46
427.79
456.43
517.42
509.06
479.00
478.56
551.47
664.71
805.71
919.48
1005.99
1133.78
1157.40
1154.92
1173.45
1030.31
915.11
853.45
932.83
923.04
877.22
878.47
966.79
1043.73
1170.09
1240.18
1330.29
1448.63
1508.21
1580.56
1577.86
1519.31
1458.52
1489.27
1375.46
1241.74
1177.58
1156.83
1114.69
1138.90
1164.13
1086.80
824.81
712.86
659.30
630.54
592.85
456.53
376.77
281.76
250.96
229.87
205.59
230.60
282.07
294.16
349.31
383.22
432.51
486.54
495.13
456.25
443.96
370.80
374.70
406.21
408.24
392.75
412.26
401.30
413.21
432.93
338.33
316.41
310.21
305.26
310.19
388.20
433.28
555.87
724.95
823.37
897.09
885.42
796.96
651.04
475.92
340.87
315.22
322.93
389.00
407.50
371.17
373.59
337.47
397.51
389.92
283.24
268.71
288.38
264.76
299.61
399.52
412.61
472.31
599.53
716.65
706.99
696.80
653.22
525.04
363.69
253.30
248.12
307.11
342.96
308.38
318.48
328.85
374.54
367.43
350.16
356.64
332.75
316.52
354.19
477.42
614.27
720.30
877.46
1027.59
1031.15
804.32
702.71
716.65
567.85
436.73
447.76
518.72
534.67
492.58
489.43
511.10
509.93
499.19
459.92
381.43
352.67
312.23
402.81
399.03
338.93
276.32
253.99
163.40
74.41
42.63
32.69
47.11
81.66
162.90
252.69
374.19
521.95
685.93
871.40
962.51
1033.42
1026.05
820.45
635.91
433.99
363.79
368.31
367.06
492.23
548.50
619.75
580.04
498.97
409.81
311.16
243.11
172.58
111.82
97.58
107.33
107.37
125.24
95.22
78.11
70.18
74.19
96.08
127.44
117.86
125.88
164.03
216.06
291.25
320.34
312.56
437.15
547.00
587.88
543.74
511.47
449.51
426.38
461.21
425.93
342.73
280.27
239.75
225.88
227.98
286.08
330.70
274.79
242.22
160.63
116.83
140.83
207.12
273.02
306.00
281.00
269.59
257.88
209.79
192.86
188.55
163.59
148.17
135.95
140.82
173.41
180.72
190.81
207.30
197.13
194.36
208.32
247.86
253.74
321.72
504.45
797.31
1004.87
966.18
988.00
1015.37
1038.12
1059.42
978.04
727.91
570.50
586.24
584.61
487.10
394.69
314.72
263.57
215.10
169.22
152.66
222.53
247.51
198.33
145.81
142.51
127.19
121.83
217.33
251.72
272.07
326.72
273.31
223.05
190.91
149.55
144.93
135.02
161.05
178.24
212.43
232.75
250.47
268.89
283.94
309.01
295.53
249.59
179.67
163.86
231.92
330.58
457.29
597.51
558.06
458.37
386.43
290.86
246.09
220.44
217.58
224.00
213.05
197.88
182.61
241.82
294.42
346.51
303.75
283.69
276.85
254.14
222.37
208.22
212.92
238.24
235.16
238.59
226.47
167.19
167.91
150.28
146.59
151.04
170.92
154.38
147.66
172.97
174.25
183.46
202.59
194.63
179.58
174.96
212.29
201.63
173.32
247.37
311.27
374.15
428.30
493.85
502.37
520.09
494.68
444.28
415.71
489.10
580.08
604.16
597.37
593.63
632.04
649.96
659.95
700.33
741.05
752.62
745.96
723.87
1032.80
1386.55
1625.74
1783.56
1844.64
1953.40
2071.50
2069.32
1895.71
1595.32
1346.17
1388.33
1369.94
1587.13
1640.38
1863.41
1741.46
1623.37
1786.24
1828.79
1709.57
1494.63
1328.64
1063.15
1071.77
1108.94
1098.96
1005.70
1178.38
1286.59
1317.04
1213.34
1168.36
1037.73
1026.56
1038.65
1137.89
1154.53
1120.16
1050.88
945.75
892.63
910.85
800.65
644.57
678.40
653.56
621.77
626.52
625.12
857.63
1045.25
1162.10
1226.17
1223.00
1202.72
987.64
735.84
490.73
469.19
500.44
458.16
418.14
379.16
371.75
417.25
421.91
393.65
352.49
292.74
247.43
203.39
165.18
162.63
207.69
272.27
311.78
349.14
381.78
373.35
375.36
359.63
297.06
288.93
285.81
254.04
206.65
175.87
140.28
120.85
111.77
83.32
66.28
78.04
85.63
70.50
43.43
41.12
58.47
81.01
109.40
133.75
164.54
198.02
209.28
230.98
342.12
575.00
734.34
771.83
804.46
818.76
826.01
796.58
823.73
849.27
837.49
842.46
818.27
692.51
561.68
449.67
342.66
273.23
240.22
208.94
179.37
188.93
217.00
238.23
306.34
491.31
624.95
683.10
705.66
733.16
717.30
646.87
567.67
533.70
518.67
526.33
520.24
467.50
367.06
292.34
310.15
467.53
615.76
469.69
326.44
235.54
176.34
183.51
296.09
495.62
641.76
665.46
636.98
553.96
474.77
420.05
362.25
347.92
335.28
309.51
292.62
253.87
122.88
59.21
66.26
103.81
144.16
199.04
223.57
164.81
109.64
70.42
47.97
60.64
89.50
99.88
90.73
85.13
82.69
82.13
91.76
109.53
120.42
112.65
98.46
83.95
82.55
86.79
91.67
66.89
59.16
71.25
61.58
46.35
36.72
35.28
30.24
20.74
9.57
5.25
5.59
9.62
34.80
104.71
235.08
354.28
468.58
547.85
607.32
579.75
477.66
413.41
474.96
477.49
575.19
738.46
821.16
768.86
669.12
591.40
534.14
451.28
443.84
450.07
442.06
392.78
368.35
362.10
344.08
292.63
208.12
177.88
176.04
190.97
276.33
324.74
368.66
437.01
430.38
469.54
492.87
512.87
572.08
591.33
501.76
522.11
544.47
537.24
538.03
589.42
566.06
568.15
590.45
552.36
516.27
580.92
641.37
611.23
482.62
571.17
623.10
609.26
621.86
674.44
773.22
792.33
708.12
616.43
447.22
434.39
391.56
330.09
289.80
250.05
252.78
260.75
237.00
206.23
204.92
185.66
183.40
133.39
74.30
69.81
80.81
113.26
181.22
258.72
359.89
468.54
530.77
538.17
525.19
556.26
627.02
665.63
729.14
780.35
792.96
807.78
838.60
790.35
793.87
780.97
776.45
709.85
651.26
730.19
780.80
795.58
787.74
679.49
561.88
512.13
462.79
368.67
350.57
514.81
717.43
789.35
814.70
774.80
740.55
703.39
629.84
511.26
458.23
426.96
407.31
310.49
212.43
162.52
162.77
192.65
253.21
269.97
241.28
198.97
160.55
134.03
137.84
175.19
190.21
191.87
181.80
268.07
376.16
493.00
488.86
528.72
517.24
517.62
495.23
461.58
443.09
454.02
479.62
558.33
741.55
914.35
1051.41
1183.07
1247.26
1250.06
1467.95
1776.87
1954.57
2045.27
2268.95
2577.89
2741.93
2758.70
2580.01
2381.42
2362.88
2317.16
2173.61
2158.52
2234.31
2389.17
2691.44
2764.29
2578.18
2042.88
1796.37
2016.19
2006.61
1733.66
1526.12
1293.67
1061.38
1005.81
1167.47
1518.28
1955.80
2169.58
2192.96
2199.06
2174.02
2410.43
2336.58
2410.54
2330.81
2352.03
2260.63
1974.25
1895.39
1914.17
2033.81
2301.91
2925.00
3608.47
3848.77
3809.11
3269.45
2587.46
2272.50
2001.00
1863.55
1680.59
1776.54
1970.45
2189.26
2741.72
2835.15
2795.43
2766.12
2812.03
2518.39
2357.44
2200.92
2375.52
2385.96
2619.39
2679.79
2476.83
2387.84
2158.39
2114.45
2013.75
2047.89
1885.43
1805.93
1821.96
1886.61
2118.63
2184.33
2262.61
2388.38
2475.32
2469.39
2426.25
2293.52
1970.09
1709.18
1453.26
1179.14
859.60
625.91
437.88
347.77
295.35
318.22
338.27
377.68
374.61
326.44
198.07
169.32
179.07
216.19
310.01
393.19
362.26
330.79
322.34
269.68
304.71
364.34
492.21
609.47
527.64
390.22
296.31
281.85
360.99
364.88
323.27
298.74
265.02
214.56
177.55
168.94
142.28
112.76
154.58
185.01
186.87
184.72
216.38
400.93
546.81
790.28
1029.57
1210.34
1302.86
1127.81
966.31
1072.78
1111.71
1011.84
989.28
999.71
971.67
966.46
940.39
992.50
965.46
819.93
668.08
481.90
419.10
400.49
470.16
857.09
1191.17
1221.92
1186.52
1332.51
1512.45
1495.19
1304.81
1288.85
1386.24
1467.49
1528.39
1434.77
1612.98
1673.11
1453.20
1528.54
1620.72
1847.82
2200.67
2154.85
2203.81
2203.52
2204.11
2143.93
2266.72
2222.85
2117.87
1813.78
1804.35
1475.09
1207.66
1086.02
1036.59
943.43
822.88
682.97
554.40
415.30
329.16
268.06
243.97
232.04
240.38
250.20
230.64
166.02
101.36
159.68
314.61
373.07
346.20
315.96
273.18
236.47
266.93
419.81
650.84
770.76
768.32
778.87
770.42
783.32
750.75
733.98
753.75
767.14
728.28
663.75
588.08
414.83
250.23
166.04
120.00
108.90
69.01
37.56
26.03
23.81
18.59
65.28
298.00
638.61
828.99
1018.61
1060.96
1123.10
1119.03
1235.06
1171.77
1227.53
1263.93
1338.21
1319.21
1253.23
1316.63
1370.55
1629.14
1788.12
1861.59
1623.04
1317.71
1034.49
868.90
601.53
575.56
627.85
620.16
608.07
636.07
690.95
705.58
742.68
830.42
809.05
734.77
629.20
567.24
568.78
610.68
758.08
974.74
1181.96
1266.14
1300.45
1314.91
1311.33
1516.43
1688.84
1820.74
1829.11
1811.10
1785.09
1793.40
1822.18
1851.94
1995.78
2089.97
1982.10
2117.85
2147.78
2173.80
2349.29
2684.99
2998.85
2695.73
2636.76
2424.51
2180.20
2288.76
2062.36
1776.46
1627.10
1556.57
1393.17
1239.78
1109.63
1032.34
928.87
740.49
653.73
607.02
543.74
462.40
386.03
310.92
235.58
226.59
275.92
267.88
258.76
285.08
390.65
437.06
415.51
416.49
497.49
544.49
504.71
501.53
479.97
471.52
492.90
473.48
431.16
388.50
381.99
348.24
400.47
381.74
387.63
382.54
466.44
489.01
476.06
572.85
621.38
535.37
442.23
345.22
289.19
237.95
204.64
180.18
150.82
99.05
121.55
159.21
257.77
454.55
555.10
466.14
855.97
1114.96
1217.15
1252.12
1595.29
1917.87
1991.50
2064.50
2014.68
1946.82
2090.83
2062.46
2064.83
2128.27
2178.93
2256.28
2231.67
2268.77
2292.22
2226.07
2350.34
2349.73
2368.91
2738.26
2738.84
2588.78
2694.65
2892.48
2998.79
3065.43
2948.81
2676.34
2474.42
2270.81
2314.22
2493.71
2765.18
2922.11
3048.61
3160.16
2860.93
3255.24
2692.11
2291.70
2086.88
1980.55
2104.60
2219.31
2369.99
2263.28
2253.48
2350.02
2508.54
2304.76
2001.09
1817.66
1625.73
1302.50
947.72
688.29
557.55
501.88
464.38
439.26
487.93
581.36
773.26
1024.69
1286.20
1734.63
2063.50
2365.63
2496.40
2096.11
2223.23
2445.43
2840.31
2985.57
3494.91
3605.28
3628.37
3668.76
3708.63
3814.82
3885.55
3844.92
3695.66
3171.41
3050.68
2761.41
2736.24
2570.03
2287.15
2175.10
1933.91
1655.11
1703.93
1451.66
1299.23
1107.15
920.82
916.94
843.41
798.06
644.62
474.74
276.32
222.74
247.96
293.94
345.18
351.88
357.75
371.48
411.78
356.01
358.41
345.58
334.74
279.56
242.44
197.56
129.12
68.33
43.67
20.05
17.75
19.99
41.19
58.23
77.48
133.16
270.61
334.48
401.47
409.94
457.93
482.26
529.43
427.04
385.42
310.97
308.22
311.44
244.06
181.83
139.33
104.61
72.12
39.17
30.39
15.47
8.81
11.72
8.64
10.86
15.00
20.16
35.27
50.97
87.95
165.29
256.69
294.00
296.07
323.73
371.91
401.03
422.41
491.05
474.83
490.86
676.99
979.76
1395.46
1797.22
2000.17
1894.77
1802.47
1918.51
2118.80
2235.37
2434.16
2670.29
2674.68
2702.26
2795.78
2877.78
2942.53
2939.55
3060.84
3128.01
3281.97
3385.78
3371.90
3421.45
3443.78
3344.84
3085.46
3153.21
3382.86
3303.90
3147.60
3034.21
2889.13
2599.36
2512.53
2629.89
2775.21
2945.30
2993.72
3005.37
2948.27
3034.70
3102.90
3250.90
3239.23
2955.97
2756.14
2686.95
2870.07
2913.45
2779.78
2569.01
2249.74
1903.87
1346.48
1060.19
938.54
829.58
665.47
442.41
365.14
326.84
369.00
486.51
716.20
943.94
1061.32
1202.68
1397.25
1586.60
1645.76
1708.17
1912.54
2160.91
2619.00
3023.52
3165.94
3217.60
2855.32
2515.40
2232.84
2141.71
2205.66
1886.26
1619.08
1530.01
1515.46
1540.16
1737.13
1812.73
1951.02
2277.24
2831.48
3164.29
3334.63
3579.01
3087.05
2827.56
2824.34
2978.14
3395.59
3684.65
3637.96
3649.25
3555.49
3447.42
3369.86
3376.17
3307.59
3318.97
3329.93
3361.12
3301.21
3293.57
3274.78
3266.36
3184.49
3075.82
2915.69
2927.19
2674.98
2635.97
2728.62
2778.43
2870.36
3128.17
2956.84
2719.54
2625.36
2364.98
2189.97
2053.87
1929.95
1890.48
1749.05
1715.90
1601.44
1535.13
1429.56
1334.12
1220.28
1017.89
840.03
808.08
922.89
921.14
853.99
820.41
766.34
645.95
504.49
488.17
518.17
600.81
653.76
649.47
587.75
604.20
658.35
732.29
749.81
797.87
803.49
839.67
848.43
815.21
744.91
689.05
925.37
1268.22
1545.54
1651.15
1641.35
1453.52
1136.93
1046.19
1034.00
1075.01
1088.21
1146.96
1212.76
1078.48
930.73
704.01
514.98
345.22
215.16
159.22
159.19
165.32
174.51
151.25
144.45
156.86
152.07
190.34
286.41
430.84
565.29
870.29
1170.76
1403.35
1564.65
1858.97
2001.29
2228.52
2444.95
2677.93
3013.70
3349.88
3522.40
3644.75
3713.44
3744.94
3757.63
3719.72
3746.71
3783.56
3816.20
3832.47
3857.44
3905.80
3930.83
3988.52
4016.56
4048.24
4064.75
4007.65
3949.34
3943.28
3919.18
3913.67
3917.02
3912.55
3946.77
3972.21
4050.87
4079.75
4029.97
4034.20
4022.50
4032.50
4025.95
4015.65
3971.53
3926.82
3919.44
3831.78
3723.29
3742.45
3725.72
3760.60
3776.64
3782.85
3768.85
3722.97
3607.62
3509.07
3355.14
3231.66
3115.83
3017.84
2914.81
2812.65
2686.75
2640.28
2587.94
2484.51
2316.54
2243.78
2125.08
1960.14
1735.58
1562.01
1379.47
1284.22
1269.03
1262.50
1197.62
1095.10
1076.17
1079.51
1077.68
1117.67
1145.89
1149.87
1110.95
1092.74
973.69
910.47
830.63
841.95
891.60
1035.11
1095.60
1156.81
1134.29
1189.34
1222.59
1273.00
1224.39
1193.28
1214.01
1103.34
1076.61
1069.37
1039.50
947.74
863.15
820.13
723.53
727.36
738.44
770.12
725.33
559.50
417.74
263.81
174.65
124.34
103.81
97.13
103.12
110.50
124.46
127.79
121.19
152.57
237.74
414.13
676.93
901.84
1014.67
1199.92
1421.51
1733.33
2124.21
2451.70
2696.49
2915.69
3002.91
3113.24
3149.04
3094.32
3022.36
2939.88
2923.67
2914.72
2865.52
2779.12
2696.97
2655.22
2647.37
2585.22
2538.63
2498.35
2478.09
2463.66
2492.24
2471.80
2465.14
2338.42
2159.81
2022.93
1917.13
1856.28
1845.81
1832.71
1762.07
1715.62
1747.45
1785.43
1792.47
1700.10
1687.37
1671.79
1709.13
1772.12
1768.88
1674.30
1593.41
1550.53
1460.39
1390.67
1316.44
1180.86
1081.82
1042.82
997.73
919.71
840.03
819.20
881.97
857.03
780.56
677.14
608.98
579.39
621.63
627.41
646.42
630.09
656.41
689.82
706.13
697.30
689.38
751.66
884.17
1000.02
1019.33
977.46
974.90
973.42
965.47
1007.28
1074.31
1078.87
1081.80
1046.04
962.40
908.81
862.09
852.95
861.96
860.00
854.55
857.71
880.60
912.01
938.17
1024.94
1127.29
1220.36
1334.78
1382.53
1382.12
1417.05
1543.67
1682.74
1805.83
1927.23
2052.53
2189.13
2271.35
2367.38
2464.31
2592.76
2520.87
2418.66
2459.25
2733.55
2874.01
2880.89
3122.25
3137.16
2751.56
2571.11
2564.31
2586.22
2442.41
2153.07
1882.39
1709.23
1475.78
1311.38
1225.75
1221.86
1124.04
1018.26
1113.21
1167.47
1343.88
1490.25
1629.68
1884.97
2195.29
2539.47
2674.22
2959.18
3217.02
3305.84
3372.34
3282.50
3144.69
2757.35
2124.76
1461.39
941.52
702.18
582.67
542.95
519.96
531.48
624.37
728.31
877.77
954.04
1038.74
1109.40
1151.30
1289.67
1300.41
1322.81
1433.78
1605.28
1716.92
1852.23
1852.17
1691.14
1503.90
1303.15
1191.61
1034.48
842.83
643.47
505.61
398.91
273.94
178.96
122.65
134.94
193.67
318.83
454.67
564.83
672.52
809.11
1040.23
1404.02
1665.78
1914.60
2116.98
2254.71
2447.16
2532.33
2481.90
2336.54
2231.64
2223.33
2188.33
2188.66
2146.39
2053.88
2040.53
1907.44
1632.91
1405.84
1306.84
1401.75
1608.67
1989.85
2288.47
2648.52
2945.44
3186.20
3306.67
3260.39
3234.22
3310.30
3326.58
3281.39
3289.01
3224.34
3072.83
2967.13
2854.46
2624.07
2390.71
2220.26
1979.34
1969.34
2028.34
1992.91
2019.64
2207.31
2363.41
2420.26
2487.01
2418.76
2407.85
2235.77
2106.66
1845.57
1856.92
2037.92
1803.24
1606.56
1647.72
1569.71
1557.72
1570.10
1522.33
1556.55
1545.70
1568.56
1483.46
1426.00
1287.17
1238.09
1170.15
1213.88
1246.76
1239.37
1233.92
1305.22
1369.03
1466.54
1544.02
1565.90
1662.54
1767.19
1791.78
1790.09
1751.95
1746.80
1704.55
1618.02
1497.12
1374.11
1362.33
1259.32
1116.30
991.06
849.64
672.52
487.95
392.14
303.44
261.41
249.94
278.10
296.64
279.53
291.47
304.11
309.45
301.90
303.75
392.80
552.18
609.25
708.00
983.84
1250.04
1430.25
1498.70
1546.98
1596.20
1645.97
1602.69
1488.82
1264.72
1080.14
931.18
791.67
748.97
778.42
842.73
884.38
920.66
921.94
877.70
858.08
899.09
885.94
892.37
948.81
979.26
936.62
878.23
859.45
844.84
836.01
899.72
915.09
921.81
843.65
864.18
933.97
990.35
997.53
958.84
897.00
966.83
1006.28
968.80
998.82
923.98
853.48
787.70
801.80
900.80
939.43
913.40
902.19
890.95
907.31
901.32
927.33
841.95
733.71
768.90
949.61
1242.48
1587.17
2011.01
2433.56
2756.83
2912.02
2710.11
2300.04
1682.13
1198.56
859.92
661.02
546.24
486.96
462.14
443.06
425.71
415.43
370.18
350.53
321.65
334.03
302.29
313.43
366.43
424.27
517.59
670.21
831.90
887.27
1006.56
1005.04
893.31
870.45
857.17
873.36
845.71
825.05
818.30
713.17
645.98
690.65
702.99
638.46
544.50
530.54
500.05
569.09
601.60
601.72
585.27
573.13
490.44
413.70
315.25
255.65
186.36
138.12
142.55
146.17
167.09
199.50
216.99
172.65
132.80
121.81
122.74
121.95
112.73
126.27
154.76
156.22
138.57
124.36
112.40
104.74
85.68
69.46
43.36
38.21
32.11
40.71
56.13
82.81
89.29
96.71
115.02
120.91
103.26
55.10
35.49
29.38
22.08
33.75
56.43
79.30
67.93
57.52
55.99
39.79
36.99
29.60
31.65
24.99
42.01
70.82
92.55
132.23
208.78
291.64
316.19
331.40
418.43
615.88
938.24
1196.85
1542.04
2043.22
2453.70
2836.29
3113.22
3306.30
3284.94
3025.99
2714.52
2637.12
2759.82
2655.85
2604.06
2778.13
2879.64
2998.63
2989.50
2945.25
2779.01
2457.55
2265.79
2154.43
2065.23
1884.61
1776.66
1811.61
1789.73
1770.37
1673.44
1496.04
1266.44
1190.67
1167.60
1044.54
914.21
810.61
717.03
530.44
432.93
340.68
272.59
196.87
149.71
108.40
95.01
93.85
69.60
38.62
57.32
130.74
269.70
445.33
587.11
729.20
882.83
1063.76
1271.41
1396.23
1592.62
1751.59
1844.10
1843.43
1811.00
1760.10
1726.13
1738.17
1667.85
1607.38
1585.18
1494.90
1433.48
1443.18
1490.48
1513.81
1459.71
1465.07
1458.45
1394.55
1303.01
1306.22
1296.62
1270.32
1291.93
1285.05
1216.06
1099.39
990.50
906.49
785.77
666.14
613.04
532.25
454.02
389.73
361.27
299.37
259.04
216.69
177.38
150.27
120.39
130.43
146.91
222.63
164.56
76.29
34.33
85.45
141.89
126.82
160.33
251.94
337.61
429.34
533.17
604.60
562.45
575.00
729.90
861.82
1047.21
1291.80
1525.83
1791.98
2011.13
1973.15
2030.98
2165.23
2368.66
2569.67
2725.95
2747.06
2959.40
3004.52
2943.35
2837.45
2729.83
2527.82
2478.85
2266.33
1993.60
1721.77
1586.99
1498.51
1359.30
1299.01
1317.63
1343.50
1317.46
1260.13
1166.60
1093.11
970.78
908.96
794.11
715.09
693.43
647.54
583.39
544.97
553.02
615.79
609.50
634.64
632.71
638.39
643.63
674.95
634.60
669.13
754.24
841.03
859.98
859.10
837.36
808.10
776.09
748.00
722.37
671.31
635.28
615.99
624.64
606.67
590.30
520.96
488.78
431.59
349.20
346.25
369.05
336.76
306.86
280.47
319.51
374.90
376.56
322.25
263.15
223.99
203.18
205.16
242.15
411.14
584.47
777.82
1077.01
1295.10
1612.58
1881.17
2122.64
2433.64
2913.37
3334.33
3588.98
3776.33
3906.14
4037.20
4109.45
4118.72
4067.14
3906.58
3749.07
3644.84
3532.82
3470.28
3509.10
3609.32
3717.82
3833.09
3938.62
4004.92
4027.85
4053.28
4005.74
3980.26
3986.63
3987.10
3997.13
3993.50
3908.95
3955.06
3981.87
3973.34
3976.30
3990.81
3887.13
3801.79
3767.50
3645.22
3551.08
3384.48
3333.75
3099.10
3085.78
3150.43
3264.06
3332.44
3351.72
3324.71
3232.82
3029.09
2763.30
2527.01
2374.70
2456.04
2614.65
2664.03
2533.51
2189.52
1860.72
1745.74
1638.73
1521.64
1724.51
1783.60
1547.68
1357.58
1249.12
1232.37
1355.75
1410.82
1362.07
1108.53
821.85
716.72
644.06
672.27
688.15
740.97
759.55
904.94
906.55
820.78
723.11
582.09
424.51
316.89
217.75
135.62
90.35
99.86
149.75
236.33
295.21
315.26
318.76
415.11
556.81
613.52
593.69
516.74
457.06
377.39
343.21
352.17
411.48
448.54
444.82
439.06
388.61
432.64
509.66
597.98
747.62
914.94
1099.95
1219.72
1391.11
1461.77
1488.68
1550.63
1616.25
1652.28
1707.60
1787.90
1885.99
1940.98
2078.45
2225.51
2253.36
2251.17
2140.59
2089.32
2085.57
2016.19
1914.99
1730.61
1690.50
1683.24
1512.44
1392.48
1202.43
1011.01
808.25
610.75
468.31
305.26
181.42
109.60
77.97
63.96
82.97
103.27
112.84
99.71
87.50
97.81
97.34
102.65
121.54
139.78
162.75
217.66
278.94
304.84
337.18
380.00
403.73
333.47
221.82
158.25
165.03
193.67
219.76
279.91
377.62
503.81
506.34
581.17
576.02
485.56
416.87
410.10
504.89
539.45
677.71
819.78
994.70
1214.54
1384.28
1494.67
1417.55
1405.56
1351.17
1294.70
1236.79
1096.27
970.25
929.90
886.20
944.30
1016.63
1020.44
1064.08
1006.00
955.82
946.55
892.49
886.25
788.89
690.53
715.80
660.47
647.72
605.52
586.75
569.56
523.28
430.10
397.50
374.52
374.89
396.28
401.50
413.83
390.78
325.70
274.95
251.46
237.88
220.23
219.16
192.19
184.38
186.39
176.01
161.40
135.62
118.76
99.91
90.37
52.80
53.10
51.09
51.11
54.32
58.73
74.63
92.14
101.66
133.06
172.91
221.44
273.43
307.50
340.12
370.35
347.17
337.26
336.67
319.61
332.70
300.60
308.74
312.70
291.45
306.65
260.71
263.68
281.35
285.73
343.91
398.03
473.50
496.55
493.79
514.46
477.79
464.75
510.70
541.67
574.96
476.50
375.23
344.63
374.34
428.04
476.36
537.56
620.28
669.97
630.34
656.31
687.09
803.36
828.76
897.69
923.55
932.67
1008.57
1076.80
1121.89
1126.50
1103.12
1158.53
1164.44
1227.20
1287.92
1310.83
1335.05
1397.39
1449.05
1497.78
1564.48
1601.04
1555.98
1533.66
1452.24
1467.76
1540.23
1617.19
1690.34
1715.41
1742.44
1762.38
1754.23
1689.66
1706.21
1669.69
1718.12
1716.50
1728.31
1739.10
1767.40
1676.34
1676.58
1609.76
1621.84
1541.40
1507.55
1507.23
1474.82
1356.35
1240.88
1158.21
1093.09
987.37
915.89
806.90
726.24
651.73
534.22
415.11
340.93
264.23
217.28
234.35
237.29
210.48
206.98
153.34
90.37
60.54
55.45
72.54
105.98
151.26
133.54
79.68
101.24
252.82
407.59
395.87
464.52
486.59
546.15
632.94
774.95
923.53
1157.28
1267.48
1308.53
1343.48
1415.57
1524.85
1587.69
1596.08
1607.01
1494.23
1365.41
1181.73
1119.44
1045.79
993.70
904.64
863.81
775.87
685.15
573.36
600.04
660.01
696.13
713.10
789.21
947.46
1180.56
1381.98
1535.10
1587.30
1628.56
1579.41
1455.89
1360.50
1315.46
1430.08
1584.21
1915.42
2207.01
2386.87
2579.21
2717.51
2845.10
2936.97
3114.66
3244.83
3332.01
3288.10
3229.88
3217.52
3088.00
2970.44
2833.69
2540.93
2450.00
2348.05
2097.95
1895.86
1889.96
1955.33
1995.77
1910.63
1751.92
1644.52
1629.85
1551.64
1436.71
1310.68
1209.53
1032.65
899.53
790.41
706.43
656.93
646.82
693.12
734.76
779.01
752.20
704.31
707.98
778.46
831.33
877.94
876.75
816.43
762.49
645.53
511.52
427.43
419.09
445.36
437.86
402.84
417.49
405.23
419.85
438.13
462.66
475.82
418.52
350.95
344.56
340.34
329.23
414.54
565.66
769.84
960.73
1203.53
1453.36
1566.20
1675.90
1629.37
1629.88
1777.70
2022.44
2260.44
2452.00
2655.61
2785.13
2795.58
2807.65
2782.89
2653.10
2550.47
2501.89
2495.16
2463.98
2393.99
2341.45
2248.31
2138.67
1932.13
1758.21
1564.19
1393.42
1161.38
935.92
772.36
605.79
478.88
404.09
339.20
241.46
174.72
123.71
90.06
55.77
36.36
29.74
18.21
11.87
15.15
26.82
45.13
103.94
176.53
271.49
388.30
526.99
644.57
752.15
780.46
812.42
895.16
855.38
819.19
777.44
870.49
928.57
963.01
1046.19
1271.32
1268.31
1181.07
1350.33
1463.71
1613.57
1657.20
1560.43
1443.93
1483.87
1584.34
1696.78
1665.08
1822.40
1939.00
2048.65
2305.78
2374.51
2455.02
2616.07
2843.58
2920.91
2963.40
3084.78
3125.63
3162.84
3209.53
3299.28
3460.44
3569.60
3626.69
3634.59
3721.46
3780.27
3818.29
3840.51
3833.34
3658.89
3319.53
2972.96
2726.69
2741.11
2906.14
2930.55
2917.09
3077.71
3191.45
3417.26
3565.99
3729.45
3951.96
4065.43
4094.85
4098.20
4088.28
4056.77
4002.09
3887.14
3832.38
3812.07
3743.51
3702.19
3698.26
3662.01
3631.14
3458.59
3197.82
2873.23
2674.98
2567.29
2409.69
2196.37
1976.47
1975.37
2011.63
2066.31
2195.32
2195.91
2287.64
2661.01
3050.03
3440.07
3663.11
3812.97
3921.63
3990.55
3940.71
3738.53
3566.39
3349.67
3058.50
2821.43
2390.25
1995.89
1830.98
1667.27
1504.05
1337.67
1276.58
1397.47
1447.37
1460.52
1585.51
1574.14
1460.45
1379.31
1443.51
1515.67
1680.86
1849.18
1951.90
2186.86
2279.26
2350.41
2327.57
2474.93
2616.40
2251.17
2129.95
2096.83
1871.55
2023.18
2408.60
2757.96
3048.05
2980.32
2800.29
2692.53
2458.68
2086.71
1764.56
1628.06
1462.30
1221.62
1075.24
968.51
954.17
975.29
1262.48
1820.49
2540.00
3194.70
3507.55
3783.87
3824.21
3909.67
3988.71
4026.60
3897.01
3874.05
3642.58
3259.66
2760.11
2549.56
2357.17
2339.63
2528.81
2586.88
2769.52
3055.83
2985.36
3009.82
3024.95
3073.45
3110.82
3383.36
3502.18
3611.51
3628.07
3634.88
3605.69
3653.44
3645.30
3397.59
3216.16
2982.85
2715.08
2452.45
2227.09
2211.41
2426.07
2817.25
2973.55
2926.59
3043.28
2939.66
2757.78
2574.86
2373.06
2164.43
1981.11
1970.15
1829.47
1849.63
1822.21
1956.43
1928.38
1819.13
1550.53
1227.08
1009.45
830.25
644.38
568.79
499.31
452.40
396.19
407.07
385.70
358.70
446.56
532.68
740.88
975.66
1193.13
1491.68
1893.24
2357.52
2411.61
2692.33
3175.32
3273.79
3630.78
3697.46
3472.93
3522.54
3293.63
3217.76
3546.04
3357.94
3480.05
3029.43
3209.16
3116.53
2929.24
2897.43
2838.90
3000.78
3192.98
3477.73
3839.00
3923.43
3723.72
3698.66
3579.72
3445.17
3175.38
2780.98
2237.88
1770.77
1355.42
1130.22
1017.96
1042.83
1107.92
1185.65
1492.56
1748.10
1862.34
1906.26
1870.77
1470.75
1361.73
1364.70
1415.81
1466.04
1563.38
1732.46
2050.61
2186.22
2397.12
2768.12
3049.33
3179.45
3177.07
3104.11
3141.46
3031.04
2936.91
2841.49
2730.87
2557.45
2335.58
2058.93
1699.26
1329.71
949.87
551.44
268.97
164.49
128.01
207.03
356.83
682.37
1094.73
1549.57
1936.14
2380.08
2836.78
3284.67
3515.85
3521.32
3205.09
3394.06
3170.90
3005.69
2749.47
2697.35
2754.75
3045.20
3271.85
3707.74
3790.41
3671.10
3214.06
3065.95
3257.75
2999.96
2716.48
2633.91
2727.83
2906.87
3078.32
3196.89
3361.21
3619.20
3402.73
3439.57
3101.78
2890.58
2837.47
2881.93
2988.10
3175.05
3411.08
3525.91
3505.21
3515.48
3478.18
3519.12
3561.47
3562.46
3298.59
3204.29
3079.89
2970.14
2643.91
2121.81
1838.34
1780.64
1729.99
1666.50
1537.66
1419.31
1473.83
1667.04
1767.76
1820.58
1829.22
1925.81
2019.62
2267.17
2458.77
2538.99
2526.60
2489.81
2271.46
2085.39
1731.79
1404.32
1138.19
907.63
687.87
511.31
370.46
321.59
430.80
626.59
773.37
948.99
1136.07
1330.42
1610.75
1907.56
2193.90
2450.32
2727.49
2930.53
3017.05
3125.40
3163.84
3179.03
3100.49
2871.09
2534.71
2229.82
1897.88
1752.13
1685.05
1499.10
