1348.35
1232.50
1056.86
1031.98
867.57
826.63
616.92
459.60
330.91
219.32
255.29
381.38
497.15
588.40
810.68
1303.20
1766.49
2058.62
2202.83
2351.60
2407.94
2344.80
2264.93
1748.53
1751.23
1716.02
1474.81
1539.67
1587.99
1612.56
1563.78
1484.90
1374.32
1273.96
1030.99
831.13
743.99
746.67
761.23
904.06
1265.61
1621.87
2028.27
2268.03
2238.72
1961.92
1725.27
1549.68
1554.00
1538.35
1732.20
1917.95
2089.30
2357.99
2456.53
2413.24
2891.82
3057.12
3252.65
3347.76
3404.21
3425.25
3465.78
3505.56
3574.37
3460.37
2848.98
2380.86
1933.39
1654.99
1499.62
1271.97
1014.33
895.09
858.10
832.87
812.38
874.21
992.31
998.07
1010.98
985.76
1020.01
1078.21
1209.81
1375.97
1504.50
1739.18
1866.96
1865.67
2077.06
2432.51
2633.37
2632.39
2481.92
2643.20
2605.06
2180.95
2029.87
1829.20
1750.53
1698.24
1435.67
1131.58
875.73
886.46
1140.23
1443.19
1799.45
1893.59
1749.97
1680.75
1751.52
1859.09
1864.41
1712.18
1508.84
1385.48
1278.44
1178.64
1016.15
864.11
666.68
508.62
371.48
258.58
202.65
206.63
281.31
358.11
274.41
193.69
154.99
206.56
293.70
463.25
609.58
740.99
903.81
1017.85
1104.25
1307.38
1418.95
1610.05
1804.53
2063.67
2418.39
2614.96
2708.11
2839.20
2742.74
2440.53
2218.01
1864.22
1729.64
1538.74
1496.28
1405.66
1286.02
1304.66
1139.00
1262.90
1275.65
1230.65
1150.66
1099.05
1132.53
1223.36
1195.87
1284.53
1407.27
1489.85
1629.27
1730.89
1941.59
2003.31
1826.37
1747.41
1460.77
1182.63
986.69
902.12
861.82
842.21
936.57
1143.78
1383.62
1482.90
1542.71
1689.37
1833.61
1934.15
2058.28
2078.03
1988.14
1930.95
1848.81
1795.53
1675.72
1591.20
1442.61
1294.34
1168.46
1042.55
951.69
928.54
915.67
893.69
929.71
956.25
992.75
1039.47
1024.01
983.66
990.01
1048.46
1017.74
1017.50
1003.64
975.60
937.87
886.29
817.50
801.78
740.95
700.39
675.10
704.38
682.28
649.90
467.26
405.76
399.92
423.69
481.30
582.40
698.56
831.63
896.04
858.66
780.84
778.29
778.44
776.04
837.21
994.05
1213.72
1352.04
1460.39
1537.61
1692.22
1832.90
1870.78
1828.74
1857.57
1818.96
1614.11
1197.50
897.38
704.79
543.17
436.19
366.41
442.66
521.82
554.50
573.51
686.06
752.38
748.20
824.03
1097.67
1285.58
1329.16
1362.29
1454.66
1635.97
1864.55
2027.92
2077.10
2161.77
2184.97
2253.55
2416.48
2605.49
2783.49
2926.97
2833.88
2907.82
2929.43
2846.51
2820.63
2722.64
2747.91
2561.20
2801.53
2996.19
3098.95
3071.23
3186.61
2925.84
2939.62
2830.63
3039.34
3124.41
3237.58
2933.41
2847.88
2686.27
2634.75
3080.56
2523.54
2441.25
2355.06
2390.43
2426.10
2423.12
2353.15
2616.74
2802.11
2761.11
2241.65
2021.88
1991.55
1879.01
1648.30
1351.69
1197.01
1269.58
1263.87
1170.06
1021.53
855.42
654.50
571.11
473.59
426.64
441.72
591.59
635.00
553.26
533.61
534.34
447.93
478.85
501.17
510.26
506.90
532.68
533.65
597.12
731.37
899.81
1038.46
1044.89
1056.44
1126.82
1245.73
1350.74
1483.90
1586.68
1726.98
1711.88
1539.19
1427.83
1378.17
1505.14
1560.89
1637.75
1922.22
2308.06
2557.84
2426.73
2336.31
2594.49
2724.37
2998.37
2925.30
2586.01
2486.96
2609.70
2732.12
2827.08
2591.77
2625.75
2603.24
2786.85
2642.97
2470.49
2710.11
3287.71
2969.74
3194.70
2929.20
2846.81
2804.05
2756.21
2687.55
2361.73
1595.16
1183.09
1323.85
1549.66
1575.19
1433.76
1288.26
1193.59
1262.62
1093.83
959.07
1069.74
1161.79
1209.95
1259.65
1222.72
1336.60
1558.48
1758.47
1883.96
2067.32
2393.44
2464.07
2249.94
2121.44
2265.08
2214.13
2100.79
2040.92
2032.98
2075.87
2178.86
2370.26
2210.08
2058.46
1978.75
2010.01
2383.02
2879.96
3283.82
3314.93
3328.40
3404.55
3495.71
3553.29
3500.05
3509.56
3219.05
3494.03
3774.97
3387.87
3210.55
3001.39
2799.35
3044.87
3334.48
3440.32
3518.31
3476.80
3504.00
3631.58
3281.50
2929.91
3290.87
3468.36
3384.78
3527.72
3433.95
3610.27
3639.50
3394.37
3122.13
2770.60
2528.67
2221.53
2135.81
2025.70
1687.21
1565.74
1554.92
1462.82
1441.40
1367.47
1194.96
1208.50
1215.48
1156.00
1256.49
1296.19
1224.57
1164.63
1193.00
1456.74
1662.08
1856.65
1479.24
1846.45
1774.15
1597.37
1270.62
1168.83
1249.64
913.03
633.29
571.85
502.81
421.32
397.14
542.53
653.81
657.99
647.40
723.08
707.18
725.99
773.21
901.24
1117.65
1117.76
1170.67
1263.06
1339.25
1387.29
1364.58
1379.67
1427.90
1281.17
1137.96
1089.94
1009.74
973.10
935.79
1043.79
1094.20
1106.40
1163.61
1043.21
931.49
857.70
897.16
872.61
957.90
1238.17
1365.70
1290.42
1131.12
1040.17
1021.86
1071.78
1192.73
1418.26
1676.47
1927.20
1957.91
1847.30
1839.73
1858.23
1806.07
1742.79
1668.66
1628.22
1607.92
1669.26
1749.51
1796.44
1758.75
1669.57
1651.04
1703.29
1769.90
1776.74
1671.17
1528.54
1547.11
1678.27
1862.31
2017.47
1985.15
1893.52
1654.38
1391.23
1282.57
1205.64
1133.44
1131.34
955.69
834.17
864.42
997.15
1077.29
1055.00
971.99
899.80
851.77
853.27
927.41
1129.26
1334.36
1583.51
1983.23
2217.45
2322.68
2378.95
2528.91
2665.47
2659.61
2851.64
3087.47
3076.44
2985.74
2974.15
2874.83
2903.09
2987.51
3199.88
3231.03
3126.75
2983.74
2760.60
2538.02
2214.91
1890.06
2014.08
2110.18
2230.80
2531.08
2423.83
2524.83
2510.89
2588.37
2712.76
2912.52
2990.60
2923.86
2979.69
2838.26
2777.74
2720.75
2653.70
2709.07
2663.15
3437.58
3114.97
2799.57
2602.35
2631.16
2745.24
2642.43
2393.54
2479.28
2350.92
2180.23
2071.41
1815.85
1509.98
1876.92
1610.88
1323.92
976.45
603.47
551.13
700.14
700.21
814.95
761.49
802.55
1034.57
1372.35
1768.64
2194.17
2506.01
2781.19
2828.47
2435.15
2261.18
2166.17
2383.61
2336.34
2157.47
2297.28
2375.42
2405.34
3022.73
3074.44
3165.86
3334.33
3195.44
3357.84
3118.54
2510.65
2325.54
2268.49
2283.24
2242.16
2174.90
1960.22
2047.25
1975.78
1621.26
1444.28
1625.30
1978.75
2370.07
2616.47
2883.87
3192.65
3384.33
3469.49
3081.78
3267.28
3211.09
2671.09
2312.18
1854.42
1463.91
1146.00
954.85
528.78
289.58
253.65
268.63
294.35
307.71
370.51
361.26
395.10
314.66
237.10
154.41
111.56
63.18
37.66
33.55
20.43
15.73
26.82
37.99
67.12
95.57
145.33
352.66
621.72
891.18
1242.72
1387.54
1386.23
1557.02
1613.59
1459.25
1168.03
973.56
1056.63
1328.33
1978.63
2451.49
2814.93
3078.24
3399.69
3533.76
3684.60
3775.49
3715.26
3532.79
3402.79
3297.38
3251.78
3268.19
3225.00
3451.44
3235.49
3155.06
2922.90
2805.24
2927.02
2483.17
2565.11
2112.43
1928.91
1956.91
2093.04
2325.13
2537.89
2558.17
2136.40
1700.06
1286.78
912.43
858.34
1177.27
1404.97
1350.13
1449.26
1483.80
1283.48
902.64
661.91
579.32
649.41
904.20
1107.71
1312.03
1584.44
1619.22
1532.30
1630.72
1701.85
1648.57
1473.33
1362.94
1320.05
1348.52
1325.64
1235.10
1297.47
1369.54
1437.04
1535.47
1726.76
1972.35
2287.72
2668.89
2930.54
3052.25
2977.58
2500.06
1967.58
1558.39
1475.55
1543.95
1471.69
1371.22
1230.95
1178.80
1294.52
1455.60
1537.19
1722.77
1848.56
1963.69
1838.21
1882.82
1707.08
1781.58
1773.79
1874.08
1924.69
2118.11
2310.52
2303.76
2649.06
2550.29
2471.70
2674.78
2788.70
2611.59
2624.58
3115.14
3562.11
3442.96
3338.84
3242.61
3570.87
3691.74
3637.25
3192.65
2933.13
2586.09
2325.30
2274.71
2118.39
2017.67
1939.23
2228.83
2376.52
2240.30
1913.39
1894.96
1760.19
1687.83
1500.46
1452.92
1353.89
1285.07
1182.29
1212.22
1207.86
1421.07
1753.50
2056.05
2226.17
2660.82
2840.38
3062.46
3258.39
3472.34
3523.27
3458.07
3492.97
3639.15
3430.24
3030.45
2759.07
2752.51
2585.50
2068.16
1911.66
1881.83
1801.34
1621.73
1547.29
1952.65
2375.89
2629.23
2772.64
2695.07
3010.35
2907.04
3057.62
3070.30
3067.59
2925.39
2986.25
2872.47
3016.68
2975.47
2261.71
1974.61
1814.99
1587.31
1529.92
1380.84
1678.86
1397.73
1456.97
1425.71
1444.12
1389.84
1510.73
1655.44
1454.86
1557.33
1533.32
1781.29
2432.77
1920.76
2197.49
2465.02
2691.60
2529.23
2603.43
2900.55
2577.80
2482.74
2316.24
2333.72
2306.37
2261.36
2179.76
2136.84
1928.98
1907.86
1912.01
1821.67
1751.53
1656.68
1530.78
1439.15
1452.81
1440.43
1289.07
1384.19
1546.12
1735.72
1935.98
2000.36
1985.16
1739.53
1652.76
1540.86
1508.14
1344.87
1231.98
1128.47
978.29
735.70
602.38
623.31
521.22
446.00
582.06
796.64
952.37
1127.50
1293.33
1552.25
1883.19
2231.72
2268.82
2219.97
2043.39
1560.50
1099.93
856.18
704.80
771.94
961.62
1181.09
1395.88
1572.22
1686.28
1747.16
1885.48
1964.34
2039.42
2142.56
2303.24
2466.36
2717.04
3009.98
3279.56
3405.26
3452.64
3392.53
3025.94
3212.78
3261.33
3436.28
3398.81
2966.83
2464.97
2419.87
2312.09
2269.06
2638.88
2284.94
2255.75
2270.92
2168.04
2145.28
2046.84
2083.71
2823.66
2774.88
2792.17
2727.37
2379.50
2164.35
2282.26
2328.22
2411.06
2451.08
2416.77
2085.26
1625.26
2049.59
1903.78
1945.14
2472.35
2397.40
2667.15
2282.32
2183.77
2738.74
2927.97
2740.34
2989.74
3021.38
3062.88
3183.14
3353.64
3439.12
3497.63
3322.35
3293.88
3363.73
3388.87
3293.04
3295.33
3168.03
3083.33
2560.50
2822.78
1832.46
1976.19
1946.09
1842.28
1823.03
2182.58
1930.47
1694.36
2163.02
2356.09
2548.07
2457.56
2348.34
2596.45
2471.31
2921.93
3262.27
3543.27
3084.34
2843.50
2764.82
2543.68
2183.65
1479.84
1585.16
1317.11
1308.79
1571.68
1461.33
1195.95
883.09
871.06
906.17
1334.04
1745.11
1997.48
2276.72
2741.99
2861.17
2680.92
2390.16
2447.49
2391.95
2378.35
2606.29
2431.40
2954.34
3053.05
2928.51
2749.03
2355.23
2256.15
2340.37
1856.23
1923.11
1785.24
2198.04
2950.39
3346.48
3188.25
3012.90
3252.95
3237.18
3145.33
3002.97
3249.13
2884.28
2880.35
3020.75
3248.85
3538.74
3408.24
3192.08
3123.60
2939.20
2614.87
2474.72
2189.15
1858.53
1529.83
1093.47
949.31
1198.27
1726.47
2045.64
2569.05
2145.23
2454.47
2086.36
1316.55
1140.97
1211.29
1390.89
1447.30
1928.57
1746.00
2713.13
3038.21
3157.26
2861.12
3035.07
2945.72
2878.42
2878.74
2739.63
2745.03
2604.61
2768.87
2594.45
2818.33
2979.11
3036.23
2795.28
2722.23
2588.29
2539.23
2600.48
2294.01
1987.50
1732.72
1314.19
973.37
726.51
666.58
750.45
929.36
1198.25
1591.40
2138.58
2519.20
2809.15
3014.14
3139.51
3281.15
3274.82
3272.03
3238.79
3091.72
2812.09
2546.31
2228.27
2249.00
2183.70
2813.92
2839.99
3232.69
3336.80
3669.93
3673.93
3727.01
3622.57
3443.33
3417.55
3299.17
3048.61
3265.75
3187.10
3133.14
3084.02
2736.90
2266.34
2139.64
2158.49
2205.76
2184.44
2105.54
2014.00
1800.24
1589.65
1291.01
850.11
629.53
532.75
451.44
321.31
256.19
193.52
401.50
785.27
1288.53
1769.96
1871.08
2146.61
2271.31
2306.26
2282.32
2930.54
3384.96
3447.07
3862.86
3543.38
3429.47
3381.10
3159.73
2983.80
2905.26
1883.90
1558.30
1435.42
1639.02
1945.70
1956.50
2100.73
2043.86
2204.14
2434.08
3359.45
3440.07
3675.23
3771.73
3491.63
3383.50
3202.03
2548.58
2505.37
2572.59
2508.18
2253.97
1991.19
1708.01
1862.54
2224.55
1728.39
1652.97
2233.55
2379.56
2139.97
1555.09
1164.52
930.68
823.97
810.70
996.51
1190.22
1455.96
1488.37
1822.92
1996.16
2223.10
2107.78
2042.47
2124.83
2020.14
2060.78
2048.99
1930.66
1794.05
1654.28
1644.80
1535.81
1890.72
2559.76
2799.69
2905.59
2434.12
2484.09
2200.22
1638.17
1528.19
1417.36
1034.42
776.55
604.98
775.33
704.90
612.30
489.31
377.25
262.16
181.10
92.02
36.04
19.37
71.27
107.82
141.89
152.81
182.44
179.47
181.82
252.92
346.02
428.07
480.33
551.04
653.73
718.76
791.59
852.24
904.97
977.13
1038.54
1026.88
971.99
885.60
713.62
646.37
698.55
708.23
678.09
558.72
400.92
329.56
375.59
632.75
960.08
1097.65
1132.71
1240.01
1354.50
1359.11
1263.11
1150.42
1169.23
1184.93
1219.90
1248.95
1263.30
1195.37
1012.86
800.64
990.24
1429.77
1841.44
2154.22
2072.70
1659.89
1457.13
1495.62
1699.87
1881.94
1966.63
1984.30
1989.03
2039.85
2018.55
1930.46
1828.86
1732.83
1593.70
1378.21
1151.48
939.56
739.59
569.40
367.47
221.08
134.36
90.80
71.21
79.11
71.20
81.64
135.33
143.32
116.98
115.17
109.42
134.85
156.77
132.31
128.14
129.91
175.05
191.97
173.42
190.99
138.02
85.92
92.46
91.52
87.84
98.28
111.78
105.72
110.39
141.46
139.68
108.64
82.86
60.08
51.48
36.15
30.92
24.20
32.67
41.82
63.71
127.34
232.59
261.75
172.11
77.71
50.85
56.11
97.21
169.63
213.39
193.69
213.02
338.57
499.53
505.83
475.62
537.58
604.49
587.71
400.37
218.27
172.39
183.26
196.25
242.74
251.04
274.21
233.34
233.22
326.75
393.86
411.66
374.41
329.08
289.43
254.15
298.29
373.85
413.03
423.85
436.62
434.16
495.08
514.10
511.28
484.57
401.34
327.65
313.77
302.13
230.93
108.95
101.87
100.76
55.76
45.92
43.23
42.04
46.61
39.56
45.85
58.61
91.27
113.12
134.37
153.37
197.49
209.74
176.50
219.19
217.65
200.56
211.11
210.88
208.87
164.43
169.03
177.92
189.62
210.89
257.12
265.16
263.13
240.49
253.81
285.95
229.22
181.96
126.30
101.04
93.30
112.24
96.48
98.34
101.61
115.31
103.17
114.39
117.98
91.67
48.65
78.00
89.22
90.35
131.42
180.80
184.71
152.57
157.84
153.17
167.39
219.91
216.56
188.16
138.54
112.28
111.53
147.52
148.60
128.34
138.69
184.66
207.77
171.30
153.08
151.76
144.14
113.37
73.35
32.06
14.18
11.76
11.99
64.17
126.73
242.09
337.25
351.25
363.59
363.78
398.39
422.85
416.68
443.39
493.93
489.50
369.83
231.69
182.28
244.30
403.14
459.62
463.46
540.30
581.34
584.17
660.75
890.30
885.66
838.18
931.91
1140.55
1217.13
1270.90
1385.01
1453.59
1440.03
1512.68
1592.53
1590.82
1534.23
1580.47
1579.72
1481.27
1486.45
1629.59
1870.22
1992.85
1491.18
1593.08
1874.35
2004.76
1663.85
1693.68
1409.69
1327.81
1138.40
995.43
1076.39
1139.67
1185.23
1245.33
1808.00
1837.01
2407.91
2598.93
2823.34
2810.42
2560.93
2537.14
2819.43
2912.31
2386.81
2485.56
2553.43
2802.81
2252.46
2095.24
1952.80
1782.85
1598.39
1682.92
1645.99
1497.88
1728.93
1817.43
1726.15
2197.92
2257.89
1864.15
1938.62
1750.76
1737.73
1697.40
1625.99
1464.03
1321.50
1145.14
1297.96
1557.10
1539.83
1096.76
883.07
900.05
807.04
1219.90
1342.14
1443.25
1576.98
1864.00
2059.19
2077.13
1927.75
1871.43
1990.72
1676.96
2090.02
1978.43
2024.31
1773.65
2029.04
2371.81
2297.92
2241.96
2233.82
1430.43
1500.60
1267.27
1155.08
1159.76
1461.83
1512.24
1092.17
1445.33
1590.25
1454.87
1183.92
1031.68
858.05
696.49
636.10
627.77
642.67
602.18
479.27
363.63
332.03
278.61
226.83
209.28
224.50
255.10
265.52
261.48
252.36
219.70
171.45
152.97
143.88
161.11
156.04
138.85
135.49
120.68
110.12
122.94
113.64
94.75
57.07
30.87
44.53
67.09
72.81
68.33
71.39
54.05
51.54
82.25
128.84
136.87
180.66
236.39
288.69
366.12
334.41
232.83
234.33
240.52
274.77
375.95
469.89
481.39
463.47
582.88
819.94
1035.43
1205.61
1405.80
1547.11
1631.47
1895.53
2272.03
2569.61
2773.50
2439.56
2499.07
2970.70
3539.52
3555.30
3506.87
3487.96
3223.27
2941.87
2876.44
2846.71
2837.46
2750.87
2460.07
2157.84
1889.52
1777.46
1660.67
1654.78
1570.27
1453.80
1352.09
1276.45
1210.74
1175.04
1060.14
856.22
731.37
586.68
730.29
992.52
1213.55
1423.97
1434.82
1401.34
1233.69
939.79
555.63
310.64
269.47
222.58
197.24
217.14
208.82
206.59
176.64
162.05
164.36
186.34
226.31
239.82
256.23
194.95
125.71
118.71
172.34
247.47
269.49
457.95
485.90
615.58
558.90
526.96
625.30
692.25
733.91
860.66
921.27
947.21
997.74
1037.64
1067.22
961.43
986.99
994.37
1048.39
1042.03
1165.57
1529.58
1906.25
2200.20
2358.67
2579.72
2919.48
2820.74
2177.96
1902.47
1801.96
1693.58
1490.02
1607.87
1699.14
1842.75
1672.63
1552.13
1467.14
1535.34
1223.59
1604.92
1481.51
1342.52
1378.08
1409.15
1382.49
1339.42
1193.55
1051.42
898.73
815.96
672.84
633.22
661.35
701.17
671.04
575.44
448.87
329.94
246.17
196.55
153.38
99.54
77.26
78.05
63.65
33.67
7.38
3.53
4.98
8.46
22.65
37.98
57.36
78.91
90.09
129.86
187.53
211.49
221.37
207.83
215.27
220.60
214.79
238.50
254.96
291.27
320.08
327.51
293.55
165.66
51.44
23.52
14.82
9.50
8.41
12.60
18.94
25.95
32.90
64.55
108.01
112.49
88.10
70.18
62.88
65.97
87.15
116.78
153.06
210.96
227.76
248.22
281.72
195.93
113.05
122.22
166.86
246.28
293.64
331.70
436.05
521.68
502.82
510.05
512.51
592.08
616.45
632.68
623.51
589.76
534.12
562.55
585.28
691.02
790.09
922.79
923.38
820.92
781.81
996.40
1323.53
1601.06
1820.67
2003.04
2175.47
2194.86
2139.12
2060.57
1962.74
1905.00
1990.65
2133.84
2294.53
2393.29
2536.17
2676.29
2718.83
2441.01
2025.41
1688.28
1355.40
1556.79
1353.15
1256.34
1014.60
783.94
655.95
588.04
506.73
405.28
308.95
238.15
261.34
203.93
130.81
95.80
76.73
97.01
161.30
264.29
401.32
509.09
608.55
740.89
936.13
1191.03
1550.99
1770.61
1895.50
1984.13
2042.63
2075.77
2029.83
1938.40
1761.87
1660.49
1697.59
1788.27
1897.36
1869.04
1824.01
1882.23
1942.46
1961.48
2001.66
2063.99
2057.32
2070.88
2113.59
2236.63
2319.30
2393.18
2366.33
2499.05
2747.03
2830.14
3036.91
2997.41
2740.65
2283.81
1852.15
1539.52
1371.09
1287.76
1207.54
1150.57
1098.92
1062.21
918.32
859.75
783.66
709.00
616.68
667.10
874.20
990.36
1205.80
1536.99
1868.66
1947.92
1708.51
1388.33
955.95
586.14
392.50
327.35
325.33
261.92
219.83
158.97
160.40
188.63
233.70
329.06
432.09
525.54
549.44
678.25
1001.17
1214.20
1325.75
1384.42
1341.58
1281.73
1261.92
1263.46
1161.20
948.39
900.21
903.45
892.13
849.01
868.55
838.46
833.17
852.89
863.78
863.65
909.68
881.08
770.42
692.57
875.98
1022.34
1118.31
1115.58
1160.89
1222.97
1223.95
1201.06
1052.55
792.67
691.57
747.49
798.28
828.81
812.70
831.52
880.47
920.39
942.81
966.19
984.97
1015.61
862.19
793.73
1014.74
1077.60
1099.08
1082.77
1081.72
1052.45
1089.46
1150.53
1033.92
761.12
659.49
684.24
699.38
633.27
569.67
569.66
559.10
589.50
623.39
677.81
612.91
510.07
378.58
322.60
426.49
412.27
381.21
356.90
369.67
445.56
482.25
501.44
457.36
391.73
352.53
338.28
346.71
364.33
411.52
497.96
646.26
734.04
790.81
885.39
1003.34
1039.26
893.60
1110.71
1339.14
1559.72
1778.40
2090.84
2420.71
1803.77
1890.19
2347.78
1884.08
1802.31
1904.82
1956.38
2197.10
1979.31
1997.77
1999.32
2483.02
2578.95
2509.24
2656.12
2745.42
3414.19
3473.14
3791.30
3336.25
3479.79
3699.88
3569.06
3914.56
3352.76
3664.24
3512.16
3611.26
3499.60
3233.76
3494.89
3216.93
2918.48
2998.01
2914.25
2780.09
2632.39
2457.11
2286.42
2042.29
1813.36
1767.43
2010.00
2201.14
2206.67
2235.24
2414.11
2661.90
2861.70
2822.01
2572.81
2155.81
1468.71
989.21
651.85
457.92
360.17
257.11
195.42
198.38
211.61
266.74
411.84
766.40
1099.02
1508.01
2181.19
2703.06
2837.01
2953.20
3139.87
2886.49
2786.28
2859.09
2881.66
2669.32
2368.87
1910.08
1681.89
1455.62
1255.66
1170.60
987.00
842.20
762.91
624.62
729.27
971.33
1310.48
1610.22
1765.25
1692.85
1825.68
1977.93
2108.52
2051.92
2016.87
1811.07
1728.34
1855.93
2082.46
2550.04
3059.14
3160.87
2604.76
2601.45
2524.35
2489.94
2410.70
2366.99
2730.86
2298.13
2666.60
2959.76
3002.92
2974.80
2497.13
2434.25
2436.36
2369.66
2754.76
2758.13
2666.62
2581.69
2488.79
2266.12
2198.69
2182.69
2303.91
2459.13
2665.57
2800.17
2826.97
2880.08
2926.91
2965.37
2718.87
2726.45
3007.09
3275.81
3042.75
3378.76
3716.01
2938.19
3439.36
3726.51
3970.66
3156.97
3072.43
3470.34
3473.56
3530.49
3498.99
3310.27
2942.72
3120.62
2995.88
2880.44
2953.08
3070.26
2934.53
3170.92
3437.52
3626.84
3625.26
3555.71
3308.38
3259.07
3562.47
3424.43
2913.89
2520.61
2355.55
2385.87
2260.02
1969.77
1780.92
1645.05
1523.87
1442.18
1430.41
1404.01
1334.81
1190.11
1085.11
1136.98
1386.56
1282.60
1114.58
1054.16
926.80
931.05
846.98
716.64
587.57
379.33
187.48
126.51
106.28
85.86
77.08
100.13
113.93
157.12
243.87
439.61
550.62
551.99
573.49
505.97
512.85
741.48
1017.47
1295.23
1445.27
1561.74
1614.02
1725.23
1821.11
1245.16
1274.24
1532.23
1839.81
1754.07
1804.94
1945.17
2050.06
2207.70
2113.65
1693.29
1772.87
1276.65
1511.37
1610.17
1509.32
1391.30
1231.21
1028.23
783.12
544.32
710.63
646.66
507.81
345.87
340.55
368.21
371.14
377.08
372.21
335.55
366.59
430.29
498.35
502.72
477.92
499.05
582.10
709.38
783.52
748.24
716.59
734.97
737.17
666.28
604.19
666.17
822.15
807.16
854.90
879.84
884.50
828.72
798.53
890.84
1034.22
1069.43
1151.07
1217.08
1330.73
1310.52
1216.90
1201.60
1148.41
977.96
779.68
653.96
540.80
450.50
418.49
405.14
338.01
266.38
217.58
158.25
132.02
97.10
70.76
71.89
66.55
67.63
59.09
54.51
73.76
84.64
87.66
56.10
76.12
116.11
98.09
112.10
136.53
153.24
162.46
161.11
158.92
169.57
150.63
123.82
93.15
87.59
92.65
113.30
133.22
146.76
164.40
203.39
246.52
294.28
309.40
212.97
109.85
111.90
106.56
82.10
75.40
91.88
87.17
85.59
75.40
69.49
83.69
83.79
77.83
94.19
117.45
153.24
178.00
186.02
205.69
224.46
245.50
295.73
312.68
209.01
123.61
170.14
165.47
168.93
182.45
171.82
157.29
135.74
139.99
165.69
175.02
183.32
168.83
176.42
177.69
151.06
150.55
111.51
65.68
39.44
28.76
40.66
61.64
49.75
49.80
94.27
139.70
173.11
206.48
275.24
348.10
393.64
440.24
421.87
343.77
343.24
373.48
367.15
286.97
175.27
167.80
175.70
174.43
199.11
207.13
246.37
297.46
237.91
257.26
307.45
432.83
488.48
508.89
571.24
677.53
791.40
834.65
777.87
613.84
507.39
513.94
494.22
514.62
620.80
576.25
554.03
546.29
607.40
770.39
913.66
835.60
783.09
771.19
796.63
949.24
1313.27
1449.67
1486.82
1433.23
1366.40
1472.64
1299.67
973.53
840.67
1005.73
1165.25
1163.15
1200.55
1102.85
1044.73
1051.38
1131.09
1156.24
1113.97
1096.09
1258.83
1516.68
1800.29
2254.51
2297.85
2051.66
1888.17
1794.40
1749.77
1673.88
1683.65
1339.30
1353.73
1430.19
1397.89
1319.42
1134.15
907.20
773.84
754.23
743.13
861.94
998.03
1017.03
1058.06
1189.11
1361.20
1646.46
1805.23
2041.76
2140.66
2231.03
2164.07
1976.92
1764.08
1500.90
1228.02
1209.88
1335.37
1378.52
1418.76
1418.37
1485.18
1528.90
1530.69
1535.86
1587.26
1573.99
1815.09
1677.01
1764.17
1886.38
1956.42
2255.73
2106.90
2218.52
1458.03
1712.93
1916.58
1290.96
1269.75
1336.59
1406.37
1278.96
1093.02
921.23
800.43
749.78
711.53
680.22
581.19
371.05
286.71
360.64
441.79
473.07
384.53
283.33
235.19
260.91
284.69
295.94
329.43
305.11
237.73
210.32
205.28
177.68
162.43
170.03
173.89
183.44
177.99
156.46
124.92
112.18
113.59
118.48
101.49
93.85
95.91
111.77
128.54
157.10
170.12
172.81
167.55
157.28
153.21
127.46
130.03
136.11
149.16
173.59
191.00
193.28
214.20
213.88
171.57
110.84
56.22
52.30
74.82
96.56
136.44
234.95
342.19
401.48
455.12
493.68
521.79
435.51
323.63
318.31
323.13
292.55
333.95
394.31
469.90
571.68
625.99
643.58
628.22
490.19
548.55
555.73
540.92
518.81
589.73
691.21
862.48
1026.76
1063.95
979.99
943.35
890.09
786.37
760.52
800.25
816.40
761.39
714.46
684.87
671.63
617.15
538.44
471.67
379.14
413.07
422.91
413.00
416.02
571.15
808.43
996.77
1072.94
1047.19
966.83
854.41
685.81
524.58
484.49
464.95
434.23
415.50
344.52
258.04
209.06
176.46
160.22
141.26
92.74
73.77
74.78
74.43
104.32
172.09
222.10
261.72
327.58
379.84
385.96
355.38
279.00
179.79
130.60
119.58
120.37
121.26
117.67
124.19
134.42
127.39
121.70
110.62
105.17
90.58
106.06
110.72
126.04
176.50
233.43
274.40
307.23
295.11
269.62
252.71
209.80
164.02
178.22
207.48
213.15
206.96
183.47
203.83
235.46
278.85
357.17
435.80
408.66
526.49
673.81
765.75
849.08
986.90
1170.98
1424.77
1585.17
1598.89
1628.73
1586.41
1517.75
1451.49
1430.28
1409.81
1373.36
1300.06
1153.03
1010.61
944.84
885.57
884.04
903.16
755.98
815.72
691.11
556.27
450.95
398.96
425.97
471.17
509.61
479.33
440.15
406.39
328.71
246.90
222.49
174.49
131.48
95.32
83.28
77.05
85.37
64.55
51.20
49.91
35.53
29.13
40.21
69.97
111.81
154.46
211.27
312.07
429.53
499.25
496.61
437.35
366.85
269.29
258.05
256.44
241.75
228.59
238.25
267.05
304.81
359.05
369.24
360.22
331.01
357.91
449.70
518.11
508.11
544.99
654.61
822.53
1064.38
1289.47
1423.90
1420.26
1327.03
1124.31
989.04
968.34
896.23
836.35
757.37
699.17
623.54
558.30
511.46
508.70
578.37
696.60
776.73
725.30
627.41
631.67
731.52
830.32
935.23
922.83
930.37
946.63
850.90
747.84
774.25
843.65
881.59
897.29
1012.31
1081.44
991.52
1095.78
1131.18
1116.18
1160.22
1447.21
1798.84
1920.70
1965.15
2068.26
2250.74
2399.84
2400.53
2275.13
2202.06
2042.72
1844.68
1449.95
1161.83
1076.82
1082.98
1094.49
997.00
967.89
911.02
841.91
773.05
693.12
528.96
539.07
419.01
458.30
559.97
595.15
581.10
497.15
448.61
409.50
359.35
373.31
368.58
314.38
335.61
323.51
310.52
281.55
334.74
361.54
458.22
520.64
612.89
661.93
433.04
296.33
424.06
610.17
716.39
757.53
819.39
914.22
971.18
1012.93
1118.19
978.10
829.45
707.23
771.48
951.16
1095.86
1206.75
1236.32
1196.89
1193.70
1209.24
1212.55
1251.66
1350.57
1401.25
1476.70
1685.39
1804.43
2015.09
2315.42
2325.75
2308.64
2342.96
2362.69
2328.55
2346.77
2064.41
1582.07
1304.82
1216.75
1082.90
1034.31
1069.88
1045.80
1012.26
968.42
882.33
893.84
1008.42
1327.17
1604.96
1714.92
1707.52
1808.86
2183.88
2426.84
2442.20
2186.45
2005.25
1732.59
1434.18
1209.48
1014.68
898.37
881.16
1051.55
1170.14
1397.44
1762.47
1946.80
1680.88
1608.57
2012.13
2052.43
2119.90
2430.60
2602.33
2959.54
2809.51
2959.49
2581.25
2446.63
1943.34
1576.64
1674.72
1449.17
1460.86
1337.64
1170.71
1124.74
976.64
839.26
776.42
785.41
714.10
759.20
1076.53
1231.92
1648.57
1854.66
1964.94
2382.35
2538.34
2392.00
2187.40
2546.69
3001.13
2642.02
1883.72
2126.93
2054.47
2176.90
2118.04
2133.06
1734.47
1596.96
1518.27
1496.50
1492.53
2059.94
2341.74
2325.35
2517.83
2418.29
2354.16
2315.67
2212.19
2790.65
2812.59
2702.88
2434.57
2064.32
1391.47
1065.89
942.40
929.60
923.93
825.52
722.33
622.28
600.49
560.03
506.80
409.32
390.59
360.05
347.22
361.34
375.33
346.40
353.48
331.27
290.32
242.38
192.42
162.54
123.22
135.58
156.63
135.30
121.25
140.78
147.74
148.82
182.24
186.58
173.02
132.88
105.92
134.25
212.52
294.85
471.94
703.23
868.02
585.35
530.83
614.48
588.83
624.61
412.26
646.43
855.71
993.66
1063.03
992.20
879.92
905.66
882.99
873.86
728.66
529.20
476.48
580.52
768.38
1108.90
1234.45
1232.79
1233.15
1225.47
1159.48
1100.36
1044.04
979.91
840.25
916.68
1079.95
1148.99
1220.62
1373.72
1535.80
1627.46
1460.19
1376.13
1524.39
1556.41
1551.11
1371.47
1206.55
1073.31
961.75
824.46
874.96
726.79
787.41
642.87
419.84
257.07
215.24
226.28
258.42
292.34
330.68
369.37
231.15
256.96
294.26
215.26
142.94
74.39
38.13
47.16
88.92
110.61
83.92
73.68
62.09
60.52
43.94
112.25
136.80
48.32
58.00
131.11
151.91
142.63
227.94
356.68
576.71
661.99
716.44
820.01
719.11
633.69
625.81
578.70
601.94
589.34
584.56
531.41
520.62
432.99
263.19
143.44
120.96
87.95
63.13
119.60
146.55
173.17
198.43
406.21
512.40
584.64
689.42
815.23
932.06
909.75
943.95
979.73
987.13
1016.69
1045.65
1096.84
1224.41
1318.61
1356.17
1299.44
1131.23
1195.38
1044.14
921.67
957.16
918.32
833.94
659.89
594.56
594.59
557.45
496.29
455.53
396.57
428.48
431.81
418.32
422.92
433.30
440.34
400.14
334.46
239.97
195.91
121.62
88.63
81.71
97.92
94.47
65.11
55.28
60.78
138.66
305.57
413.19
520.63
575.47
500.83
547.21
853.67
903.89
1029.89
1240.23
1476.74
1613.29
1656.97
1594.54
1722.21
1907.60
1860.13
1669.49
1695.13
1800.53
2010.19
1951.59
1907.25
2042.91
1804.47
1705.53
1717.78
2086.83
2301.07
1997.48
1771.66
1531.47
1309.34
1341.55
1281.18
1130.04
1044.39
1012.14
1010.78
1035.82
1034.56
1046.12
1114.21
1224.66
1341.29
1378.09
1422.40
1537.10
1443.42
1328.44
1227.29
1072.21
1079.53
1307.00
1459.70
1534.40
1427.08
1700.68
1924.22
2063.59
2200.47
2165.51
2171.45
2057.63
1911.92
1842.25
1700.02
1795.84
1902.85
2234.65
2140.00
1729.91
1555.27
1583.43
1695.40
1848.88
2241.56
2409.34
2988.33
2836.85
2594.41
3218.05
3228.62
2913.89
3031.00
2859.47
3111.99
2535.63
2447.08
1726.08
1423.10
1404.56
1099.95
1345.44
1464.21
1514.96
1674.82
1897.17
1683.91
1635.76
2150.83
2599.47
2513.91
2131.67
2050.48
2914.67
2481.72
2498.94
2732.52
3365.54
3564.07
3020.70
2554.15
2294.60
2103.32
1933.36
1984.02
2096.91
2084.42
1804.88
1612.97
1625.81
1666.96
1627.41
1907.58
2690.98
2600.17
2411.03
2303.08
2182.81
1975.47
1753.94
1534.70
1165.97
1062.65
949.56
721.92
685.48
597.40
421.65
304.38
267.32
304.69
282.90
285.50
290.48
277.56
246.16
251.45
303.33
303.57
349.52
480.05
604.33
846.33
1112.93
1332.76
1446.21
1419.15
1182.38
1031.72
856.60
640.82
541.82
492.70
436.54
396.08
340.33
296.93
242.51
190.49
132.00
84.42
77.37
82.26
83.64
108.27
118.87
120.34
143.13
155.70
142.94
150.31
156.37
122.65
88.21
66.38
75.61
79.26
88.21
99.05
111.32
106.81
111.91
114.80
99.09
68.71
62.92
69.01
90.85
109.39
143.69
197.48
265.48
273.98
247.73
242.97
204.15
169.51
149.76
125.22
114.63
109.80
112.51
131.80
163.96
205.48
210.83
221.53
201.24
157.89
183.60
195.15
221.53
271.59
365.39
501.41
665.87
819.37
873.89
866.20
866.11
764.98
607.10
521.00
596.95
706.29
770.38
815.00
868.69
914.66
1009.52
1143.00
1299.75
1405.58
1528.90
1608.42
1763.63
1937.41
2090.92
2258.85
2426.65
2470.42
2409.69
2378.73
2311.57
2079.98
1882.81
1714.15
1561.04
1545.05
1507.24
1461.06
1469.00
1532.08
1531.84
1455.66
1318.74
1284.70
1218.98
1141.47
1113.33
1110.65
1099.79
1091.30
1199.55
1274.70
1292.76
1204.75
1073.99
965.43
885.83
831.96
804.08
688.21
574.31
469.21
407.76
419.43
377.40
263.43
166.21
112.91
106.17
111.56
92.69
62.42
43.16
39.28
34.02
33.84
41.91
51.81
84.04
119.57
103.45
112.74
125.40
141.69
135.93
148.41
153.67
149.23
124.72
82.85
77.17
101.13
98.32
97.28
126.30
115.34
102.99
97.06
113.85
150.73
200.54
227.44
202.69
195.12
239.37
338.69
460.69
521.22
582.13
638.11
716.56
818.35
903.65
1079.07
1267.09
1198.34
1116.33
1657.15
1603.73
1604.69
1419.25
1285.84
1146.99
1047.70
1025.54
829.40
522.07
278.34
228.70
351.35
557.12
562.88
408.34
416.00
423.90
390.51
379.53
474.16
589.61
653.07
756.48
869.77
1031.25
1222.48
1458.50
1630.06
1669.65
1700.17
1657.99
1500.58
1481.81
1475.95
1389.44
1271.48
1154.43
1029.88
1044.88
1109.64
1157.46
1140.21
1116.27
966.82
852.84
751.86
676.92
713.54
696.91
626.01
533.90
458.13
401.75
379.20
319.98
247.92
163.94
115.84
82.25
77.92
116.96
165.87
181.24
189.29
165.04
162.52
156.80
150.58
146.03
114.81
88.53
81.39
86.36
107.36
143.14
223.45
313.87
357.80
420.41
511.37
598.86
665.60
706.94
665.34
635.64
675.94
714.72
720.90
735.39
734.92
647.62
451.68
327.09
288.02
314.56
460.69
593.89
727.17
896.60
1006.35
1194.29
1261.04
1180.13
1066.89
916.11
797.12
687.32
542.57
534.19
586.78
572.73
549.31
523.20
488.81
440.39
373.63
366.12
363.55
458.99
596.73
733.08
910.43
1302.59
1491.57
1551.29
1855.33
2229.00
2107.34
1841.80
1841.30
1426.50
1007.02
821.34
830.37
904.27
940.53
923.34
1003.52
987.31
930.82
936.25
985.74
1111.73
1328.14
1630.98
1867.80
2109.61
2182.10
2067.38
2180.48
2080.76
2443.26
2283.35
1988.16
1648.26
1293.49
1232.21
1217.47
1275.60
1203.09
1131.81
989.53
902.47
818.60
719.04
801.79
1081.01
1258.32
1395.38
1486.30
2073.56
2420.06
2641.97
2825.91
2904.26
2965.61
2871.69
2691.08
2500.91
2302.97
2189.02
2105.78
2068.86
1987.17
1904.66
1873.48
1756.83
1603.51
1545.46
1611.74
1637.19
1745.85
1743.04
1735.19
1714.38
1785.27
1850.08
1785.88
1762.11
1604.89
1366.92
1102.46
940.92
687.82
528.93
449.26
461.81
495.45
518.31
492.84
499.86
475.16
386.35
400.90
432.81
435.35
514.57
548.72
510.64
509.68
643.36
712.05
620.01
598.56
568.39
541.84
484.84
408.96
467.79
569.36
619.93
660.29
666.37
726.54
768.92
789.90
796.49
979.86
1218.82
1307.20
1477.16
1694.55
1765.12
1685.08
1519.60
1423.65
1517.22
1568.20
1640.93
1300.00
864.59
860.68
826.34
801.47
778.00
668.86
550.21
540.90
564.46
524.54
368.10
300.05
284.27
345.07
497.05
557.71
600.15
684.25
736.79
707.38
777.16
963.19
1206.33
1354.79
1614.14
1924.08
2049.53
1980.58
1708.34
1345.68
1079.12
948.04
887.00
797.02
867.82
933.13
847.92
894.72
1058.28
1215.55
1327.78
1318.93
1333.22
1413.15
1399.35
1358.61
1241.86
1068.07
850.71
689.74
450.74
299.07
335.88
421.65
346.60
204.14
225.91
204.55
181.16
190.28
236.15
305.10
327.86
437.32
542.81
583.00
708.44
775.03
820.50
756.48
693.81
546.76
322.22
180.74
123.98
97.95
60.95
32.75
15.77
13.15
13.82
9.21
7.22
6.89
9.17
32.28
99.20
170.57
252.95
312.08
329.23
373.25
503.31
583.12
670.56
730.71
634.81
586.18
830.45
1054.99
1084.22
1106.34
1245.98
1397.21
1496.56
1545.60
1564.33
1571.13
1433.07
1221.14
1186.72
1227.25
1362.76
1589.02
1738.18
1470.41
1399.21
1286.35
1097.95
986.99
713.62
552.76
519.91
602.30
675.81
616.88
583.19
587.79
567.25
492.83
454.63
542.31
654.36
746.34
855.53
808.33
859.49
987.96
1093.14
1088.97
1060.99
1015.36
983.03
877.47
779.41
622.16
542.58
508.75
487.47
450.85
396.95
338.10
308.86
244.61
194.27
191.21
173.71
119.02
100.70
84.75
71.11
49.04
44.92
60.06
59.54
61.05
70.70
99.09
145.65
246.37
417.97
582.23
407.81
417.94
458.78
503.56
614.89
1019.38
702.12
676.56
582.45
839.98
1044.12
1085.66
1362.48
1488.87
1557.99
2008.50
1486.43
1984.73
1899.28
1173.36
694.89
422.40
438.46
388.99
329.47
286.36
203.61
150.37
136.05
117.48
68.57
34.34
9.76
5.61
6.85
7.17
16.40
28.39
53.38
106.12
127.69
144.41
124.88
109.52
110.68
114.14
97.81
94.04
114.31
140.15
185.92
275.38
407.57
413.48
416.97
365.46
334.03
390.29
447.51
475.32
494.73
630.42
902.65
916.67
726.24
453.62
339.20
271.77
185.43
144.05
105.70
103.78
116.25
171.48
212.29
280.57
287.85
207.90
207.25
317.22
432.97
489.85
453.15
351.37
248.86
207.60
200.79
213.34
375.09
581.03
686.95
747.97
866.04
741.31
476.88
245.41
279.56
233.30
368.83
538.08
599.25
566.14
444.00
317.08
262.66
398.80
448.98
455.13
415.05
359.75
271.67
230.33
196.17
133.44
86.01
51.68
31.08
16.73
9.40
6.27
6.06
17.10
51.79
84.58
116.72
112.22
106.06
75.12
61.36
126.35
168.30
188.01
213.98
284.58
350.35
417.98
468.25
491.34
478.82
434.14
382.05
373.54
472.35
499.12
402.85
328.38
409.16
416.65
251.65
246.83
174.98
105.31
154.00
215.49
278.14
328.86
263.83
276.08
314.24
342.23
345.17
306.29
292.85
265.09
214.82
259.95
417.34
547.84
572.73
560.49
459.31
395.99
374.91
382.88
330.76
304.42
415.72
612.31
843.19
807.59
807.30
990.76
1170.25
1190.45
1111.78
1039.05
814.90
696.66
656.28
656.69
608.01
707.07
874.07
1009.26
936.08
841.44
915.44
918.90
716.73
658.13
953.73
1246.56
1373.52
1390.21
1492.85
1500.90
1622.25
1684.00
1753.74
1845.63
1677.24
1370.33
1100.21
871.27
750.00
748.90
811.66
856.96
961.36
960.25
910.82
864.25
707.56
507.95
420.26
478.62
448.02
360.37
334.21
322.45
256.63
273.51
262.26
217.35
201.85
193.26
214.35
255.08
295.32
179.99
191.24
293.16
387.97
414.10
450.27
495.26
466.41
434.80
623.08
797.75
915.32
1223.57
1506.20
1773.66
1827.56
2061.78
1552.11
1638.55
1509.86
1236.26
1135.97
1364.81
1142.36
1204.32
1126.24
1126.75
1167.48
1129.51
1132.84
1055.51
943.15
1029.95
1250.47
1514.41
1670.16
1623.98
1600.46
1638.42
1917.88
2011.39
2019.37
1767.24
1556.16
1501.16
1273.74
1161.85
1161.31
1273.93
1261.69
1297.07
1344.54
1383.09
1445.06
1474.84
1393.73
1463.35
1741.94
1756.50
1612.02
1490.26
1562.15
1693.95
1938.60
1867.22
1941.91
2064.68
1901.34
1630.48
1519.17
1352.64
1438.44
1141.55
720.24
649.90
618.00
727.26
748.08
1067.03
885.75
998.18
1483.47
1778.09
1637.56
1867.98
1451.51
1727.99
1653.44
1404.52
1220.49
1329.78
1179.08
1130.37
832.94
945.65
996.78
1243.72
1389.93
1098.22
1277.49
1395.00
1445.95
1831.77
1970.64
2030.90
2133.94
2175.36
2115.75
2156.07
2248.75
2078.03
1889.60
2016.54
2041.11
1913.91
1681.55
1643.25
1988.51
2066.66
2004.27
1981.72
1922.22
1735.45
1743.74
1765.35
1777.92
1720.03
1822.93
2225.94
2591.53
2714.43
2962.94
2588.27
2473.14
2497.28
2153.60
2224.71
2248.46
2195.37
2234.08
2204.86
2094.29
2105.81
2179.60
2100.06
1658.26
1406.64
1264.89
1247.08
1183.16
1098.55
998.75
1224.74
1082.72
967.43
883.63
1233.07
900.61
858.48
830.11
726.15
850.78
848.47
964.60
645.18
619.30
679.98
696.42
655.12
593.49
556.28
487.94
379.40
296.08
246.69
180.88
129.62
175.07
100.59
77.60
108.35
146.25
172.06
203.02
224.71
260.96
337.86
326.58
285.24
267.61
273.53
290.88
344.34
346.91
347.79
376.13
373.53
335.34
320.56
264.16
236.29
266.93
337.93
454.05
619.49
788.39
923.68
1002.85
1104.46
996.21
857.44
829.89
754.86
690.59
623.63
580.22
594.12
559.87
601.28
555.56
559.81
560.42
607.97
591.53
586.65
726.60
1112.03
1490.80
1981.47
2154.84
1971.55
2152.37
2291.69
2231.65
2906.23
2545.67
2690.83
2502.44
2117.33
1955.91
1867.38
1931.48
1922.20
1869.58
1657.84
1670.16
1490.07
1430.32
1626.42
1959.38
2080.49
1942.47
2189.60
2501.34
2727.46
2766.76
3011.47
2777.22
2454.51
2390.97
2269.71
2124.86
1888.07
1954.27
1915.16
1863.24
1875.51
1809.94
1622.60
1531.20
1390.99
1824.03
2008.47
2276.29
2395.56
2476.34
2617.49
2684.84
2553.11
2664.21
2250.49
2383.55
2112.14
2131.79
2004.48
1501.00
1293.96
1267.26
1251.30
1261.51
1356.68
1496.34
1634.34
1794.37
1918.77
1751.50
1837.18
2244.67
2578.46
1897.55
1546.64
1915.94
1858.00
2014.45
1991.51
2200.45
2504.06
2584.02
2494.83
2373.06
1987.43
1841.96
1768.79
1709.44
1532.71
1485.99
1666.87
1718.59
1727.64
1563.81
1498.00
1619.61
1829.72
2098.95
2020.26
1409.73
1202.28
1174.19
1546.92
1784.98
1713.11
1545.27
1301.83
1010.66
752.39
593.61
566.84
508.56
488.90
522.97
456.97
496.24
494.81
497.59
589.28
695.70
899.84
1181.05
1481.78
1479.01
1381.47
1345.24
1237.34
1223.51
1069.81
881.68
648.88
504.26
487.84
581.65
579.91
486.84
409.57
318.43
286.91
180.04
114.51
89.26
37.93
16.15
23.00
48.20
38.95
59.80
88.67
87.32
103.69
99.34
78.22
63.35
48.90
96.02
268.64
582.40
919.73
1039.49
979.52
1243.35
1142.81
874.32
825.46
786.89
1004.96
889.68
827.48
834.76
823.60
844.41
951.72
1126.98
1373.91
1218.42
993.17
979.36
849.60
933.07
909.11
780.28
380.67
387.01
250.59
335.10
227.70
260.26
163.08
130.02
109.83
172.37
183.91
215.24
264.97
378.09
673.93
834.48
916.60
993.44
1115.57
1121.49
1012.41
856.41
788.14
816.08
842.73
904.83
980.29
1132.55
1305.21
1403.16
1419.45
1465.05
1538.56
1580.29
1600.42
1587.25
1618.94
1701.93
1748.43
1684.29
1601.09
1461.82
1338.18
1214.74
1087.03
907.73
742.79
669.30
623.21
577.35
523.59
491.38
426.54
408.84
453.90
532.77
608.13
702.21
813.66
857.92
880.39
925.31
959.99
1003.51
1005.14
1311.90
1381.74
1339.59
1205.89
981.90
810.54
666.59
523.23
429.39
363.93
371.99
414.82
454.24
503.01
516.68
445.16
538.75
679.02
922.69
1106.34
1344.58
1544.55
1592.17
1704.64
1699.87
1591.93
1338.98
1073.24
834.19
714.43
574.32
572.62
675.01
695.50
666.64
879.88
1136.59
1222.01
1326.54
1369.65
1332.92
1246.54
1116.21
958.02
827.15
731.69
788.63
802.25
972.38
1141.64
1277.85
1114.42
905.30
793.16
831.97
909.97
967.86
1045.91
1282.89
1503.44
1811.33
2013.29
2164.79
2266.90
2584.57
2850.06
2446.20
2482.63
2533.43
2469.60
2807.82
2423.22
2267.26
2195.09
2163.45
2618.96
2603.42
2701.54
2666.40
2476.53
2434.92
2516.30
2427.66
2321.40
2213.92
2263.65
2166.37
2581.56
2500.67
2451.54
2397.22
2379.85
2161.17
2004.15
1578.93
1762.52
1807.24
1575.91
1872.75
1833.82
1568.62
1319.04
1157.25
1030.60
960.75
866.28
790.40
694.81
541.20
448.03
333.10
284.28
343.84
294.28
222.09
179.67
185.20
167.62
161.33
155.39
158.31
157.51
181.57
202.03
170.03
143.14
139.52
132.34
124.79
117.14
98.65
86.13
100.07
113.19
102.16
50.16
12.34
23.02
38.26
81.27
131.96
171.68
219.76
281.45
336.28
376.26
394.60
331.45
265.67
294.74
316.23
343.61
320.56
283.42
257.69
244.41
227.81
247.87
302.23
278.58
185.41
177.07
202.72
212.03
234.10
286.25
324.15
313.92
353.56
372.03
318.44
293.48
204.25
162.70
156.87
184.93
198.14
204.16
212.55
184.95
155.78
112.84
73.15
36.37
34.96
53.30
83.01
120.02
171.16
256.44
245.26
231.24
212.44
248.96
248.76
233.60
223.95
216.76
257.86
270.32
319.46
416.96
550.32
594.34
751.64
930.47
951.00
1025.88
942.66
1617.31
1791.61
1894.57
1870.17
1748.10
1672.71
1683.65
1531.78
1618.42
1656.36
1590.76
1197.75
941.79
796.93
625.22
588.77
575.55
508.61
383.75
305.82
303.24
412.70
445.67
478.42
812.38
758.28
733.83
891.74
1394.20
1635.58
1298.02
1302.62
1643.18
2033.84
1870.40
1602.34
1322.79
1180.61
1070.95
1031.12
1050.10
1013.75
1050.79
1103.78
1175.95
1049.36
1322.13
1363.15
1443.58
1672.41
1771.60
1868.99
1683.18
1989.31
1912.49
1850.16
1651.96
1337.87
1011.81
695.19
515.75
431.61
322.29
261.62
212.89
150.48
112.66
123.72
212.10
326.32
332.84
273.71
472.93
751.69
663.42
588.56
605.66
640.35
601.56
494.39
576.05
642.45
713.54
604.52
465.31
420.96
446.63
420.84
448.43
527.13
572.37
570.17
575.13
525.74
405.82
445.80
540.58
484.24
453.80
537.40
723.46
924.86
1078.86
1295.23
1562.61
1680.79
1579.52
1652.70
1652.10
1641.71
1684.63
1676.41
1703.67
1725.49
1657.67
1596.32
1533.29
1453.04
1517.89
1926.26
2393.07
2428.06
2573.65
2364.77
2544.81
2570.45
2650.28
2239.27
1824.99
1971.83
1758.63
1225.68
878.60
787.17
714.22
631.85
553.55
491.59
446.83
368.63
361.36
379.94
359.97
417.60
559.14
573.13
619.70
569.94
703.10
745.24
770.80
732.03
598.20
455.83
322.07
224.39
204.19
174.89
190.20
204.96
202.57
194.77
172.61
158.85
137.12
113.49
81.80
78.25
140.36
191.64
230.58
293.57
424.36
551.27
602.22
613.36
563.54
517.67
430.44
264.19
172.51
159.53
149.17
134.68
144.60
156.77
145.40
158.11
172.30
145.46
104.76
88.50
94.67
125.46
160.16
170.80
182.57
202.44
189.94
211.40
174.55
124.08
96.57
91.32
84.61
83.50
71.93
69.35
62.14
60.49
58.20
79.21
112.01
138.52
113.71
117.62
118.76
104.13
92.93
85.50
104.01
136.67
175.63
180.36
161.31
117.50
92.95
78.85
103.95
109.80
109.55
89.46
79.05
51.01
37.38
34.90
37.52
38.11
23.98
17.01
20.04
28.00
31.32
54.35
86.00
114.02
111.52
99.54
92.93
94.91
61.74
47.53
52.10
53.35
55.04
50.51
61.49
57.97
50.69
59.38
57.79
50.26
40.47
14.98
12.38
19.59
29.02
47.25
68.13
102.44
111.87
122.15
150.79
167.12
150.60
165.23
210.12
211.73
221.07
234.47
241.53
215.71
180.05
143.62
115.66
81.09
51.47
18.36
9.44
12.65
28.52
55.17
71.91
91.99
106.48
114.49
125.27
142.88
123.95
128.02
165.03
183.65
179.16
215.17
235.21
220.78
236.09
258.35
283.83
280.86
247.30
217.76
216.69
302.70
398.10
465.30
535.51
595.58
660.89
683.21
652.28
604.06
568.09
602.76
804.50
990.60
881.79
920.48
878.73
793.91
735.62
746.87
768.67
642.11
447.37
292.69
298.09
398.13
518.22
654.80
730.23
841.87
875.23
777.23
585.88
467.93
363.42
375.21
375.22
373.83
414.69
429.29
430.74
352.43
334.31
320.00
237.85
261.98
265.55
194.69
171.25
165.82
176.00
268.60
478.35
663.92
816.55
913.67
726.21
576.98
343.32
269.59
279.06
241.57
218.40
231.98
229.69
206.83
183.34
189.00
166.96
107.62
73.35
57.75
102.12
133.12
150.75
157.65
158.60
195.98
266.98
341.80
373.62
372.49
367.75
364.44
334.90
317.60
263.85
292.25
255.92
274.63
359.24
403.55
347.12
320.06
303.47
192.10
141.87
133.98
120.90
163.67
153.68
150.10
156.67
171.50
195.66
194.63
153.55
118.89
120.06
133.81
123.43
109.89
107.16
91.01
71.28
72.81
60.08
54.20
53.00
30.15
14.87
16.08
25.09
34.33
52.57
67.39
56.65
68.11
96.46
91.99
98.06
114.65
131.95
150.40
171.45
230.28
270.76
237.45
229.06
271.91
337.27
272.81
209.38
168.04
222.98
286.53
354.25
422.14
473.91
560.58
629.07
643.59
611.90
499.62
331.86
195.01
274.16
418.27
481.08
475.12
477.18
503.30
587.82
688.01
735.29
828.77
749.26
728.97
945.44
1125.06
1183.06
1385.89
1612.41
1518.66
1545.37
1622.38
1476.40
1247.72
811.05
475.07
346.59
280.41
256.84
191.49
124.17
78.37
50.06
35.79
29.64
31.75
21.11
6.72
5.97
6.98
10.08
23.02
31.99
29.14
35.56
46.52
65.26
98.14
130.31
178.61
285.44
382.64
452.95
504.92
621.31
668.15
681.42
701.53
746.81
828.65
863.88
803.32
849.42
1033.38
1202.19
1322.55
1251.93
1164.29
1100.60
1066.71
1025.75
852.85
661.68
702.82
873.21
997.07
999.78
878.13
885.33
793.33
669.74
662.79
703.76
817.92
815.15
788.84
910.80
1019.25
1182.72
1259.50
1181.25
1067.90
995.45
955.07
850.52
728.08
560.37
541.64
643.02
707.24
749.53
669.80
606.22
662.39
664.89
622.17
601.30
586.24
537.55
481.22
556.23
770.09
1037.89
1066.14
1088.23
1252.50
1438.70
1483.91
1313.54
1066.66
912.45
856.82
904.60
923.97
925.00
847.98
805.19
712.73
586.84
493.99
463.35
454.77
410.14
371.47
373.54
347.92
292.83
285.68
309.19
411.84
394.26
334.48
246.00
162.51
240.47
260.99
254.53
284.52
314.79
315.80
312.65
334.24
365.03
394.83
439.62
491.84
483.65
427.83
436.63
421.47
384.79
327.18
349.64
443.32
508.65
548.62
554.27
555.94
469.20
332.33
305.52
330.44
354.64
360.74
393.15
414.00
399.76
388.80
402.83
453.72
446.93
410.75
425.62
436.37
448.83
441.13
498.56
680.03
812.17
838.66
856.06
862.18
758.11
734.07
739.66
883.63
949.38
976.97
921.95
968.99
782.69
1085.41
1097.53
1071.35
1008.46
983.75
1116.22
1188.10
1236.45
1381.23
1371.91
1377.77
1283.55
1074.81
867.68
669.30
467.18
418.09
416.94
419.17
403.01
385.22
432.42
481.34
460.73
433.12
399.01
390.85
330.20
226.10
199.61
293.46
315.46
294.04
285.74
268.43
280.23
312.83
366.06
402.71
371.73
416.67
494.15
490.35
473.22
438.78
387.30
361.82
343.00
398.30
478.04
497.01
460.59
320.98
395.38
559.50
527.07
444.84
381.16
346.36
350.77
368.54
382.77
372.60
304.67
303.07
356.44
315.78
253.55
228.96
212.04
172.62
164.81
206.47
238.14
255.11
225.25
143.61
64.20
77.81
84.71
78.68
76.95
76.57
88.96
107.23
126.11
117.73
105.82
131.12
138.13
114.23
100.62
70.26
54.67
48.97
45.00
34.15
26.25
25.74
29.83
24.44
15.36
43.67
94.51
160.23
275.28
397.53
530.30
673.31
776.43
835.12
751.30
753.51
857.84
978.02
1084.36
1061.62
1009.50
983.68
966.53
910.31
857.91
865.84
819.72
660.29
705.01
888.85
1070.80
1305.06
1481.28
1531.66
1519.99
1475.56
1499.48
1422.99
1104.97
1033.60
1128.54
1192.88
1176.10
1152.64
1104.64
1107.63
1058.61
1045.08
1083.60
1118.46
1031.17
976.05
1124.81
1230.14
1290.43
1408.20
1451.13
1418.01
1449.92
1407.05
1338.56
1173.46
954.78
955.38
1063.55
1127.90
1107.92
1099.79
1090.15
1165.96
1292.64
1356.52
1434.68
1468.59
1392.61
1351.08
1456.12
1543.25
1672.07
1908.33
2252.17
2358.06
2255.00
2192.36
2054.05
1753.29
1463.05
1394.57
1406.70
1492.84
1541.38
1418.47
1359.00
1240.81
1116.75
1208.49
1192.48
1044.91
1047.60
1280.14
2093.88
2422.30
2444.90
2362.71
2334.78
2294.28
2191.43
2051.80
1988.55
1762.48
1496.57
1402.74
1378.83
1334.89
1367.95
1400.73
1344.07
1286.72
1278.70
1242.30
1227.28
1229.62
1265.63
1272.24
1355.84
1520.07
1711.13
1891.84
2019.48
1979.19
1865.49
1783.35
1576.90
1479.16
1480.89
1522.82
1563.28
1528.90
1480.06
1531.48
1566.97
1599.87
1689.72
1829.48
1901.17
1888.03
2023.48
2383.36
2773.05
2999.40
3161.96
3228.84
3291.98
3492.75
3455.04
3298.67
3082.52
2792.65
2597.86
2565.22
2643.71
2876.91
2704.61
2407.50
2238.99
2093.62
1879.62
1661.04
1451.17
1358.75
1288.42
1174.64
1131.95
994.99
858.02
662.82
486.95
410.53
358.47
330.25
299.30
316.20
301.92
340.32
388.21
419.29
397.34
376.15
286.35
259.77
289.10
316.00
288.77
250.57
259.89
223.01
213.44
243.42
255.53
267.81
282.76
294.35
281.04
265.07
289.08
284.55
276.13
280.61
265.50
223.77
194.83
164.22
156.75
152.55
168.11
190.01
196.32
179.86
161.84
144.03
111.82
143.92
154.23
135.47
126.91
136.03
117.11
116.14
129.49
127.46
81.41
66.76
55.04
34.46
25.66
19.39
15.63
22.40
38.58
96.00
185.97
296.32
373.65
403.93
355.75
371.42
542.88
798.79
1099.92
1202.96
1261.41
1265.30
1333.48
1376.19
1550.69
1845.79
2169.01
2413.24
2104.42
1530.27
1327.29
1262.59
1599.90
1709.38
1700.84
1685.02
1707.05
1646.28
1935.04
2458.08
2841.13
3098.88
3231.23
3338.27
3418.87
3331.49
3242.29
3121.32
3122.81
3141.77
3218.37
3203.86
3139.91
2911.85
2763.67
2536.18
2371.13
2201.45
2003.27
1791.78
1625.25
1638.79
1677.14
1771.31
1864.45
1968.18
1933.53
1888.97
1897.17
1808.84
1655.01
1568.31
1426.20
1424.56
1491.95
1492.54
1506.15
1582.80
1693.22
1749.22
1768.93
1921.31
2011.66
2068.74
2084.63
2270.73
2737.48
2999.26
3089.22
3148.59
3242.21
3320.81
3397.25
3441.72
3218.27
2832.26
2656.10
2906.64
2893.62
2841.31
2859.30
2869.37
2762.24
2693.46
2497.13
2201.20
2077.27
1865.81
1655.69
1449.46
1220.21
1141.95
1132.05
1091.59
1141.53
1221.87
1250.68
1119.43
965.50
718.65
676.65
832.52
1036.78
1178.64
1171.28
1101.58
1061.75
1010.80
942.76
872.96
809.50
742.38
700.17
605.40
563.55
596.49
677.63
895.31
1080.80
1175.86
1238.42
1372.96
1405.16
1316.84
1329.51
1400.98
1464.71
1545.51
1597.68
1576.86
1625.52
1688.13
1739.74
1792.80
1847.58
1659.07
1487.53
1332.24
1298.11
1371.92
1153.99
870.46
872.81
904.29
991.15
992.38
873.31
641.49
701.21
903.61
943.30
885.81
852.55
860.95
828.22
842.15
802.90
836.52
787.30
745.28
664.95
488.04
417.11
526.10
559.59
578.30
666.48
812.90
914.35
976.46
947.01
687.99
499.79
525.82
545.64
521.97
448.80
427.75
409.42
404.03
382.87
367.02
349.57
403.94
394.99
349.86
244.04
267.20
268.04
249.00
227.39
211.78
196.31
195.30
187.34
152.11
162.78
166.52
131.53
95.90
70.59
57.87
44.55
44.22
61.13
99.05
119.10
130.47
113.45
75.69
34.01
27.29
48.68
105.92
206.74
227.19
202.44
196.31
144.80
102.00
74.12
70.42
62.73
72.65
87.97
117.80
162.90
207.48
240.44
271.48
288.11
305.21
331.57
328.08
273.80
273.20
340.81
406.32
420.08
412.34
363.94
321.09
311.87
308.10
368.29
443.00
553.10
602.34
622.08
628.90
682.64
759.88
821.06
808.66
791.46
773.59
737.68
657.35
488.52
378.25
387.59
429.64
490.46
496.59
464.87
434.64
405.61
406.74
422.98
419.78
380.63
372.27
331.29
242.64
215.95
185.93
168.56
148.96
132.75
132.83
147.94
136.12
85.59
84.09
86.69
71.23
67.39
74.84
89.89
90.98
84.52
97.49
127.13
164.26
194.31
179.58
156.19
123.71
100.78
81.60
72.78
43.73
44.69
43.28
32.50
22.11
14.46
9.22
21.18
60.13
147.00
211.36
261.12
349.36
396.67
391.96
323.31
363.56
483.44
557.42
658.07
758.15
746.19
698.63
793.58
851.10
1316.80
1574.06
1741.43
1710.70
2138.10
2259.33
2461.98
2557.60
2458.62
2692.23
2833.79
2784.50
2518.34
2214.67
1781.04
1470.72
1248.98
1037.48
830.04
624.47
491.80
381.05
287.58
255.49
227.57
227.42
264.43
271.41
258.18
262.58
278.51
321.18
328.77
304.72
301.77
357.60
355.00
329.23
301.98
288.15
229.06
197.25
211.69
190.62
201.67
215.58
234.30
229.07
228.54
260.47
307.71
309.71
277.54
306.59
414.45
411.18
375.06
354.30
368.30
267.26
241.00
238.57
277.70
383.49
592.79
784.67
988.58
1120.49
1182.99
1201.93
1237.62
1349.98
1454.48
1503.01
1538.32
1592.96
1725.04
1968.41
2077.44
2095.28
2039.76
1977.04
1885.25
1813.31
1620.68
1427.62
1364.62
1311.26
1179.74
1024.19
868.68
740.39
678.60
562.95
450.94
369.12
312.70
301.59
361.12
330.63
282.30
285.19
336.48
403.71
491.88
687.65
770.91
822.09
852.91
841.96
985.25
1279.88
1594.60
1921.35
2030.28
2419.17
2557.63
2610.59
2626.58
2553.21
2493.20
2487.06
2471.83
2550.74
2454.52
2098.30
1685.63
1244.22
901.33
719.77
761.04
793.13
884.23
944.08
1108.39
1216.64
1291.04
1398.99
1386.99
1365.01
1310.63
1273.89
1278.75
1303.69
1312.63
1337.26
1345.10
1303.27
1350.73
1681.07
1945.62
2222.07
2536.84
2684.82
2711.39
2513.18
2292.97
1984.31
1882.27
1910.77
1955.45
2065.87
2133.10
2134.92
2080.32
2040.05
1925.89
1866.67
1788.18
1659.42
1558.60
1476.63
1525.34
1773.09
2061.97
2085.55
2031.94
1966.94
1849.90
1697.28
1311.44
977.92
870.89
786.93
712.91
596.38
508.85
429.23
364.71
380.85
401.34
361.19
325.32
348.65
448.49
514.20
554.47
651.82
1017.93
1512.77
1824.51
1866.47
1864.03
1882.80
1751.97
1728.92
1910.48
2166.47
1859.59
1752.90
1709.60
1468.35
1792.46
1892.17
1622.39
1617.28
1609.85
1976.29
2208.82
2406.95
2692.93
2970.86
3139.07
3195.09
3243.24
3332.41
3414.17
3530.88
3598.22
3589.57
3611.13
3642.88
3370.79
2845.66
2622.07
2782.21
2137.15
2274.22
2499.93
2775.26
3102.83
3199.93
3085.71
3148.05
3370.78
3610.18
3751.27
3822.27
3834.67
3674.48
3796.30
3620.62
3168.69
3006.48
3386.66
2985.83
2814.41
2948.65
2776.16
2661.86
2246.27
2157.22
2153.38
2237.62
2477.93
2797.01
3001.74
3047.65
2961.00
3104.44
3304.65
3463.65
3529.08
3498.14
3596.15
3470.15
3342.28
3224.40
3179.94
3090.12
2826.26
2479.39
2107.42
1739.14
1554.83
1352.54
1201.21
1144.09
1127.73
1003.81
1190.89
1133.58
867.63
860.71
1049.20
1414.90
1725.15
1886.19
2129.37
2208.25
1922.02
1843.69
1767.90
1611.30
1478.77
1309.21
1211.95
1071.01
968.40
868.85
748.59
613.64
522.50
459.00
427.81
466.33
461.62
439.75
635.38
933.95
1072.87
1094.37
1176.43
1003.39
833.44
759.47
951.10
1178.21
1288.10
1321.99
1317.02
1336.49
1283.83
1145.25
1271.77
1290.62
1560.36
1626.13
1657.90
1524.12
1430.08
1409.60
1431.91
1496.48
1491.78
1371.31
1141.65
1028.15
869.69
1086.34
1353.85
1587.14
1820.91
1803.78
1929.44
1619.67
2014.81
2107.47
2073.60
1991.30
1883.80
1909.37
1824.97
1611.22
1606.27
1780.12
2159.69
2299.11
2284.62
2018.83
1885.05
1548.53
1179.18
849.92
770.84
705.88
614.40
518.44
439.78
426.29
477.16
509.30
507.87
504.56
420.83
390.77
398.87
416.66
365.62
305.60
380.37
511.95
706.94
867.87
884.18
755.56
661.01
680.54
814.94
965.42
1083.81
1066.89
1088.12
1049.60
967.52
923.43
879.00
803.29
742.18
711.02
655.59
623.93
563.55
489.70
446.21
443.34
405.04
350.68
349.31
279.93
289.97
306.66
302.97
276.87
273.07
269.03
213.43
135.79
99.42
103.59
138.34
134.39
132.38
147.53
188.30
220.80
204.21
179.55
196.97
345.89
520.44
519.17
458.10
374.28
358.81
484.29
615.42
761.77
781.89
817.07
865.59
869.86
778.66
679.83
623.34
569.37
418.17
269.07
189.13
186.80
183.03
164.32
199.48
335.28
571.81
913.43
1261.04
1459.21
1740.00
2164.03
2465.62
2488.40
2060.50
1634.45
1384.54
1085.91
938.35
941.68
1116.16
1254.66
1204.19
1686.08
2097.68
2406.63
2761.09
3151.58
3550.93
3608.36
3739.36
3818.77
3824.75
3501.47
2724.33
3093.85
2774.31
2256.20
1879.05
1572.91
1278.24
990.20
673.67
404.05
296.11
363.13
491.60
770.40
1003.73
1145.29
1310.95
1436.36
1560.83
1620.92
1845.66
1891.83
1642.14
1507.81
1609.95
1743.62
1822.45
1786.19
1711.21
1579.39
1464.49
1386.40
1491.64
1680.74
1755.54
1810.64
1781.24
1825.74
1827.63
1814.82
1770.73
1805.63
1987.31
1812.29
2268.38
2064.71
1944.93
2122.89
1876.70
1458.84
1145.56
1021.86
940.47
806.12
678.62
617.94
503.63
406.26
342.60
307.13
302.74
224.38
153.46
125.96
116.71
109.74
119.77
102.33
88.95
75.25
64.18
51.37
40.26
67.81
115.72
210.36
312.33
461.83
555.24
634.65
728.83
832.41
801.52
708.35
721.92
814.88
824.71
892.39
835.20
729.25
909.94
1285.85
1706.12
1953.80
1888.46
2022.48
2101.01
2328.26
2257.25
2145.41
1895.50
1625.35
1444.04
1194.44
948.17
770.76
660.41
520.51
494.29
438.78
400.23
320.82
288.20
249.30
230.37
226.61
261.50
301.69
326.59
357.88
398.27
395.33
380.71
366.03
268.91
240.07
246.38
187.98
139.53
110.61
106.36
110.27
111.13
92.87
97.18
116.24
86.80
56.56
56.73
76.06
94.23
146.91
199.99
229.30
229.18
305.89
390.59
413.23
520.82
630.04
738.08
713.80
619.05
613.38
680.93
603.40
495.25
484.55
411.73
325.90
250.75
212.53
164.74
133.94
143.12
123.71
77.00
97.76
293.16
549.47
718.50
962.83
1175.14
1427.04
1434.52
1380.91
1538.86
1553.09
1628.28
1627.06
1502.17
1217.93
1080.06
1069.20
1098.25
1148.02
1302.70
1478.33
1608.83
1816.99
2080.16
2244.93
2281.98
2272.68
2474.52
2500.19
2224.24
2143.81
2343.71
2593.01
2479.67
2088.69
1900.29
1703.51
1692.58
1722.19
1640.03
1626.28
1512.29
1655.38
1800.21
1838.60
1913.48
1929.30
1822.95
1548.20
1351.08
1148.59
1021.55
932.17
879.50
777.52
703.45
645.00
569.90
479.34
432.60
340.02
265.38
249.14
239.41
253.49
235.89
217.96
227.82
296.00
332.61
338.60
356.92
448.01
651.98
902.51
1172.59
1282.17
1312.29
1336.15
1283.00
1274.00
1212.50
1117.39
1061.83
1075.56
1040.66
991.93
960.81
916.22
864.11
747.88
641.37
652.37
621.76
554.48
492.72
467.31
585.13
825.23
986.92
1072.09
869.26
834.24
1165.65
1300.98
1441.34
1396.99
1328.78
1161.75
988.08
873.01
726.96
576.46
473.64
366.46
259.76
215.16
196.25
214.17
281.75
381.59
585.67
895.38
945.97
891.48
1135.00
1666.59
1559.47
1658.35
1719.03
1686.93
1925.31
1676.62
1355.72
1189.97
1203.88
1192.65
1218.61
1214.77
1299.79
1393.48
1351.25
1169.22
876.45
637.86
491.43
466.53
419.97
340.59
252.88
206.71
166.96
138.40
192.94
284.65
361.44
500.69
608.62
649.40
656.91
613.95
522.75
414.27
349.07
345.22
354.12
317.35
266.93
200.40
170.69
157.17
150.99
203.89
275.14
364.89
280.67
244.76
249.75
290.84
354.96
400.67
392.32
350.61
352.04
368.97
383.95
313.83
268.50
295.28
341.42
370.28
282.26
195.65
210.59
237.70
285.33
306.79
352.21
431.46
501.49
646.19
910.89
1289.55
1672.15
2033.13
2264.13
2250.83
2591.91
2638.57
2650.40
2499.71
2456.42
2564.52
2807.25
2925.39
2964.37
2634.68
2477.18
2328.38
2282.26
2428.44
2590.01
2829.71
2872.77
2756.70
2306.67
2657.92
2494.14
2281.79
2124.10
1939.68
1931.27
1954.92
2085.43
1918.63
1904.85
2009.98
2171.65
2435.30
2388.67
1624.09
1840.51
1780.36
1635.87
1263.65
1162.30
1400.99
1449.44
1534.14
1500.00
2034.00
2088.75
2242.39
2453.64
2488.92
2604.03
2517.82
2148.83
2061.87
2138.09
1899.34
1796.53
1807.91
1673.27
1575.72
1489.95
1777.72
1622.85
1591.18
1657.84
1645.34
1523.08
1462.95
1335.82
1344.84
1437.96
1307.33
1365.79
1204.66
1405.07
1659.62
1892.50
2049.55
2009.65
2216.88
2402.28
2413.48
2721.34
2798.04
2819.57
2853.88
2713.70
2568.81
2516.41
2383.66
2131.43
2020.21
1908.23
1843.37
1752.30
1308.98
1169.89
1182.96
1136.22
1151.41
1076.14
1006.35
1045.45
1146.21
1230.13
1142.15
1044.78
913.39
985.77
1066.91
1182.02
1139.22
893.92
1004.11
1085.10
1122.74
1602.38
1701.11
2041.59
2181.83
2023.84
1998.47
1972.42
1698.99
1132.57
1062.05
1220.48
925.41
1171.05
1016.64
1186.07
1288.95
1494.33
1880.50
1975.52
1715.89
2288.71
2598.69
2510.11
2875.90
2757.24
2693.72
2996.94
3280.42
3326.11
2757.41
2258.38
2380.31
2088.13
2220.60
2287.66
2338.01
2229.09
2131.80
1983.00
1705.91
1492.60
1461.91
1345.28
1307.18
1100.71
1143.13
1287.05
1393.40
1401.13
1269.39
1363.90
1462.07
1385.89
1641.18
1615.54
1617.02
1606.11
1519.99
1713.85
1809.44
1973.35
2188.84
2245.05
2249.81
2298.26
2269.32
2301.21
1987.35
1896.80
1717.27
1758.98
1708.82
1649.45
2069.77
1818.40
1817.56
1687.59
1595.25
1848.15
2331.39
1822.50
1724.62
1781.27
1976.32
1915.90
1734.76
1552.45
1291.11
1091.73
911.74
925.14
1010.83
937.60
778.84
828.64
1022.38
759.82
892.59
888.05
769.77
804.37
934.12
950.36
1377.54
1271.60
1311.19
1608.45
1710.60
1952.00
2047.33
2208.00
2203.04
2281.48
2364.44
2402.81
2390.26
2492.84
2605.17
2497.24
2449.56
2412.53
2273.43
2287.78
2257.50
2262.05
2258.14
2288.66
2590.11
2507.16
3248.14
3026.08
2675.12
2906.55
3272.22
3267.30
3263.04
3092.47
3242.14
3196.11
2863.08
2705.67
2720.15
2437.44
2596.45
2370.21
2150.09
2183.64
2279.87
2011.32
1682.47
1340.04
1023.94
795.87
650.54
605.70
567.49
489.27
425.22
341.88
271.78
205.30
171.00
145.27
171.94
195.22
182.54
154.82
154.82
156.26
151.36
141.92
128.88
100.39
109.05
107.34
96.49
125.19
135.97
144.11
191.86
211.58
254.60
327.46
415.89
514.00
565.17
637.42
678.28
759.09
859.28
964.42
1044.41
927.59
942.71
826.91
1040.07
843.68
1143.68
1410.74
1636.51
1824.03
1962.44
1893.43
1936.44
1868.55
1701.36
1574.89
1623.77
1641.45
1701.99
1536.71
1333.32
1304.40
1117.91
1055.92
996.72
942.45
1005.75
1086.86
1160.80
1229.69
1285.66
1281.81
1343.72
1361.90
1310.97
1284.71
1395.13
1656.63
1908.10
2089.85
2211.65
2461.06
2555.64
2837.53
3093.24
3201.01
2757.75
2751.76
2783.29
2844.44
2938.24
3033.48
2914.64
2967.24
2888.32
3497.18
3859.94
3500.64
3778.94
3803.86
3780.92
3729.89
3680.99
3608.59
3573.92
3641.79
3657.22
3714.93
3759.85
3777.31
3738.06
3803.61
3204.10
3095.23
3270.49
3522.31
3603.32
3740.23
3762.26
3376.28
3869.56
3807.54
3776.58
3811.93
3845.31
3862.82
3850.64
3835.13
3947.48
3966.96
3965.22
3944.46
3916.78
3865.88
3864.17
3791.10
3708.07
3553.17
3179.68
2994.13
2834.90
2949.72
2684.62
2512.17
2797.75
2790.12
2825.15
2909.51
2929.26
2639.01
2653.35
2535.91
2405.93
2273.20
2257.26
2317.81
2198.56
2056.55
1781.41
1450.50
1255.30
1120.59
1157.65
1259.73
1364.49
1229.40
1149.57
1206.76
1268.48
1377.13
1275.80
1178.68
1213.04
1308.37
1242.27
1140.75
1106.68
1075.91
1108.35
1111.71
1052.99
1070.35
963.38
977.72
1014.71
1008.86
1033.18
1107.76
1103.68
1071.41
1087.86
1024.34
975.53
825.82
702.61
500.27
427.58
347.02
253.70
175.48
135.94
149.36
176.87
195.89
167.64
118.28
121.34
154.45
183.16
247.23
308.51
356.06
432.44
436.80
365.94
274.09
235.45
191.22
214.09
207.25
202.88
175.30
188.84
163.77
167.74
159.65
253.03
313.87
356.40
388.70
390.55
405.93
503.15
481.76
527.94
632.24
826.31
1030.62
1306.76
1540.56
1671.34
1810.78
2037.68
2162.00
2318.18
2443.54
2479.93
2437.40
2430.56
2374.39
2249.84
2083.89
1905.14
1822.91
1794.75
1796.07
1769.34
1705.60
1603.03
1531.16
1501.83
1516.85
1464.18
1535.15
1652.57
1754.97
1801.88
1771.72
1677.20
1649.47
1602.47
1625.06
1659.50
1728.61
1790.07
1864.68
1938.43
1957.29
1954.94
1866.18
1853.67
1901.53
1578.81
1720.91
1670.64
1530.20
1412.58
1311.79
1147.43
975.40
877.85
788.25
704.26
628.52
632.39
635.70
623.22
652.26
695.03
709.18
696.52
664.43
667.96
723.86
818.04
888.47
871.97
1070.24
1178.41
1193.10
1641.03
1808.25
1871.32
1927.31
1850.51
1746.11
1608.74
1497.51
1346.48
1197.03
1135.90
1105.65
1090.04
927.52
783.60
686.76
552.44
431.07
357.41
306.33
263.97
232.81
257.53
245.89
264.09
307.61
325.23
336.52
310.05
300.31
229.44
179.16
166.98
216.00
258.66
292.20
369.18
394.72
451.70
502.70
563.82
635.09
755.10
724.96
685.29
774.68
877.09
1026.06
1219.98
1293.53
1344.08
1361.94
1409.27
1520.83
1551.08
1503.18
1383.29
1200.58
1191.03
1264.64
1316.62
1258.46
1181.63
1195.09
1129.42
1128.01
1210.75
1415.80
1316.03
1335.30
1836.82
2039.63
2367.31
2300.64
2577.05
2337.87
2478.72
2807.50
2807.46
2588.41
2543.02
2439.28
2446.32
2371.98
2359.33
2272.41
2197.91
2082.88
1887.75
1733.69
1636.15
1595.45
1499.28
1368.92
1280.51
1208.36
1089.59
1012.22
943.89
851.43
712.88
705.78
625.70
597.00
568.21
538.85
549.44
571.95
485.97
460.81
464.37
445.00
423.59
360.76
396.79
398.07
385.26
388.27
376.99
392.24
409.32
441.64
436.33
442.45
397.22
349.23
299.23
294.43
300.81
291.35
326.57
403.41
464.65
470.30
479.75
505.87
531.60
496.81
455.81
421.62
409.38
407.98
449.95
491.47
486.71
509.64
544.08
529.74
448.88
354.38
296.27
314.37
295.93
276.57
308.93
375.16
443.59
484.75
504.23
503.19
499.20
488.65
496.08
522.25
526.17
578.79
631.07
658.08
689.31
679.37
677.27
689.77
726.31
751.09
724.13
793.50
799.41
816.65
947.05
1093.22
1029.97
978.85
992.00
1186.91
969.68
1124.23
1087.96
1173.23
1160.42
1196.13
1237.07
1145.03
1095.18
1226.51
1216.87
1190.60
1174.93
1257.34
1272.13
1255.81
1265.02
1212.53
1224.37
1232.52
1341.64
1449.15
1490.35
1506.53
1421.88
1532.91
1595.24
1567.60
1520.89
1567.68
1587.50
1538.23
1470.94
1465.80
1496.15
1488.17
1442.44
1428.99
1448.76
1463.55
1476.99
1552.53
1666.52
1703.17
1626.03
1573.06
1584.52
1587.66
1567.71
1547.75
1660.02
1716.67
1728.24
1742.81
1740.42
1695.45
1352.76
1288.05
1425.80
1180.22
1277.81
1206.75
1177.88
1110.64
1041.38
994.57
940.83
837.87
716.52
612.65
528.06
449.34
389.61
351.52
319.54
272.80
240.24
200.51
170.79
167.50
178.48
160.76
141.31
128.74
128.76
117.34
102.92
89.76
102.36
107.83
101.40
119.44
125.46
90.70
74.77
62.69
43.40
57.04
83.59
83.09
145.45
311.71
560.80
795.89
1025.61
1209.39
1262.42
1306.96
1151.33
984.49
833.76
674.28
607.43
569.40
485.23
336.21
225.99
171.70
161.18
184.22
206.01
207.77
186.25
179.42
188.38
231.71
294.25
324.92
392.16
462.31
520.37
574.66
598.58
598.85
575.14
600.21
730.04
972.10
1310.64
1625.62
1782.09
1603.66
1281.50
1120.29
1010.24
884.15
733.46
673.24
530.60
434.91
430.86
425.35
392.05
373.52
395.22
463.00
516.01
452.68
444.97
399.99
325.85
331.12
363.79
393.21
440.39
518.51
593.84
670.31
741.96
746.58
699.20
687.71
700.68
685.83
707.90
632.15
638.50
608.96
590.97
599.17
527.19
449.55
370.57
322.75
288.84
254.08
258.82
280.91
275.89
241.83
229.89
228.45
253.82
260.15
230.25
227.01
221.10
218.54
256.07
285.41
307.93
316.38
356.87
434.61
403.52
442.33
370.15
312.01
292.72
331.94
431.54
507.05
652.78
745.06
768.15
703.53
699.44
628.47
580.01
554.17
598.47
622.84
616.71
551.20
568.23
548.04
565.29
586.36
501.65
433.90
359.07
352.74
341.48
391.33
482.82
536.93
550.14
551.34
494.08
416.12
382.85
346.21
341.12
351.18
347.76
324.92
308.21
283.12
245.97
219.69
186.09
165.13
171.06
182.72
213.54
234.61
281.08
423.87
551.86
756.33
965.26
1128.28
1232.77
1322.86
1392.49
1491.04
1634.91
1575.33
1521.56
1414.38
1342.83
1381.02
1256.88
1199.56
1014.30
787.96
640.28
497.10
425.91
389.96
383.90
344.30
332.51
342.59
370.87
413.43
446.30
402.40
377.00
374.97
338.45
287.44
212.25
148.38
127.52
74.62
57.74
43.12
56.54
61.41
62.97
46.34
49.67
42.33
31.38
30.89
38.09
49.48
68.39
91.95
116.13
121.01
118.58
131.72
131.77
145.63
166.29
162.93
163.37
211.62
239.82
234.97
244.38
276.02
326.80
346.58
339.29
342.48
380.67
464.90
605.97
802.83
983.40
1048.80
1165.63
1294.75
1431.21
1525.69
1493.31
1488.32
1487.05
1462.39
1487.75
1494.74
1661.61
1798.84
1923.82
1980.49
2091.81
2090.44
2104.92
2225.94
2251.32
2266.66
2355.24
2433.34
2505.92
2514.79
2604.21
2803.88
2918.52
2959.90
2911.81
2795.08
2641.82
2588.61
2553.92
2493.90
2352.36
2209.30
2239.01
2158.43
2109.00
1967.78
1840.67
1726.83
1459.49
1291.13
1336.33
1261.84
1266.77
1264.63
1398.52
1631.01
1795.47
1962.76
2095.28
2191.92
2228.26
2213.50
2139.51
2011.26
1950.43
1840.70
1813.22
1921.97
1835.22
1767.05
1859.81
1836.40
1826.37
1818.46
1803.70
1823.76
1919.39
2137.65
2373.94
2496.24
2473.89
2585.11
2658.85
2682.42
2738.44
2704.34
2693.57
2498.86
2212.52
2060.74
2066.93
2162.40
2321.71
2477.59
2673.70
2743.39
2848.43
2911.14
2949.77
2866.73
2460.68
1991.27
1607.35
1510.34
1373.17
1244.64
1050.65
941.04
976.03
966.04
927.03
1003.57
1071.45
1039.87
953.60
964.83
970.39
955.98
1016.57
1173.57
1341.63
1596.37
1837.92
2046.88
2115.09
1864.08
1839.27
1948.31
2032.80
2033.17
1932.11
1773.96
1656.57
1625.62
1663.47
1637.32
1585.18
1503.14
1493.06
1524.96
1513.81
1458.08
1511.42
1630.56
1863.51
2028.50
2105.04
2073.97
2078.15
1921.02
1820.39
1683.93
1543.60
1378.38
1297.27
1162.74
928.26
784.32
765.36
694.69
632.24
548.72
520.95
503.03
518.17
427.61
294.71
170.38
91.76
60.99
50.14
47.96
32.42
58.32
127.95
199.73
283.00
306.27
296.66
291.83
346.22
398.89
369.28
351.56
363.53
372.66
354.28
429.52
466.52
427.42
364.94
349.93
366.87
402.43
450.45
534.58
610.21
670.42
644.03
626.61
628.78
579.14
601.79
659.34
774.59
681.18
709.02
852.24
918.15
1015.00
1239.64
1580.70
1719.56
1687.43
1723.06
1705.60
1557.23
1499.90
1423.72
1340.18
1249.76
1237.04
1150.84
979.13
797.47
720.36
724.77
617.87
558.49
562.51
472.06
522.33
650.74
879.82
930.49
1121.71
1490.10
1818.37
2126.84
2377.42
2523.15
2994.28
3238.29
3338.39
3025.78
2777.68
2550.08
2433.95
2317.59
2304.63
2322.45
2155.53
1890.22
1711.34
1649.05
1704.80
1899.68
2124.93
2231.41
2178.79
2063.44
1955.24
1930.19
1778.60
1749.70
1615.04
1557.45
1430.55
1479.57
1435.37
1278.00
1184.18
1266.02
1341.79
1628.61
2008.45
2230.04
2797.33
2561.12
3199.15
3146.17
3396.28
3258.82
2919.79
2700.50
2632.83
2544.03
2408.96
2168.24
1578.37
1166.68
977.53
866.80
1133.63
1550.77
2093.59
2258.47
2454.92
2548.87
2974.15
3193.17
3270.84
3061.96
3011.18
3112.78
3187.24
3237.86
3353.53
3453.92
3520.08
3584.08
3408.54
3201.50
2991.27
3144.04
3338.43
3403.53
3381.62
3270.25
3145.35
3009.83
2791.51
2790.35
3052.05
3353.09
3460.41
3444.99
3436.58
3405.78
2891.68
2409.56
2170.47
2121.25
2058.43
2317.82
2783.15
2994.18
3081.29
3182.77
3443.06
3697.77
3881.11
3994.15
4031.82
4096.26
4033.96
3779.56
3563.35
2858.99
2959.91
2876.50
2784.05
2693.14
2527.29
2413.27
2227.70
2093.17
1813.86
1547.59
1461.32
1145.71
915.15
848.87
884.03
858.98
826.11
730.98
606.18
506.25
459.98
576.03
897.21
