307.35
318.43
334.90
280.13
295.23
301.85
321.70
369.30
520.93
571.05
625.41
704.53
719.85
722.60
753.09
941.46
1115.25
1088.18
1043.19
906.36
763.06
707.36
618.05
363.40
340.61
322.87
257.54
219.82
252.62
256.71
310.85
364.02
446.26
521.22
492.74
479.95
349.22
364.83
557.66
655.53
709.44
649.81
530.00
402.46
343.27
344.24
244.88
98.16
148.14
147.76
98.46
36.22
26.73
279.24
660.06
914.17
819.28
694.42
674.71
612.54
601.61
602.28
729.15
896.47
1037.91
1001.62
853.86
805.35
644.93
594.51
533.20
588.24
603.58
592.25
587.10
591.13
793.53
968.14
1358.39
1298.66
1315.25
1317.83
1261.98
1241.19
1213.38
1209.73
1242.87
1215.42
1298.36
1269.89
1144.48
1091.90
957.58
840.14
625.57
698.16
384.44
372.17
368.38
372.40
694.59
737.50
752.30
963.60
900.61
1004.43
966.80
981.53
971.86
902.84
910.50
1021.02
1101.42
1040.36
1009.64
891.98
729.54
882.91
734.58
723.82
695.35
727.79
745.62
821.28
944.00
833.59
1441.53
1702.84
1583.68
1603.02
1725.01
1681.12
1556.16
1607.18
1716.61
1829.52
2038.99
2034.01
1694.40
1620.95
1512.34
1274.31
927.59
959.04
867.76
747.92
739.96
756.84
855.41
1042.87
1135.49
1197.46
1204.00
1200.43
1235.32
1238.89
1234.65
1230.11
1376.80
1499.40
1808.50
1842.79
1394.81
1193.96
1174.99
1144.86
1076.87
1138.24
1086.54
1075.83
1084.01
1093.16
1092.49
1090.11
1094.72
1142.92
1160.85
1183.24
1178.92
1181.08
1160.85
1161.67
1181.82
1197.52
1412.48
1269.74
1042.58
770.27
779.87
779.50
669.79
632.46
627.78
596.83
412.52
366.62
376.67
552.58
628.07
723.43
892.35
1003.85
1084.62
1168.82
1150.38
1152.01
1177.97
1386.24
1660.93
1808.87
1559.40
1153.43
1185.48
1102.55
1076.96
1073.17
1027.13
995.29
1014.85
1063.57
1131.26
1723.71
2231.06
2334.97
2343.00
2308.86
2306.41
2231.43
2209.19
2231.13
2209.76
2244.87
2321.35
2311.91
2194.09
1941.57
1660.09
1575.61
1116.38
1129.83
1101.20
1074.05
1072.19
1084.39
1126.78
1334.52
1568.39
1580.14
1574.28
1510.64
1491.05
1448.30
1431.20
1434.02
1505.42
1554.31
1687.58
1667.07
1534.30
1223.13
1176.77
1153.34
1113.47
1098.31
1079.48
1068.92
1066.98
1073.68
1086.40
1274.95
1446.39
1533.83
1503.62
1443.13
1381.18
1215.66
1065.35
992.14
986.48
987.08
1037.00
926.96
787.01
421.61
513.14
360.37
248.47
97.40
84.83
78.65
77.91
80.81
98.45
114.07
156.34
190.72
190.64
190.57
180.22
159.31
135.58
131.56
140.04
146.29
270.11
176.06
147.48
134.39
132.60
111.02
85.50
168.00
148.38
129.18
126.29
98.06
124.10
143.15
333.78
533.03
511.38
559.59
571.79
707.12
730.87
742.52
805.91
994.71
1054.16
1068.07
1082.50
1019.48
1083.55
1080.12
1076.63
1192.02
1077.13
1074.52
1074.82
1077.20
1089.56
1092.38
1095.51
1424.19
1711.50
1559.70
1505.37
1210.10
1172.82
1153.33
1338.76
1643.71
1888.30
1561.48
1143.50
1078.62
1105.41
1072.66
1056.59
989.76
983.51
967.36
965.65
880.48
632.29
584.61
590.92
606.87
604.42
603.46
592.85
571.65
516.53
367.53
360.24
400.62
538.05
439.76
365.14
281.27
144.61
127.99
98.22
111.25
101.13
89.52
75.08
95.47
127.39
132.31
502.88
524.46
536.88
571.71
569.03
532.35
661.30
752.83
979.19
1078.01
1120.80
1115.89
1077.19
1068.34
1029.79
1012.23
844.12
897.34
920.91
917.02
1065.54
1039.35
1081.62
1342.69
1987.91
2138.15
1845.93
1488.96
1344.17
1176.12
1134.82
1112.80
1108.33
1118.15
1124.33
1100.67
1069.86
948.27
918.25
883.34
549.15
579.42
574.77
511.20
422.10
362.28
338.62
190.07
632.59
666.53
515.60
521.25
495.21
320.98
189.40
135.82
174.37
272.83
500.41
270.60
114.83
106.87
101.51
96.82
80.82
75.39
69.06
66.16
66.38
71.67
77.99
95.63
500.78
683.04
639.80
648.36
514.48
500.93
569.70
548.71
696.96
843.20
1003.35
984.30
843.05
739.53
687.73
738.47
571.29
508.59
490.65
491.51
539.76
582.63
692.13
876.28
1063.44
1075.28
1073.71
1072.75
1061.81
1042.87
1084.52
1062.10
1069.84
1084.21
1169.27
1149.92
1059.05
1039.85
984.19
994.16
893.10
919.77
895.36
893.05
906.52
919.70
920.52
893.13
1104.13
1360.22
1510.19
1535.65
1538.15
1445.70
1234.49
1205.27
1241.48
1370.96
1654.59
1653.29
1239.14
1085.00
1084.63
1061.48
1032.08
1009.12
1006.96
1007.19
1006.59
1006.22
1010.61
1010.91
1017.61
1022.97
1057.20
1073.73
1077.97
1079.76
1072.83
1068.89
1071.64
1092.11
1107.82
1095.91
1072.54
1035.84
1020.14
1014.11
1006.44
555.62
610.83
607.48
604.39
608.34
617.18
634.87
891.17
937.50
915.47
960.01
913.88
818.04
780.42
797.21
885.62
986.57
1019.49
1017.91
853.56
684.67
646.14
634.16
614.50
636.37
604.48
609.16
626.27
629.01
830.11
1024.20
1147.77
1268.40
1406.39
1477.25
1339.41
1339.18
1321.84
1318.19
1377.22
1866.43
2604.76
2236.04
1478.66
1137.71
1172.39
1046.31
998.30
605.34
546.38
605.86
532.67
530.58
537.00
558.74
958.77
974.78
962.42
953.86
948.43
930.19
862.15
861.85
892.97
937.11
999.79
982.15
936.44
674.34
460.61
500.60
114.86
116.84
113.94
114.09
116.17
119.59
123.09
137.68
359.83
501.30
500.03
442.80
399.86
363.03
222.97
180.32
185.31
366.52
594.70
400.31
148.69
126.59
120.49
112.75
96.97
102.56
96.53
88.94
88.94
94.37
100.85
365.23
926.55
1060.25
1061.07
1066.95
1090.44
1097.91
1092.03
1090.47
1159.46
1314.93
1771.68
1849.23
1388.84
1019.02
1014.85
971.54
594.65
592.41
540.98
367.37
354.85
158.49
120.49
168.10
358.43
254.05
225.99
210.47
190.06
168.99
359.57
533.29
510.83
545.34
883.82
915.60
753.13
628.68
384.19
660.99
592.66
78.07
34.24
74.88
74.50
75.54
83.87
29.85
74.05
82.54
89.16
82.54
87.68
74.43
74.43
87.01
104.50
402.54
819.28
966.52
992.77
888.04
897.88
896.30
1073.31
909.20
819.96
783.72
744.27
745.24
1007.74
1355.18
1786.25
1826.16
1874.96
1846.39
1785.22
1735.39
1563.07
1486.85
1423.53
1437.69
1791.23
1862.82
1692.03
1470.78
1389.38
1276.49
1134.20
1047.43
1034.34
1008.44
973.61
1023.55
1067.45
1097.00
1737.14
1813.72
1421.23
1340.39
1109.62
1057.62
1023.90
974.13
940.79
924.27
947.86
967.06
905.15
751.85
630.02
629.65
407.36
264.42
88.09
74.77
77.08
149.03
500.79
781.43
1018.70
1117.13
1012.90
1001.44
1009.70
990.28
1032.54
1102.05
1210.58
1252.66
1770.82
1985.76
1924.31
1720.97
1394.27
1254.03
1092.43
1049.57
1040.94
1032.46
1033.13
1049.27
1059.91
1370.44
1483.92
1632.93
1631.16
1586.22
1554.53
1431.82
1412.87
1449.65
1368.40
1405.83
1667.21
1758.40
1226.89
1059.98
1036.55
1018.18
946.55
908.14
881.74
865.07
857.41
854.14
846.47
833.46
956.35
964.75
933.21
931.35
989.38
974.80
896.91
873.70
860.78
885.53
955.45
1085.56
887.24
794.92
788.07
739.45
650.01
568.62
504.87
385.68
312.64
349.64
366.63
480.15
621.49
615.95
442.79
372.06
182.23
130.25
108.51
105.54
104.42
204.60
576.35
500.81
160.39
104.87
100.70
94.52
81.72
77.12
68.71
43.17
1.27
10.27
55.46
69.08
75.26
80.69
92.01
102.35
153.94
468.80
671.65
521.44
521.21
706.64
867.35
930.48
883.58
759.64
672.55
728.61
540.24
149.17
118.43
106.22
75.03
102.72
156.32
453.32
953.32
968.95
947.29
707.16
706.86
524.26
229.49
164.13
595.80
804.52
1107.18
1006.02
999.77
983.25
956.28
908.66
758.13
784.46
621.78
567.32
365.28
310.04
362.65
451.93
900.27
934.59
920.30
893.72
897.44
889.40
885.38
882.18
731.07
874.14
1129.92
1129.25
1008.06
1005.68
1011.86
646.60
627.86
596.97
576.00
625.30
810.66
819.07
837.01
889.26
929.68
946.13
891.42
885.32
869.69
863.88
867.30
866.49
867.68
858.82
931.91
939.06
898.20
893.51
882.86
636.03
827.81
923.32
895.64
900.62
907.62
910.45
894.97
983.84
1189.94
1170.88
985.85
982.87
1022.09
888.86
888.49
887.89
818.52
825.07
1147.44
1147.21
1075.83
986.44
959.42
953.32
936.28
1289.27
1308.32
1254.00
1219.78
1227.66
1274.54
1465.38
1642.09
1626.54
1265.76
1022.01
921.07
925.36
927.00
932.65
932.13
1031.91
1641.12
1810.62
1794.47
1646.63
1583.31
1528.55
1346.26
1420.01
1068.08
891.96
940.03
805.13
807.96
809.89
824.18
829.16
831.92
812.87
789.88
657.88
572.54
647.17
794.12
776.19
878.12
859.07
788.54
739.47
712.65
485.58
381.73
438.57
450.67
433.45
503.43
511.32
507.47
481.12
507.80
514.56
309.43
404.04
375.59
203.57
278.09
320.14
543.15
635.88
860.91
886.20
615.66
512.22
422.28
453.85
334.45
259.13
98.36
96.28
101.69
210.30
467.92
590.74
823.14
847.61
733.46
706.15
713.44
733.01
775.12
789.40
816.46
802.28
873.33
868.87
778.12
613.93
585.89
663.11
539.55
565.76
549.29
550.71
553.19
557.20
564.83
596.08
873.90
884.84
881.71
849.05
771.90
708.96
722.55
766.96
744.09
800.46
869.59
855.30
653.98
570.47
497.47
532.30
453.80
482.16
486.74
512.23
550.78
549.26
587.06
808.36
847.44
866.46
889.99
908.66
904.65
879.86
821.96
776.54
726.17
737.63
824.34
823.22
810.33
701.51
587.59
564.73
400.74
132.25
111.91
111.76
103.95
111.91
245.69
674.14
881.54
797.86
763.03
707.30
576.42
484.09
267.71
317.56
496.44
640.49
802.57
802.39
748.90
574.05
517.83
505.01
343.36
377.75
335.18
395.85
442.16
492.04
549.76
619.16
820.89
845.37
865.82
836.37
828.80
916.40
794.68
656.84
672.71
714.69
846.99
878.46
864.77
845.70
809.24
860.53
687.92
548.37
323.21
123.69
106.95
81.52
67.38
0.74
26.92
70.06
14.43
0.37
0.08
0.08
0.09
0.37
0.60
116.69
743.38
886.60
824.17
741.82
740.65
729.11
653.21
562.73
496.87
498.01
510.28
545.62
631.72
589.56
595.69
656.69
707.12
730.63
707.34
655.72
385.32
320.68
158.00
160.38
469.83
572.26
381.45
148.92
114.48
297.99
108.75
79.82
55.64
42.47
10.64
56.53
106.89
146.91
793.63
818.70
656.69
487.31
581.85
684.51
743.12
780.47
801.95
762.71
854.63
869.95
800.39
645.59
571.74
527.08
465.62
508.21
459.06
462.82
507.18
563.74
696.15
876.74
1381.98
1573.98
1340.99
1071.78
1004.54
901.95
875.25
884.25
932.01
1016.88
1154.58
1209.70
1007.88
808.00
747.90
743.81
632.89
608.45
587.40
612.10
657.18
723.98
756.57
866.15
993.13
1125.63
940.61
814.07
770.03
668.78
668.78
750.62
812.36
843.46
859.15
857.96
829.62
627.57
594.93
561.79
469.33
454.30
359.58
356.77
358.54
519.65
563.88
616.62
743.02
809.20
779.07
812.10
714.23
683.08
655.04
771.05
836.06
845.95
1090.23
1155.76
1002.23
818.73
777.52
817.84
552.38
480.37
519.87
514.52
522.25
536.08
626.85
850.92
971.80
930.19
797.30
731.98
745.89
669.11
722.23
696.93
733.02
889.41
1049.31
1003.92
990.82
950.35
944.77
967.83
988.74
1084.32
1095.99
1172.38
1292.66
1348.31
1663.06
1860.23
1960.54
2050.66
1989.64
1828.75
1585.19
1463.30
1331.81
1317.44
1469.47
1674.94
1934.05
2225.01
2237.66
2068.07
1754.71
1801.96
1578.27
1455.83
1344.58
1298.00
1282.15
1298.45
1317.80
1384.39
1425.24
1409.10
1245.92
1133.93
1077.15
867.10
848.27
831.01
1127.60
1310.73
1710.68
2051.92
2042.55
1642.22
1398.01
1283.72
1113.76
1214.22
1065.77
1065.10
1065.77
1427.33
1309.54
1903.40
2402.69
2298.52
1825.64
1218.98
1083.03
1020.08
1007.51
1050.44
1100.00
1122.76
1519.67
1521.77
1487.00
1245.47
910.11
1066.74
987.12
650.60
651.74
663.99
657.28
534.77
908.80
1467.59
1981.52
2119.92
1618.94
1334.33
1654.28
1636.94
1648.10
1748.70
1943.80
2107.19
2350.28
2699.10
2634.81
2350.28
2128.03
1986.21
1826.46
1867.04
1847.63
1800.26
1733.92
1737.49
1859.31
2168.33
2447.37
2507.02
2217.04
1992.06
1918.44
1828.22
1747.68
1757.35
1856.78
2027.24
2354.33
2862.07
2863.34
2388.02
2145.42
1976.67
1856.78
2463.30
2399.10
2350.53
2283.66
2285.82
2471.55
2762.69
3012.55
2975.36
2677.52
2192.54
2059.99
1978.91
2007.77
2179.60
2377.16
2503.24
2964.42
3049.74
3012.92
2900.97
2603.44
2483.53
2379.54
2611.94
2578.68
2450.71
2262.11
2343.58
2597.06
2965.56
3050.37
3050.74
2865.56
2700.32
2602.34
2311.51
2173.65
2287.26
2454.80
2646.90
2834.17
3050.37
3050.37
2976.57
2840.79
2671.46
2685.89
2545.42
2678.06
2603.67
2454.89
2520.73
2581.65
2745.01
2812.71
2756.39
2397.91
2185.67
2161.57
2077.73
1936.76
1938.32
2241.84
2529.21
2868.72
3018.62
3044.81
2975.62
2806.39
2749.70
2695.92
2905.96
2626.16
2567.84
2486.37
2525.28
2545.00
2604.29
2532.72
2503.56
1562.38
1926.99
1994.17
2045.36
1721.66
1778.05
2038.44
2292.05
2865.42
3236.80
3379.64
3246.25
3065.24
3065.24
3062.49
2808.88
2751.37
2744.75
2672.36
2690.96
2955.21
3465.12
3811.73
3831.44
3593.30
2603.84
2156.73
1933.91
2008.68
2105.39
2603.77
2975.82
3339.85
3471.37
3672.05
3533.79
3124.09
2976.27
2588.96
2974.94
3343.92
3343.92
3160.77
2782.26
2974.94
3330.01
5133.05
4835.48
3824.43
2100.06
1964.64
1890.56
1819.49
1710.27
2224.92
3826.05
4486.43
5020.94
5207.44
4463.22
3799.05
3660.46
2973.67
3198.38
2990.71
3102.96
3126.41
3126.41
3275.05
3898.50
4313.01
4129.24
3349.41
2895.44
2611.33
2271.02
2357.66
2544.56
2846.61
3164.07
3940.70
4279.37
4503.19
3855.62
3340.18
3342.48
2805.90
2312.49
1672.94
2393.80
2084.72
2308.02
2493.66
3086.54
3245.83
2954.87
2317.77
1788.91
1487.37
1278.06
1116.61
1210.77
1487.59
1613.76
1693.78
1714.77
2031.34
1320.88
1075.19
959.34
642.49
503.64
502.20
491.22
542.34
569.73
759.87
1272.93
1376.88
835.91
500.73
171.65
115.47
87.02
39.73
39.31
87.01
165.34
863.14
1265.28
1082.99
601.48
466.64
538.38
424.16
508.24
509.30
538.00
538.17
542.58
542.20
656.71
651.12
588.26
586.99
542.73
504.71
537.53
508.35
539.11
706.93
1081.70
1481.77
1564.20
1501.77
1279.46
1248.74
1331.99
1256.42
1191.00
1115.94
924.46
762.81
968.95
897.90
744.28
610.77
570.95
536.54
413.93
223.66
167.69
79.66
88.11
200.92
567.61
1176.32
1155.36
1035.04
930.30
948.90
997.95
937.75
960.16
953.79
970.22
1307.50
1292.55
1215.12
1618.40
1652.08
1758.91
1630.29
1595.47
1818.72
1595.40
1591.97
1547.26
1880.98
1795.36
2577.66
2901.34
3239.15
2717.22
2400.61
2237.17
1948.01
1851.67
1822.73
1798.63
1785.83
1805.32
1934.15
2253.15
2384.09
2417.16
1876.59
1791.26
2203.15
1939.52
1871.80
1870.56
1848.58
1870.34
2130.65
2529.86
3012.86
2355.07
1993.66
1873.94
1864.91
1885.67
1870.71
1841.69
1785.96
1774.72
1858.21
2209.73
2364.06
2336.53
2202.14
2058.23
1935.75
1491.58
1472.54
1462.12
1459.81
1461.08
1545.79
1966.54
1645.77
1472.24
1205.32
1140.81
758.06
1170.22
952.31
890.71
941.82
729.18
660.83
1047.07
1321.06
1325.73
1067.35
1006.67
947.82
964.38
895.27
988.02
1089.30
1089.54
1487.81
2137.82
1693.38
1580.13
1460.26
1459.21
1397.54
873.16
1305.05
1327.76
1341.07
1459.24
1568.31
1957.41
2169.83
2142.26
1784.85
1487.54
1437.13
1426.38
1410.10
1404.93
1358.47
1487.14
1827.66
2049.25
2132.69
1860.11
1614.81
1700.82
1391.42
1463.59
1413.18
1380.93
1374.15
1377.15
1419.87
1475.13
1519.12
1459.37
1005.12
740.81
633.16
518.79
74.38
65.79
109.66
587.92
1123.73
1434.78
1289.40
892.67
669.68
678.13
458.43
607.17
409.58
556.44
504.18
564.80
564.78
509.95
142.06
76.96
96.75
37.88
15.51
-73.10
-82.67
-56.54
27.65
37.13
451.06
902.20
906.76
634.17
547.52
632.63
526.23
587.88
601.77
601.45
619.70
733.29
1246.29
1385.88
1405.88
1416.29
1386.47
1138.89
1217.92
1168.15
1116.15
1119.05
1571.62
1728.54
1921.27
2303.70
2507.50
1922.83
1588.28
1487.46
1437.60
1659.29
1599.77
1540.24
1535.46
1510.48
1643.81
2036.54
2138.00
2091.60
1786.89
1487.41
1430.09
1366.55
1378.10
1442.90
1487.14
1711.45
2008.82
2239.93
2611.71
2164.07
1904.07
1802.65
1654.68
1602.37
1488.24
1492.47
1473.60
1518.31
1682.42
2049.18
2226.20
2088.36
1615.19
1485.63
1424.95
1347.05
1353.41
1415.80
1505.27
1621.70
1979.21
2323.17
2783.34
2313.88
2008.61
1823.49
1609.86
1584.24
1579.16
1572.98
1575.24
1583.63
1660.90
2104.56
2268.90
1991.18
1628.08
1449.70
1449.86
1383.09
1353.17
1433.17
1543.14
1729.77
1985.68
2311.18
2760.06
2197.00
1910.35
1785.25
1509.77
1952.80
1800.44
1743.08
1712.31
1681.46
1896.48
2343.55
2483.83
1910.78
1637.51
1380.80
1382.81
1283.92
1262.94
1328.56
1481.32
1436.83
1444.75
1462.10
1467.25
1438.50
1339.20
1027.71
864.87
783.70
840.45
822.49
694.47
584.94
714.25
874.32
957.29
1106.35
1185.70
818.78
639.41
618.33
598.06
664.75
1173.41
1487.66
1729.23
1953.03
2174.30
2009.16
1822.66
1822.41
1768.89
1748.28
1651.05
1592.19
1577.19
1570.40
1564.60
1592.28
1592.66
1592.60
1525.24
1431.10
1201.44
668.82
580.09
684.40
1053.34
1449.44
1636.69
1487.79
1462.25
1440.21
1418.10
1153.97
1101.96
1013.31
968.84
902.09
906.30
924.56
1045.43
1379.37
1400.71
1357.54
1056.96
700.40
256.04
168.47
122.56
104.45
107.69
534.90
970.41
1061.81
1064.37
884.43
741.70
742.19
1352.27
1351.76
1352.24
1354.41
1355.52
1355.67
1546.73
1835.21
2060.57
1687.07
1596.57
1562.83
1505.97
1481.83
1467.74
1441.94
1453.29
1485.29
1637.21
2045.61
1948.92
1748.08
1572.12
1425.46
1597.82
1560.99
1673.39
1703.76
1727.91
1799.83
2104.76
2299.85
2487.32
2263.93
1890.56
1645.38
1612.89
1568.58
1509.30
1474.11
1777.14
2006.66
2191.77
2305.36
1859.32
1742.63
1788.81
1471.96
1492.31
1519.31
1450.37
1353.02
1385.51
1492.53
1832.26
2186.48
2406.32
1946.64
1687.68
1629.37
1516.56
1438.54
1418.98
1380.46
1375.55
1398.23
1487.48
1706.72
1480.56
1295.27
1256.32
1110.44
1110.65
981.82
1002.40
976.47
998.68
1170.84
1349.23
1487.72
1550.49
1490.10
1436.03
1347.22
1278.80
1189.33
1094.05
1047.34
1058.58
1282.22
1425.76
1531.82
1488.91
1300.96
1248.38
1129.45
833.16
929.86
979.77
1045.38
980.29
1079.07
1010.42
1250.08
1415.50
1429.27
1262.80
1241.75
1194.81
983.19
897.06
955.45
1022.39
1273.95
1692.95
1927.63
1797.31
1562.04
1533.33
1408.66
1480.71
1436.08
1456.02
1446.20
1454.45
1441.59
1419.72
1432.51
1467.02
1354.19
1344.45
1332.33
1295.66
889.85
721.98
773.53
902.87
789.40
1026.97
1118.72
1069.36
1036.13
1005.40
877.03
707.20
573.67
549.55
514.91
538.90
595.72
929.76
896.99
752.40
651.55
559.16
507.78
298.11
230.42
190.41
279.36
354.44
515.88
520.12
556.79
549.48
503.05
497.84
367.95
158.82
188.54
213.77
247.96
403.04
479.09
940.97
1361.13
1595.97
1182.69
1149.02
1095.25
1012.26
963.29
887.47
876.27
593.02
788.68
1487.15
1867.16
1945.48
1684.48
1410.61
1217.15
839.43
1041.20
941.24
904.88
941.47
881.15
1231.59
1322.62
1315.77
1185.18
723.86
563.01
583.99
555.78
535.33
555.93
556.37
939.01
1231.14
1327.01
1271.75
984.83
811.47
448.98
538.60
499.71
443.56
502.61
547.24
551.33
647.57
1016.01
947.19
625.72
584.85
575.94
582.71
523.44
521.73
545.53
556.46
601.75
610.31
702.16
591.71
486.77
514.59
203.41
46.89
26.58
10.30
18.37
64.33
269.81
591.96
952.27
969.52
641.36
608.74
638.07
592.90
551.00
694.14
881.14
873.35
1065.89
1088.84
1291.26
1312.53
1317.06
969.92
776.47
612.33
576.78
495.15
453.76
450.36
453.02
443.47
499.21
490.36
428.51
187.55
81.72
59.98
2.67
-7.76
3.41
52.67
70.15
457.72
565.81
589.47
520.23
492.76
398.63
406.83
190.40
181.36
185.89
255.73
242.83
186.64
283.76
241.43
164.50
92.23
96.68
39.49
4.29
4.15
15.38
63.36
377.69
726.92
1024.38
894.50
870.17
843.13
845.12
952.78
963.72
979.23
978.21
958.72
982.28
1487.86
2230.60
2119.79
1896.46
1598.38
1418.33
1397.06
1352.36
1338.53
1336.96
1359.94
1631.62
1958.33
2208.74
2159.50
1991.72
1844.32
1520.14
1434.64
1403.48
1369.41
1361.01
1379.97
1424.45
1707.14
1998.97
1936.13
1628.90
1357.37
1281.58
1012.35
818.24
743.80
878.63
1040.47
1334.24
1602.50
1449.88
1487.67
1406.23
1308.24
946.37
963.79
986.70
975.11
1016.06
1089.04
1028.20
1444.05
1403.12
1465.13
1446.44
1438.78
1428.74
1403.60
1444.73
1458.86
1457.75
1486.98
1794.29
1979.86
2223.44
2243.37
2000.91
1859.37
1725.05
1728.90
1544.30
1488.59
1473.05
1487.33
1520.72
1889.19
2025.52
2098.26
1880.11
1529.35
1486.88
1468.51
1447.24
1437.27
1425.07
1442.40
1487.48
1692.31
2016.15
2025.37
1830.73
1629.36
1506.67
1492.38
1470.14
1445.14
1404.15
1384.86
1372.94
1137.22
1150.17
1522.00
1412.71
1417.92
1387.64
1190.38
1247.06
1170.66
1124.02
1153.03
1333.86
1459.50
1698.57
1755.40
1553.45
1525.55
1459.72
1421.93
1363.99
1324.04
1295.85
1278.00
1335.50
1405.72
1421.64
1410.33
1284.03
1090.33
907.42
612.63
391.24
253.44
299.92
489.75
801.20
1273.39
1451.09
1530.91
1446.56
1307.98
1241.33
1191.79
1041.16
998.78
917.76
996.45
1041.09
1086.76
1071.21
993.40
743.84
564.73
307.13
178.08
97.89
97.74
98.04
141.33
477.27
1175.42
1357.89
1424.76
1397.54
1275.40
1175.80
713.35
602.51
624.83
602.51
634.13
680.32
946.25
1075.53
1041.16
1085.12
710.45
616.80
565.17
455.01
334.73
450.62
616.80
901.91
1412.12
1787.46
1865.04
1685.55
1645.61
1502.57
1524.88
1435.47
1421.79
1420.37
1413.31
1492.23
1869.06
2167.79
2197.54
1902.09
1684.60
1518.66
1439.79
1391.44
1313.41
1309.99
1256.65
1438.08
1673.13
1778.01
1785.30
1663.24
1487.69
1370.16
1420.78
1410.00
1362.02
1363.36
1364.10
1472.56
1690.36
1859.07
1858.92
1561.82
1439.38
1405.24
1308.24
1252.45
1182.00
1279.08
1308.09
1459.09
1658.45
1852.23
1859.66
1779.18
1637.25
1502.39
1402.86
1338.65
1347.28
1331.21
1342.96
1487.45
1709.47
1904.85
1906.56
1728.07
1543.40
1416.47
1358.51
1311.34
1249.44
1250.33
1279.79
1378.97
1524.95
1641.46
1663.71
1519.15
1485.89
1299.21
1421.51
1368.39
1391.30
1334.76
1310.06
1410.42
1530.42
1785.16
1816.04
1644.55
1462.35
1165.88
910.84
732.96
645.54
645.54
761.38
1019.24
1341.08
1559.44
1562.12
1376.35
1237.50
1018.41
914.30
905.11
901.41
846.36
865.70
911.28
1013.30
1116.93
1138.09
615.25
396.08
132.55
67.78
33.63
0.82
37.72
155.18
702.64
1033.25
1251.40
1274.99
1097.71
948.80
728.79
748.27
692.92
683.84
653.79
625.37
653.49
653.27
707.50
717.99
609.15
557.22
538.30
407.80
257.10
254.43
328.01
536.72
831.22
1227.60
1477.86
1673.52
1611.85
1486.20
1391.12
1232.49
1367.24
1381.00
1384.50
1399.53
1488.35
1764.88
1948.19
2027.05
1852.89
1730.36
1695.99
1569.74
1487.91
1449.97
1428.32
1409.79
1513.97
1755.23
2037.54
2051.16
1970.96
1889.64
1670.56
1581.03
1525.02
1521.89
1495.71
1518.70
1732.86
1982.58
2157.24
2157.24
1937.65
1712.06
1604.47
1575.23
1523.02
1538.93
1530.46
1502.29
1672.09
1843.34
2090.29
2133.14
2008.54
1896.88
1650.08
1537.74
1472.95
1460.67
1447.06
1469.23
1561.69
1816.54
2015.98
1978.56
1880.07
1673.21
1588.78
1544.73
1492.36
1437.32
1420.50
1423.40
1536.03
1780.17
1992.84
1981.16
1896.43
1750.56
1506.87
1597.01
1502.58
1473.27
1498.34
1499.31
1624.69
1897.39
2108.48
2078.12
1869.56
1670.39
1582.01
1547.67
1488.82
1466.20
1460.62
1466.79
1618.03
1705.16
2076.64
2119.94
2000.89
1886.67
1657.65
1533.33
1510.18
1503.93
1509.21
1526.18
1583.33
1903.32
2084.07
2167.12
1907.56
1714.01
1617.79
1550.59
1467.84
1452.88
1451.39
1532.95
1609.60
1837.91
1950.27
1978.48
1897.36
1797.57
1603.20
1523.86
1407.18
1413.20
1395.05
1413.58
1449.67
1495.73
1537.33
1562.78
1531.82
1458.15
1388.42
1339.76
1286.92
1237.88
1188.32
1240.12
1428.91
1682.44
1837.81
1880.01
1838.85
1779.17
1629.68
1532.62
1485.75
1469.83
1429.95
1468.86
1497.80
1450.78
1450.41
1390.82
1354.36
1319.17
1313.14
1301.39
1121.49
1044.56
1033.40
1159.88
1391.56
1605.90
1855.74
1896.73
1808.12
1783.50
1606.80
1536.04
1487.01
1448.48
1441.56
1460.75
1562.08
1851.64
2008.78
1968.38
1777.99
1445.35
1413.36
1418.64
1416.93
1393.85
1120.00
1179.23
1576.71
1700.73
1771.02
1759.67
1740.54
1496.00
1185.76
1200.15
1153.95
1154.55
1145.88
1151.19
1151.94
1757.47
1904.01
1904.01
1730.99
1532.90
1489.53
1456.43
1467.59
1449.73
1454.57
1472.79
1629.01
1859.38
2008.01
2010.17
1947.23
1883.56
1703.02
1532.76
1488.12
1490.65
1496.45
1496.60
1669.07
1909.11
2209.11
2084.11
1898.02
1681.65
1558.13
1522.64
1504.12
1484.47
1492.58
1534.55
1719.97
1860.00
2049.44
2094.45
1959.63
1837.08
1729.71
1675.78
1551.06
1548.68
1526.14
1524.72
1642.82
1897.23
2046.80
1994.42
1882.35
1748.93
1727.05
1668.13
1600.18
1569.37
1562.67
1547.93
1704.06
1820.76
1957.06
2058.34
1934.44
1874.02
1774.90
1641.96
1590.26
1544.28
1517.94
1536.91
1629.91
1904.01
2045.44
1956.53
1761.83
1636.83
1548.52
1543.09
1427.09
1413.70
1391.38
1433.71
1574.26
1778.86
1835.70
1954.45
1904.01
1799.25
1623.81
1566.38
1532.68
1533.42
1488.04
1484.24
1485.66
1501.20
1540.78
1575.97
1551.72
1444.59
1418.55
1387.90
1297.28
1240.22
1184.19
1251.52
1378.60
1500.01
1593.90
1576.94
1576.12
1573.89
1532.60
1547.44
1437.87
1427.61
1383.65
1361.11
1384.02
1375.91
1383.05
1365.87
1215.83
1043.85
916.21
852.83
641.06
583.93
693.72
845.02
1158.93
1458.26
1745.09
1777.74
1772.98
1680.45
1620.86
1555.25
1481.84
1458.48
1421.58
1440.70
1567.45
1785.25
1905.98
1859.94
1630.61
1487.34
1445.98
1379.93
1364.68
1335.59
1368.25
1418.01
1643.40
1844.54
2082.80
2082.80
1862.91
1627.33
1409.01
934.45
915.65
876.03
834.62
818.89
888.76
1227.04
1501.65
1719.74
1516.01
1349.69
1230.75
795.16
657.85
585.03
658.22
844.85
1347.75
1560.41
1706.58
1447.05
1459.40
1499.57
1426.75
1389.14
1382.45
1376.94
1331.42
1334.85
1381.41
1447.16
1734.72
1666.14
1487.62
1097.90
714.36
521.41
187.66
27.82
232.52
587.98
874.72
1369.95
1631.18
1650.74
1636.39
1454.90
1435.04
1114.98
1078.61
1041.42
1083.45
1107.62
1282.49
1350.18
1400.91
1643.17
1354.42
800.28
693.20
553.98
473.33
472.15
528.38
698.69
945.90
889.92
923.01
1506.98
1491.58
1394.81
1379.71
1359.06
1351.92
1342.47
1297.53
1308.84
1326.47
1368.88
1390.69
1698.66
1674.92
1255.86
892.90
668.26
450.17
190.93
221.74
365.34
738.59
1047.69
967.33
863.74
827.99
781.42
749.04
743.48
725.13
734.68
660.22
758.33
769.89
802.21
838.90
882.22
758.28
576.40
377.80
381.29
114.62
46.32
227.36
352.70
751.49
1472.41
1674.11
1786.02
1799.63
1778.28
1667.79
1599.07
1460.97
1379.72
1295.79
1266.17
1266.77
1212.23
1179.86
1153.15
822.93
714.15
669.66
558.05
337.43
149.93
294.50
567.05
992.06
1486.19
1682.40
1715.59
1682.92
1633.74
1491.85
1340.65
1257.91
1258.44
1264.09
1261.41
1354.49
1710.98
1845.87
1868.27
1719.38
1567.15
1485.75
1379.05
1356.65
1379.42
1385.89
1423.63
1521.47
1828.46
1985.86
2041.27
1933.82
1787.24
1398.77
1513.55
1458.11
1407.21
1377.07
1407.95
1504.99
1761.43
1971.21
2040.26
1822.52
1726.38
1609.54
1548.52
1469.42
1408.25
1398.80
1518.98
1764.63
1873.94
2158.06
2219.16
1978.57
1826.62
1428.79
744.79
1279.82
1249.31
1232.87
1246.78
1066.63
1482.15
1621.84
1618.46
1459.42
1333.25
1285.71
1299.69
1317.32
1283.39
1299.32
1436.91
1613.56
1794.83
2135.56
2083.55
1829.65
1679.71
1447.10
1465.63
1167.93
1051.87
1229.72
1324.39
1377.08
1654.41
1860.61
1855.18
1710.96
1475.00
1369.11
1361.45
1345.38
1311.15
1377.30
1480.51
1666.99
1733.73
2003.70
2034.44
1882.63
1744.08
1587.29
1391.14
1204.94
1063.02
960.00
965.04
978.29
1473.22
1912.60
1860.51
1667.01
1525.39
1497.18
1467.15
1412.69
1379.23
1408.48
1413.99
1609.71
1694.55
1719.03
1719.33
1622.59
1527.63
1312.03
998.47
932.60
716.68
704.55
682.96
669.94
782.55
886.13
825.74
797.21
838.53
560.33
369.87
255.96
206.59
242.42
229.09
600.83
1189.83
1496.02
1632.38
1697.80
1626.13
1434.70
1388.45
1329.67
1283.68
1265.07
1272.51
1264.40
1242.45
1241.85
1190.66
1115.94
1029.10
1028.80
1019.13
817.98
754.58
771.69
991.15
1165.50
1453.27
1587.81
1678.45
1695.94
1636.48
1423.13
1308.90
1224.66
1181.35
1153.97
1177.26
1283.97
1508.41
1674.06
1711.72
1644.37
1577.47
1431.39
1371.86
1277.95
1277.20
1264.55
1272.81
1351.62
1356.01
1299.15
1278.09
1257.48
1132.29
803.25
401.05
443.14
402.30
315.22
234.48
193.69
412.52
1149.16
1216.50
1210.10
1193.51
1177.88
1119.85
1023.56
926.38
1099.68
1171.49
1223.41
1309.37
1365.62
1369.81
1372.28
1274.69
1173.94
1419.18
1201.47
1198.49
1185.77
1077.65
1293.66
1570.83
1711.38
1654.91
1462.10
1251.81
1210.90
1175.27
1054.29
1000.64
894.46
895.96
1056.32
1237.55
1323.92
1331.97
1226.10
1162.40
760.45
404.51
434.61
337.56
322.13
230.93
167.77
205.64
315.69
325.62
90.38
27.44
18.12
16.47
13.61
-9.32
3.29
12.25
106.86
631.66
643.23
709.04
710.75
859.36
798.98
573.94
423.96
304.15
293.27
393.28
432.12
530.20
788.90
464.53
292.09
59.72
0.51
0.34
-0.24
-48.65
-33.18
-0.04
1.23
52.41
273.69
377.34
367.57
338.08
241.86
66.52
53.01
27.45
20.31
21.72
14.36
22.09
14.44
4.76
4.31
4.42
4.44
5.29
4.92
1.02
-7.16
9.42
94.31
578.18
983.54
1149.58
1050.79
1051.90
1010.39
1065.70
1048.74
1045.10
1029.25
1041.67
1051.19
995.26
1029.25
1042.49
1041.97
1041.38
1079.01
1048.81
992.95
920.73
904.44
892.61
1115.76
1335.64
1364.57
1598.81
1673.42
1673.64
1598.96
1516.69
1448.41
1433.01
1372.38
1360.63
1455.99
1715.89
1918.74
1935.99
1732.55
1710.83
1709.12
1599.26
1543.47
1497.20
1504.71
1568.76
1678.85
1795.33
2165.62
2194.33
1982.04
1812.59
1692.24
1494.50
1361.27
1336.13
1316.79
1339.03
1457.90
1701.07
1843.07
1808.63
1680.39
1492.41
1442.43
1428.03
1369.23
1357.85
1354.43
1356.66
1487.73
1747.86
1897.00
1924.15
1841.14
1785.35
1695.86
1636.57
1543.21
1481.02
1357.83
1355.97
1479.98
1710.96
1857.36
1832.66
1702.18
1575.57
1536.89
1409.86
1373.38
1375.17
1339.31
1350.92
1485.63
1710.37
1874.47
1917.09
1953.47
1859.74
1713.42
1420.84
1281.06
1257.03
1202.28
1100.81
1103.86
1467.41
1659.63
1622.65
1404.17
1265.66
1199.27
1167.17
1091.91
1078.98
1102.75
1176.32
1236.28
1333.06
1306.28
1301.59
1302.41
1289.54
1269.08
1305.88
1210.89
1168.49
1184.86
1200.33
1200.77
1560.79
1626.94
1534.09
1410.02
1318.31
1203.90
1185.56
1117.46
1121.38
1127.30
1130.25
1259.69
1376.89
1477.61
1650.05
1537.56
1487.97
1216.94
1308.03
1249.70
1241.89
1168.45
1156.92
1160.72
1188.91
1263.76
1339.20
1328.04
1215.18
1041.45
1005.44
850.24
705.76
885.29
1052.17
1182.37
1337.94
1480.79
1556.75
1480.41
1481.01
1283.16
1231.42
1169.74
1112.76
1018.35
1012.10
952.58
946.85
994.32
1013.88
1061.27
1051.68
1068.49
985.76
675.72
732.38
907.27
982.26
1116.10
1212.89
1255.82
1260.58
1237.67
1258.95
1024.74
769.26
675.97
610.58
654.84
632.75
655.29
670.02
700.97
625.31
424.43
225.23
83.03
17.23
16.06
16.05
26.45
47.33
610.50
1261.40
1487.94
1599.31
1592.39
1617.54
1411.31
1216.41
1146.72
1120.49
1084.11
1092.74
1144.37
1307.16
1613.89
1637.63
1569.70
1420.98
1289.45
1255.08
1255.08
1231.42
1219.14
1220.63
1287.81
1487.94
1622.15
1692.23
1702.28
1638.67
1569.55
1376.73
1256.95
1228.30
1212.38
1226.96
1301.96
1468.76
1591.59
1599.62
1527.31
1420.99
1364.04
1341.77
1296.05
1310.93
1324.13
1352.03
1485.42
1560.04
1690.31
1579.91
1577.08
1569.79
1310.07
1406.11
1269.37
1227.49
1226.08
1226.38
1298.46
1530.64
1599.90
1650.94
1593.58
1526.03
1409.23
1362.74
1261.94
1198.92
1145.96
1140.53
1240.58
1322.19
1428.13
1504.83
1564.05
1555.49
1428.87
1462.46
1264.72
1220.30
1215.20
1218.89
1332.71
1546.75
1590.27
1583.42
1450.26
1303.10
1221.34
1173.73
1181.91
1126.43
1157.83
1188.63
1355.82
1385.53
1618.36
1640.11
1613.63
1603.06
1525.62
1500.45
1383.73
1289.85
1232.50
1177.08
1154.09
1174.17
1124.11
1108.41
826.10
597.28
537.69
465.83
358.19
31.47
279.19
457.43
319.43
1110.05
1425.91
1519.87
1570.08
1546.72
1480.36
1450.53
1220.75
1144.51
1082.02
1078.45
979.07
895.01
865.48
724.22
601.26
553.21
363.67
147.52
36.42
6.04
74.01
234.69
634.74
1189.81
1378.45
1532.21
1327.35
1314.48
1295.66
1251.85
1207.59
1149.12
1115.20
1042.89
1115.57
1487.95
1570.82
1577.88
1333.15
1232.58
1094.74
1038.43
788.94
651.55
633.99
790.43
1063.13
1164.22
1242.62
1244.41
1234.22
1231.46
1149.12
696.28
744.64
721.73
720.90
614.38
805.07
1562.61
1695.25
1538.95
1331.85
1220.33
1218.17
1211.40
1171.75
1128.83
1219.66
1263.18
1472.00
1677.03
1706.11
1816.58
1743.90
1747.48
1547.29
1473.13
1365.53
1322.14
1287.54
1288.73
1356.08
1634.24
1837.69
1881.08
1589.37
1456.91
1305.03
1270.72
1281.44
1254.72
1266.85
1362.25
1642.80
1928.11
2275.41
2288.13
1964.35
1843.20
1656.79
1730.57
1648.00
1587.00
1589.16
1535.82
1540.51
1691.22
1896.60
1822.51
1650.00
1381.61
1216.10
1137.84
869.52
743.88
733.17
867.59
1228.97
1656.63
1923.38
1972.63
2011.98
1950.83
1672.99
2203.16
1864.66
1674.18
1572.36
1538.59
1784.41
2174.38
2404.72
2422.50
2224.43
1862.66
1449.63
1387.53
1343.79
1295.07
1342.31
1400.84
1892.63
2261.03
2387.78
2643.33
2167.43
1748.29
1616.88
1456.79
1469.80
1371.33
1343.58
1280.96
1331.31
1412.68
1414.32
1399.52
1376.46
1171.02
1058.12
792.29
574.80
570.19
582.31
1111.22
1412.75
1968.14
2439.71
2458.00
2374.25
2120.40
1873.46
1540.39
1413.41
1231.30
1039.97
897.14
825.43
837.26
733.26
673.45
701.35
700.38
708.19
614.09
557.92
447.01
600.48
694.65
1170.53
1633.75
1924.47
2102.93
2189.22
2283.25
2091.10
1786.99
1639.48
1628.39
1637.32
1585.99
1958.46
2244.12
2753.47
3719.50
2590.85
2308.17
2276.11
1960.47
1590.98
1436.39
1365.65
1342.29
1474.41
1556.46
2166.16
2353.10
2353.10
2147.71
1859.82
1970.46
1803.18
1732.44
1636.04
1615.36
1702.69
2213.69
2520.82
2444.21
1961.61
1762.11
1672.97
1633.29
1581.44
1568.06
1711.98
1782.30
2264.80
2781.38
3349.07
3407.01
3052.28
2776.32
2421.22
2026.74
1997.28
2000.33
1848.58
1897.08
2114.82
2592.40
3198.38
2885.42
2527.68
2242.77
2175.45
2000.33
1857.51
1818.53
1920.14
2113.41
2465.79
2963.38
3652.82
3443.56
2970.37
2786.26
2228.56
2146.86
1918.62
1860.60
1828.68
1897.57
2080.57
2500.29
2703.00
2606.59
2352.47
2066.81
1832.55
1790.60
1695.52
1696.12
1850.11
1956.93
2484.37
2733.36
3191.83
3079.72
2670.27
2174.90
1564.97
1672.55
1574.73
1519.09
1431.98
1401.03
1406.24
2042.49
2493.28
2571.91
2454.68
2207.41
1771.79
1128.25
1178.25
1111.00
1091.74
1021.58
1233.21
1575.85
1609.69
2131.11
2274.90
2223.83
1967.36
1936.37
1608.90
1598.90
1615.05
1515.80
1555.38
1686.84
1942.48
2001.55
1698.22
1381.81
1376.08
1470.49
1342.38
1220.59
1375.93
1641.68
2001.85
2020.45
2336.86
2434.10
2400.70
2410.67
2194.32
2149.82
1944.60
1621.43
1537.49
1464.27
1341.27
1298.03
1247.66
1154.05
834.45
754.23
706.91
617.76
593.95
593.95
836.76
1311.35
1624.48
2150.64
2416.81
2480.73
2486.76
2498.07
2350.44
2199.75
1962.23
1920.34
1905.98
1894.14
2000.70
2462.35
2663.49
2761.19
2592.35
2474.48
2183.98
1994.23
1867.06
1874.20
1934.03
2147.29
2536.76
2817.14
3300.15
2904.80
2795.19
2769.37
2588.11
1979.47
2027.24
1896.59
1907.01
1981.85
2101.20
2671.79
2841.28
2983.01
2772.38
2336.16
2009.53
1863.11
1932.23
1878.14
2224.63
2410.78
2744.18
3236.43
3503.60
3371.47
3057.34
2949.16
2509.07
2046.66
1944.05
1833.92
1770.90
1810.11
1890.10
2347.26
2610.59
2879.20
2718.93
2452.77
2387.96
2261.32
2168.24
2191.68
2238.55
2298.53
2537.82
2744.60
2908.59
2901.90
2730.01
2624.88
2050.52
2120.64
2027.94
2043.86
2068.26
1991.11
2067.22
2527.82
2751.91
2824.37
2542.55
2224.65
2038.65
2055.77
2001.08
2068.79
2126.22
2411.16
2770.88
3045.93
3563.66
3347.91
2932.84
2642.39
1920.06
1998.87
1977.67
1993.66
1979.31
1973.73
2098.70
2642.17
2818.17
2865.34
2811.85
2573.98
2565.46
2315.08
2100.26
1962.89
1821.76
1641.66
1836.05
2098.70
2383.58
2669.03
2267.56
2863.92
2695.06
2125.24
1896.74
1678.88
1716.07
1650.16
1593.26
1739.35
1819.09
1551.61
1146.08
929.78
846.84
664.75
567.76
664.53
663.26
975.22
1787.40
2120.11
2603.37
2698.95
2677.45
2628.96
2247.60
2009.24
1770.21
1481.04
1455.15
1380.76
1359.26
1314.62
1430.67
1376.81
1266.64
953.73
799.22
692.61
509.97
489.66
553.94
921.00
1309.26
2029.25
2432.69
2530.15
2592.12
2592.27
2477.77
2378.01
2066.89
1972.56
1892.22
1919.59
2249.98
2692.18
2797.22
2865.44
2722.83
2118.00
1646.34
1352.49
1371.53
1251.38
1198.27
1179.00
1406.27
1895.56
1860.08
1973.45
2799.23
2114.66
1764.26
1749.23
1675.07
1539.23
1550.17
1376.10
1376.70
2154.94
3069.17
2975.89
2257.15
1786.13
1902.10
1649.55
1570.55
1433.53
1488.50
1667.11
1741.87
1722.30
1938.77
1858.88
1857.54
1877.48
1711.00
2614.08
2076.07
1733.20
1831.84
1733.94
1733.42
2693.61
3079.04
3027.26
2624.27
2141.76
1940.38
1636.64
1523.34
1282.83
1214.16
1333.65
1712.74
1729.85
1763.55
1738.63
1738.78
1733.35
1182.37
1102.15
908.40
776.20
714.15
720.71
1157.95
1251.55
1725.10
1914.24
1826.90
1748.31
1636.78
1502.79
1417.16
1232.20
1183.47
1153.34
1262.41
1331.82
1467.38
1803.59
1847.71
1787.44
1472.66
1488.63
1534.83
1299.73
1154.86
1082.77
1122.95
1229.56
1591.90
1710.20
1715.93
1671.21
1590.49
1335.51
1217.06
1176.66
1185.59
1235.89
1538.63
1580.52
1598.60
1608.05
1682.00
1681.48
1570.32
749.05
819.63
738.68
728.30
686.28
642.27
628.97
714.47
731.77
672.33
504.96
503.11
308.63
93.44
8.43
8.33
20.91
250.41
426.46
451.09
524.89
470.50
526.29
374.43
358.54
230.77
235.82
150.56
300.01
277.98
322.99
201.93
185.44
181.00
223.83
370.34
148.82
142.42
88.18
158.57
299.80
573.78
1169.21
2396.98
2752.44
2813.23
2895.83
2767.47
2381.72
2068.61
2053.20
2003.42
2024.78
2217.43
2920.85
3088.62
3229.18
3097.85
3013.47
2953.34
2762.78
2724.09
2399.66
2231.71
2322.72
2793.96
3013.62
3408.21
3496.54
3364.24
3348.84
3118.91
2942.94
2601.23
2455.91
2466.77
2487.90
2694.47
3122.64
3375.79
3340.37
2845.68
2446.23
2380.38
2213.55
1926.76
1947.30
2012.33
2170.98
2914.29
3095.56
3448.05
3760.58
3571.80
2935.07
1966.94
1961.02
1733.58
1525.26
1448.35
1563.59
1653.37
3065.23
3236.58
3348.18
3124.90
2721.40
2553.70
1067.55
634.29
540.96
733.42
727.09
741.46
838.25
843.91
879.70
1249.54
1270.83
1246.14
1845.22
1436.66
1453.29
1531.51
1539.29
1544.91
1545.05
1610.52
1657.62
1565.19
1516.19
1460.84
1136.44
896.45
806.92
791.77
785.50
801.96
864.93
933.83
927.27
977.90
1037.52
804.08
456.47
661.24
659.32
659.09
672.68
672.78
814.48
1075.53
1257.27
1318.09
1179.06
1125.92
959.00
885.72
777.08
775.02
910.67
1076.00
1284.52
1692.02
2588.89
2859.00
2661.56
2124.85
1740.33
1601.45
1367.69
1367.84
1151.49
709.77
719.64
757.13
659.41
248.68
169.70
7.96
0.52
-0.37
-0.74
0.00
7.67
197.59
1069.84
1862.23
1740.25
2131.65
1529.11
2155.98
1827.81
1788.48
1493.30
1430.78
1442.47
1415.75
1442.39
1410.76
1410.46
1220.60
861.64
820.26
651.90
542.72
297.86
620.87
697.15
1495.16
2563.41
3053.43
3017.56
3237.19
3019.42
2957.27
2900.93
2444.85
2161.16
2102.11
2136.12
2269.65
2925.79
3162.69
2792.49
2772.70
2254.83
2258.41
2168.42
2021.21
1802.39
1815.12
2628.98
2977.07
3082.09
4226.65
4594.64
4169.35
3228.98
3446.13
2995.64
2746.51
2503.86
2420.87
2372.33
2612.46
3275.06
3598.32
3371.45
2870.14
2709.89
2552.17
2562.96
2527.23
2402.11
2591.54
2828.54
3300.52
3603.31
4326.43
4243.06
3469.70
2441.71
2093.51
1993.62
1797.24
1650.21
1650.58
1209.42
1180.24
1385.86
1886.50
2430.24
2358.25
2227.00
1719.52
1702.69
1756.22
1507.57
1671.23
1810.92
1971.17
1655.65
2432.18
2043.01
1974.63
2066.01
1910.17
1929.02
1944.37
1992.82
2054.80
2016.51
2084.23
3197.67
3676.48
3635.01
3446.46
3215.47
2836.86
2576.09
2359.68
2054.67
2292.33
2404.51
2149.25
3108.64
2977.63
3281.05
3121.15
3222.54
2568.87
2599.20
2323.09
2178.01
2129.62
1668.16
1731.95
2380.86
3193.61
2854.46
2434.98
2518.50
2342.41
1832.08
1645.75
1467.65
1623.66
1638.95
2097.76
2510.15
3066.99
3149.39
2891.91
2706.82
2639.20
2096.43
2558.84
2620.33
2508.81
2471.82
2466.08
2508.96
2479.86
2559.21
2612.66
2508.89
2288.09
2122.08
1806.96
1369.53
1275.72
1492.86
1682.44
1989.26
2190.17
2273.29
2331.15
2231.34
2001.66
2308.34
2293.33
2184.90
2453.09
2353.59
2254.14
2030.38
1942.32
1655.66
1212.53
1116.50
745.57
533.87
435.32
363.04
479.38
893.71
1904.73
2642.71
2906.07
3117.85
2992.49
2983.11
2787.57
1474.70
1750.19
1475.52
1335.13
1252.57
1158.93
860.72
1521.54
2310.08
2115.40
1917.56
1781.74
1535.52
1519.20
1655.88
1426.01
1621.04
1982.22
2399.59
2760.92
2778.34
2763.45
2780.42
1941.57
1334.38
1502.97
1452.35
1343.11
1117.41
803.08
923.57
1409.59
1521.75
1437.53
1318.75
1225.24
974.43
743.18
638.66
613.25
624.62
660.26
752.78
860.29
1052.65
873.81
795.98
655.14
723.28
657.41
647.10
654.13
661.76
640.76
814.65
810.61
914.26
939.74
1019.03
1175.20
1186.05
1338.27
1409.52
1688.14
1807.51
1713.46
1633.52
2203.08
3626.00
3482.47
3014.37
2903.30
2962.66
2951.78
2918.71
2957.10
2977.42
2977.94
3644.79
3295.84
3376.87
3482.13
3302.17
3111.05
3121.33
3048.96
3139.05
2916.78
3382.53
3825.75
4197.36
4458.58
4369.62
4149.57
3976.87
3362.65
2977.69
2859.18
2782.59
2892.01
2790.18
2996.97
3447.69
3782.52
3849.74
3751.18
3449.78
3341.77
2936.15
2727.80
2717.30
3008.43
3030.24
3435.49
3646.52
3815.05
3754.16
3609.82
3431.32
3162.67
3163.48
2417.49
2423.32
2385.22
2304.00
2340.10
3027.86
3148.75
3072.08
2892.91
2497.14
2296.61
1998.28
1762.47
1844.35
2171.49
2355.34
2891.35
3169.88
3380.46
3481.39
3473.80
3470.45
3289.50
2849.63
2530.20
2234.06
2181.58
2019.66
2027.92
1943.21
1971.27
2233.39
2131.85
1943.73
1903.97
1958.47
1630.91
1553.94
1683.03
1876.50
2352.50
2938.97
3346.62
3371.93
3458.06
3466.62
3163.94
2866.53
2561.31
2522.23
2388.60
2454.56
2828.86
3198.55
3227.59
3535.34
3304.93
2911.05
2517.09
2527.07
2385.03
1803.18
1626.60
1628.23
2333.59
3221.85
3403.94
3652.29
3631.00
3611.57
3185.30
2547.64
2315.05
2281.70
2179.76
2129.52
2317.12
3402.30
3572.47
3565.03
2753.61
2268.77
1809.16
1385.29
1623.65
1431.07
1281.30
1444.47
1794.13
2651.33
2682.44
2835.05
2679.47
2157.13
1857.90
1708.91
1657.19
1657.33
1654.42
1638.03
1630.63
1718.42
1834.04
2351.53
2135.99
1510.73
1371.17
1474.18
1334.03
1334.26
1235.34
1502.17
2704.39
3148.72
3676.86
3843.65
3799.22
3429.61
3230.67
3351.64
3083.39
2791.69
2593.86
2570.11
2791.69
3359.75
3573.45
3552.61
3178.96
2678.78
2077.15
1786.87
1754.94
1652.76
1610.99
1789.97
2314.54
2706.96
3109.98
2862.29
3634.41
3576.32
2292.19
3015.73
2665.58
2512.72
2524.11
2519.27
2902.76
3348.24
3482.87
3601.27
3229.69
3181.84
3014.76
2889.07
2312.31
1990.22
1761.82
1767.63
1937.31
2565.64
2909.61
3146.49
3030.99
2731.59
1571.96
1490.59
1874.76
1772.57
1608.30
1621.28
1268.33
1503.31
1537.74
1615.53
1462.44
1500.04
1261.94
1059.04
1059.41
863.33
1040.06
1185.84
1721.98
2356.64
2763.83
2947.85
2826.93
2746.41
2418.25
2067.52
1732.42
1624.01
1535.63
1491.51
1526.92
1525.21
1534.81
1207.30
1061.70
744.00
652.42
645.95
518.87
520.95
640.96
764.99
1483.69
2244.44
2926.17
3139.63
3124.23
2989.86
2674.10
2307.01
2020.49
2094.30
2071.24
2030.32
2309.24
3039.56
3124.75
3085.24
2861.07
2525.45
2284.62
2177.41
2187.45
2192.43
2289.82
2454.17
3020.81
3273.47
3689.52
3674.27
3385.22
3192.90
2910.55
2461.15
2224.23
2224.45
2151.91
2200.64
2381.16
2849.27
3087.82
3171.46
2857.23
2307.35
2101.60
2065.37
1926.74
1939.39
1985.90
2153.17
2614.28
3125.17
3495.73
3495.13
3189.69
3024.35
2554.53
2210.13
2135.49
2222.78
2125.22
2187.65
2215.56
2557.33
2924.26
2943.09
2651.02
2253.95
2120.01
2044.56
1882.64
1889.78
2026.55
2255.44
2626.76
3050.39
3341.12
3383.76
3125.32
3027.40
2641.72
2306.15
2232.56
2306.75
2279.22
2321.63
2582.52
3025.93
3125.05
3087.32
2955.32
2642.34
2336.29
2224.67
2008.06
1993.18
2187.69
2491.29
2986.20
3348.50
4017.46
3979.14
3318.74
3087.99
2902.04
3140.54
3013.31
2944.04
2916.22
2995.16
3035.63
3491.05
3819.17
3779.66
3515.98
3124.17
3017.78
2800.45
2443.76
2487.81
2768.45
2925.82
3333.84
3645.66
4166.56
4206.73
3778.03
3492.99
3154.83
3178.19
2980.91
2885.39
2782.88
2795.52
2847.37
2826.10
2891.86
2974.88
2785.93
2480.26
2231.87
1839.08
1429.12
1589.13
2172.58
2542.37
3067.12
3468.09
3743.78
3754.49
3570.30
3436.18
3168.22
3096.42
2954.36
2810.81
2633.04
2603.73
2610.80
2623.89
2603.66
2641.74
2528.46
2298.33
1856.37
1016.92
631.71
550.56
1222.58
1975.36
2555.09
3093.45
3383.60
3421.16
3440.80
3306.10
3000.76
2203.93
2148.68
2682.43
2603.29
2625.53
2704.37
2836.91
3191.78
3476.06
3367.91
3208.81
3027.70
2992.37
2916.65
2921.41
2827.09
2975.56
3338.45
3681.79
3867.81
4133.42
3991.88
3771.05
3536.15
3460.12
3202.73
3204.89
3096.90
3142.79
3279.63
3737.23
3852.28
3829.30
3632.51
3346.64
3160.34
3101.81
3049.60
3049.83
3109.10
3291.08
3769.87
4462.55
4944.77
4923.65
4821.98
4313.44
3817.25
3896.65
3598.72
3511.33
3415.32
3446.55
3641.56
4073.66
4440.31
4583.78
4277.14
4090.24
3918.59
3786.21
3718.60
3667.21
3789.04
4027.99
4412.50
5027.85
5562.51
5064.74
4678.67
4105.56
3784.94
3896.49
3569.10
3569.85
3528.64
3555.94
3712.94
4090.45
4454.13
4611.80
4563.38
4538.09
4296.09
4163.85
4187.95
4040.92
4030.21
4359.90
4417.46
4782.03
4893.52
4811.56
4462.75
4185.79
3904.00
3794.62
3478.75
3348.34
3229.62
3268.67
3493.55
3929.41
4249.52
4370.92
4277.49
4210.54
4071.13
3926.36
3632.07
3430.47
3430.69
3651.56
3849.14
4058.48
4232.78
4235.83
4091.51
3947.04
3756.23
3808.52
3718.98
3570.53
3421.41
3366.16
3362.73
3508.06
3532.90
3606.53
3570.01
3454.58
3296.10
3216.44
2712.20
2559.37
2523.30
2686.54
2993.92
3533.12
3941.05
4108.91
4016.76
3823.62
3413.38
3200.15
2833.70
2788.63
2560.52
2402.32
2410.28
2722.06
2590.86
2469.26
2359.63
1893.00
1315.55
723.75
576.11
723.97
1518.82
2334.49
3384.08
3941.89
4403.02
4640.20
4536.60
4428.75
4240.21
3750.37
3550.83
3480.32
3331.49
3347.04
3697.05
4177.96
4461.77
4536.89
4429.72
4339.50
4220.80
3973.87
4023.03
4143.15
4292.94
4363.38
4563.30
4760.02
5024.42
5057.30
4682.89
4379.66
4053.45
4090.69
3753.99
3770.87
3723.05
3743.50
3949.52
4670.45
4969.89
5057.58
4760.82
4566.77
4101.10
3857.97
3856.11
4089.28
4260.12
4495.52
4820.69
5307.86
5912.54
5734.41
5272.01
4789.83
4462.50
4327.34
4090.82
4092.23
3986.54
4009.08
4270.66
4819.73
5081.91
5163.80
4834.01
4373.90
4290.82
3838.82
4031.09
4054.45
4294.17
4562.97
5000.69
5578.39
6322.17
5828.00
5392.14
4904.30
4302.20
3981.29
3889.94
3868.74
3816.60
3857.81
3943.13
4512.51
4970.96
5131.87
4755.98
4292.17
3980.10
3763.19
3750.61
3738.71
3905.12
4198.14
5109.03
5313.08
5704.07
5653.56
5281.61
5009.35
4662.18
4515.78
4314.37
4258.29
4247.21
4233.60
4455.09
5578.25
5721.28
5972.37
5813.43
5676.43
5578.48
5223.70
5034.41
4786.51
4952.97
5098.97
5578.33
5727.01
5801.38
5790.52
5727.01
5561.44
5206.37
5096.21
4791.69
4736.65
4372.92
4191.20
4262.83
4320.85
4730.70
5077.24
5102.23
4914.79
4476.61
4299.50
3635.94
3720.29
3434.44
3638.69
4125.75
4982.92
5241.10
5207.19
4953.69
4908.77
4287.30
4351.28
3654.89
3478.61
3198.21
3168.24
3048.86
3178.05
3286.79
3476.75
3254.89
2046.04
1910.60
862.62
563.78
98.85
462.33
787.80
2500.55
4308.21
5030.86
5211.97
4799.62
4512.45
4388.47
4394.57
4047.15
3892.15
3875.26
3838.37
4331.42
3903.95
5726.43
5905.46
4968.83
4919.00
4271.25
4081.59
4116.17
4028.04
4078.91
4802.75
5756.11
6230.26
6478.24
6403.04
5950.16
5671.10
4580.95
4593.19
4426.42
4351.59
4351.22
4425.83
4556.45
5677.80
5787.59
5886.15
5652.88
4945.03
4316.26
4235.03
4254.44
4120.77
4323.99
4268.88
5554.84
5904.00
6363.33
5697.81
5244.14
4662.00
4268.21
3953.16
3892.40
4030.45
3705.33
4030.15
4040.78
4834.65
5388.56
5481.60
5189.66
4710.58
4796.26
4112.71
3935.31
3696.55
3865.10
4030.00
4773.28
5360.37
5578.52
5314.10
5037.48
4191.48
3960.83
3650.04
3602.36
3617.09
3570.09
3682.84
3962.63
4794.95
4977.16
4949.27
4567.66
4223.91
3882.46
3683.43
3655.84
3802.36
4013.58
4164.70
4696.33
5103.75
5428.54
5221.70
4765.27
4258.19
3682.91
3391.92
3114.42
2940.46
2697.47
2913.53
3312.86
3957.40
4210.43
4328.47
3941.12
3700.43
3080.36
2104.69
1949.92
1963.31
2305.51
2733.54
3639.89
4091.43
4271.72
4186.33
2989.62
2552.96
1562.34
1696.30
1647.81
1730.41
1673.47
1606.45
1985.62
2027.30
2727.99
2951.30
2790.37
1523.11
953.97
559.75
379.34
576.71
1222.25
1829.77
2675.97
3341.33
3892.23
3657.02
2616.05
2262.52
1628.04
1142.20
1120.51
1137.50
1125.01
1199.14
1201.88
1141.78
1288.22
1485.29
1353.70
904.51
619.29
545.15
403.57
491.39
644.22
1517.92
2788.66
3355.32
3756.38
3756.51
3278.59
2962.86
2230.41
1765.18
1536.61
1524.18
1623.17
1764.61
2709.55
3420.01
3766.55
3866.42
3498.76
2981.93
2291.01
1859.18
1357.59
1517.77
1988.28
2576.79
3621.91
4162.83
4380.05
3768.93
3096.66
2191.03
1470.34
1481.65
1622.75
1526.47
1563.67
1621.01
2118.57
3579.16
4044.78
4146.64
3527.92
3205.55
2264.27
1897.51
1986.23
2067.77
2682.60
3179.62
3896.60
4197.32
4240.53
4175.46
3933.11
3495.12
2643.24
2558.97
2533.01
2732.40
2722.43
2882.76
2929.90
3604.13
3866.03
3902.25
3726.83
3494.53
3349.08
2922.24
2902.98
2949.53
2974.22
3281.87
3840.87
4023.19
4321.43
3997.27
3417.28
2968.70
2462.37
2310.44
2261.83
2222.44
2149.58
2320.43
2179.57
3273.46
3707.29
3847.52
3542.87
3358.87
2899.53
2800.05
2600.24
2231.06
2527.04
2661.23
3316.59
3497.14
3576.03
3550.22
3111.23
2009.99
1596.02
1621.91
1342.28
1214.60
1432.18
1687.01
2072.42
2792.82
3204.93
3208.35
2987.35
2625.44
2452.85
2526.47
2174.82
2185.30
2164.03
2708.43
2900.05
3236.98
3475.23
3457.75
3122.76
2961.70
2791.78
2980.72
2670.20
2618.14
2588.25
2588.40
2647.52
2835.35
3056.72
3180.53
3191.39
3122.38
3110.93
2974.26
2639.78
2595.09
2627.81
2766.05
3243.89
3491.36
3657.48
3598.88
3420.19
3301.37
3249.61
3133.97
2863.44
2863.36
2745.58
2666.16
2744.09
2818.45
2862.99
2990.30
2990.30
2888.94
2826.03
2677.01
2193.66
1872.42
2208.54
2551.34
3006.58
3420.55
3762.25
3845.98
3606.09
3355.64
2974.46
2581.01
2643.40
2639.83
2601.91
2627.86
2893.03
3466.06
3738.00
3735.10
3412.97
3011.79
2672.18
2612.54
2453.26
2505.54
2559.67
2870.13
3507.71
3829.62
3880.72
3832.59
3296.52
2743.94
2542.87
1687.15
2193.09
1950.89
2012.55
2157.52
2040.85
2944.42
3312.58
3429.40
3298.82
3140.14
3188.99
2498.11
2419.29
2401.67
2490.60
2666.09
2697.40
3589.64
3495.87
3473.42
3172.48
2815.41
2413.20
2396.88
2125.57
2174.08
2157.70
2215.84
2519.09
2974.48
3704.64
3774.62
3723.01
3660.99
3661.58
3404.29
3378.79
3102.38
3271.63
3322.35
3431.36
3468.24
3629.31
3627.53
3423.18
3135.92
2628.03
2912.20
2519.13
2359.11
2244.74
2022.55
2385.80
3346.25
3260.88
3178.04
3272.56
2963.14
2788.69
2350.48
2232.10
2201.76
1939.49
2042.70
2722.21
3060.70
3112.31
3152.46
2923.95
2616.32
1889.44
1357.82
1217.51
1047.89
1028.11
1060.31
1572.88
2633.11
3131.10
3316.48
2482.01
1415.23
831.80
601.95
504.46
283.98
326.96
617.86
1114.81
2333.06
2706.21
2602.62
1632.66
1196.16
891.66
688.74
596.68
529.24
596.39
528.79
540.54
611.56
639.52
727.86
550.50
591.55
446.62
304.66
84.45
93.53
77.86
261.61
496.15
777.09
1073.27
790.92
540.47
523.66
329.28
200.30
201.23
165.01
202.05
252.98
234.91
170.58
439.35
554.53
505.30
539.51
538.84
509.32
263.02
239.75
252.61
356.42
607.77
1357.14
1501.55
1596.44
1358.99
1111.74
842.39
623.32
721.48
626.74
623.84
731.22
1259.72
2564.58
2974.77
3088.92
2639.91
2424.10
1715.49
1418.71
1140.37
1265.15
1601.87
1696.61
2602.73
3029.80
3287.24
3123.64
2788.64
2548.29
2206.29
1946.80
1934.38
2048.10
1952.01
1934.38
2069.74
2788.90
3220.26
3277.97
2987.10
2708.21
2560.59
2368.56
2281.55
2292.93
2421.59
2645.29
3128.78
3488.36
4318.04
3778.78
3197.20
2887.07
2631.09
2307.56
2227.84
2227.54
2227.84
2210.74
2535.42
3175.48
3976.70
3924.34
3185.29
2668.90
2391.74
2218.84
2247.77
2315.59
2468.04
2709.28
3024.74
3495.18
4272.37
3647.85
3001.84
2751.52
2598.26
2774.16
2523.87
2454.49
2312.16
2395.89
2676.97
3235.42
3985.94
3709.10
2884.29
2482.89
2238.25
2188.87
2051.16
2142.10
2312.16
2802.79
3255.05
3671.02
4461.62
3792.38
3111.09
2947.20
2815.95
2621.64
2381.23
2324.35
2234.37
2254.00
2413.51
3053.67
3385.54
3157.11
2796.09
2609.44
2517.54
2365.84
2195.85
2416.11
2459.53
2767.24
3138.67
3421.53
3517.38
3239.20
2940.79
2839.51
2683.88
2810.37
2558.89
2320.26
2284.57
2277.58
2325.54
2566.92
2764.57
2756.24
2789.63
2750.81
2702.92
2453.89
2218.09
2223.37
2358.04
2654.66
2784.57
3046.02
3180.84
3031.52
2762.86
2697.27
2342.13
1997.75
1710.28
1600.52
1599.93
1445.55
1469.35
1696.44
1783.89
2072.71
2168.33
2022.36
2059.77
1981.54
1772.29
1571.52
1625.43
1979.46
2439.97
2826.34
3063.85
2929.18
2751.09
2588.99
2189.38
1849.85
1337.36
1166.26
901.54
730.36
1159.42
1818.77
2482.80
2453.80
2167.59
1931.50
1617.18
1211.92
1293.34
1147.00
1228.72
1467.79
2298.31
2892.67
3115.75
2948.96
2451.64
2253.70
1962.43
1419.90
1340.26
1262.63
1125.06
1244.41
1561.33
2435.13
3093.00
3297.93
3065.78
2727.96
2612.78
2240.98
2180.75
2146.40
2195.18
2292.44
2716.36
2836.83
3115.60
2978.26
2613.23
2481.31
2377.36
2278.61
2050.76
1828.87
1806.86
2035.82
2283.89
2849.34
3514.59
3720.94
3196.91
3048.63
2934.34
2630.64
2576.28
2467.34
2661.50
2862.80
3239.15
3798.35
4762.31
3792.48
3123.14
2770.81
2690.43
2613.57
2502.47
2425.35
2343.92
2379.69
2569.54
3272.59
4238.30
4338.77
3220.81
2959.47
2688.41
2636.03
2560.03
2495.41
2655.27
2789.81
3309.33
3890.72
4499.10
3867.00
3160.45
2952.53
2784.68
2598.48
2499.28
2416.97
2397.56
2415.26
2591.05
3197.46
3896.53
4007.48
3207.72
2798.59
2484.93
2074.75
1875.39
1487.45
1452.72
1622.79
2279.99
2720.51
2573.11
2220.82
1431.01
1219.53
683.75
478.95
472.85
371.80
159.72
125.74
111.76
111.69
177.27
334.77
543.20
816.84
793.94
669.24
550.56
491.96
497.47
519.18
1024.67
1260.63
1455.74
1340.48
1077.47
820.11
575.91
479.93
476.21
433.08
460.67
440.14
442.67
441.56
446.39
632.29
684.12
551.39
461.63
427.35
419.17
480.00
498.30
679.36
1428.11
2082.12
2317.99
2156.33
1713.80
1209.86
1122.26
601.14
699.29
616.60
626.64
707.99
944.02
1432.79
2081.67
2261.33
1807.13
1440.60
870.77
743.61
906.91
620.40
1043.29
1517.49
2398.82
2908.34
3469.85
2824.61
2389.23
2367.81
2081.60
1527.98
1402.39
1395.54
1257.45
1395.69
1464.33
2453.71
3178.96
3698.67
2357.93
1925.22
1615.43
1203.99
1120.55
1041.58
1071.40
1334.21
1708.24
2110.32
2200.05
1480.05
1328.55
1170.01
994.21
334.55
619.66
402.37
342.36
312.17
309.64
714.91
1109.18
1156.69
779.83
714.39
407.80
269.41
29.08
2.83
92.65
297.37
207.24
150.14
118.90
82.10
126.41
150.43
14.05
6.92
2.90
0.67
0.60
0.45
4.31
149.81
370.13
433.06
312.33
285.33
66.50
18.32
11.71
29.18
107.56
126.97
181.64
307.00
334.05
331.00
305.04
269.19
192.50
126.38
36.15
10.04
3.60
2.41
6.03
56.89
449.11
457.99
361.58
296.87
152.71
102.67
102.20
145.35
133.89
172.05
252.24
386.58
371.55
289.80
371.48
380.77
371.25
332.31
335.14
347.48
348.82
348.60
351.20
366.08
469.61
522.19
522.42
390.40
340.05
271.99
260.32
222.68
222.46
311.71
337.74
489.96
255.85
331.03
333.30
381.96
413.52
725.20
722.45
749.74
753.16
753.69
749.74
899.84
1455.45
1463.04
1122.01
762.09
652.23
446.05
371.90
407.23
382.61
984.63
1361.74
1478.96
1924.49
1078.87
705.12
689.42
459.96
515.97
475.98
356.12
365.21
415.00
518.68
950.27
1690.34
1980.42
1615.37
1227.48
1181.66
992.67
974.96
975.63
1036.62
1181.59
1566.28
1843.19
1968.68
1334.36
1174.67
1155.85
899.47
900.13
862.20
801.28
816.46
892.70
973.84
1404.35
2230.70
2595.68
2236.73
1924.33
1709.75
1387.69
1362.40
1541.50
1544.11
1916.22
2409.14
3292.91
3605.52
2615.54
2194.33
1948.95
1922.99
1759.81
1652.98
1544.01
1480.25
1635.80
1790.38
2289.30
3571.54
3565.44
2484.80
2110.62
1726.41
1589.23
1620.92
1618.54
1668.61
1693.53
2195.13
2814.86
3570.42
2413.01
2030.95
1811.73
1700.30
1626.71
1562.29
1441.77
1361.12
1450.84
1625.22
1915.44
2126.27
2473.84
2243.44
2083.42
2065.94
1954.35
1896.99
1897.06
1960.89
1986.71
2174.93
2378.10
2556.94
2158.19
1849.00
1675.29
1503.22
1720.58
1633.40
1577.77
1574.05
1628.34
1706.96
2070.54
2603.33
3069.32
2435.15
2211.04
2100.59
1948.85
1773.02
1646.94
1805.15
1923.49
2038.03
2157.04
2226.22
1985.89
1621.06
1636.60
1435.55
1426.23
1294.14
1218.28
1076.52
1040.52
991.88
1096.97
1185.85
1388.00
1482.54
1376.63
1190.02
1077.78
1015.75
883.44
892.51
990.76
1259.78
1374.69
1409.35
1125.83
1010.92
1041.86
957.29
388.51
369.68
406.03
516.46
588.45
418.76
443.23
502.08
610.05
453.32
403.99
365.81
291.47
95.32
123.44
354.09
404.85
971.68
1303.71
1406.87
1316.95
1078.13
1041.54
1000.71
954.30
850.92
785.77
666.69
640.66
806.52
961.51
1179.88
1356.74
1198.17
954.37
958.84
873.83
874.94
916.82
1036.63
1262.21
1648.10
1966.28
2005.72
1522.70
1252.08
1209.70
1078.58
1050.83
1007.33
1041.78
1038.70
1065.51
1081.14
1243.47
1550.34
1846.95
1617.53
1462.20
1335.39
1040.43
1067.17
968.05
1052.93
1150.97
1535.73
1754.10
1853.50
1483.85
1236.17
1212.87
1143.27
979.12
931.21
903.24
930.76
990.72
1105.43
1260.38
1790.19
1842.93
1611.95
1393.39
1300.03
1135.34
1102.38
1059.90
1125.22
1256.67
1471.73
1786.54
1688.05
1238.59
1090.33
1102.08
978.75
948.67
854.64
575.69
565.50
535.37
835.67
1112.25
1284.76
1456.59
1247.11
1245.33
1156.81
983.41
965.12
967.64
999.18
1054.35
1251.80
1320.08
1353.64
1143.49
1019.86
956.78
894.59
979.86
882.34
843.22
825.74
862.63
1014.30
1158.68
1345.23
1447.36
1447.66
1351.85
1323.74
1294.80
1238.49
1256.79
1272.49
1330.21
1466.70
1498.76
1561.62
1331.77
1224.36
1155.48
1065.25
1065.31
987.14
959.76
985.50
987.36
1003.43
995.24
1050.29
1082.20
1083.02
1044.71
984.46
960.58
901.30
854.29
868.79
987.81
1183.58
1332.42
1362.92
1221.07
1063.68
1019.12
984.98
823.16
737.54
695.81
669.48
685.92
658.69
779.57
818.25
903.49
854.40
714.11
693.50
620.90
566.60
582.52
595.24
663.75
772.65
836.40
859.09
766.03
649.61
600.37
546.96
392.83
370.59
283.26
186.56
283.19
389.26
507.98
771.31
908.26
810.14
779.20
606.17
506.57
504.49
507.24
566.53
613.69
818.10
895.33
959.14
801.81
645.15
637.27
583.19
189.53
375.93
420.19
417.96
501.34
525.66
646.24
872.65
976.40
938.49
760.26
744.57
697.78
585.54
594.91
685.14
859.86
1141.52
1333.14
1378.80
1135.82
970.17
897.57
835.54
726.04
679.85
656.34
659.76
718.08
799.76
952.48
1152.89
1205.85
1116.29
991.69
882.11
836.81
862.40
881.74
929.20
1093.38
1076.56
1152.29
1112.47
931.26
818.21
732.51
670.25
682.78
713.97
729.04
713.22
723.60
833.04
961.48
1315.07
1318.49
1079.34
969.70
883.78
800.32
750.26
786.41
890.89
1045.93
1186.90
1152.61
1068.26
980.56
952.14
898.40
731.14
655.99
640.52
655.99
654.95
663.65
690.73
854.84
949.17
996.41
919.34
889.73
781.04
743.55
661.35
685.75
715.43
787.96
931.24
962.18
944.63
831.03
736.78
680.17
604.20
513.27
489.67
467.80
444.04
435.60
512.75
659.07
749.72
856.14
811.19
710.57
647.46
631.46
606.23
628.93
669.49
840.36
915.45
1041.22
1028.80
906.82
817.89
774.28
725.53
766.78
748.02
745.86
743.77
731.79
732.91
736.78
748.46
819.10
843.59
775.48
728.07
744.59
744.37
744.37
814.56
927.56
1043.23
1161.22
1268.26
1228.21
1098.09
1034.38
945.35
813.30
963.07
886.47
865.85
853.05
856.55
918.92
1083.95
1238.56
1250.54
1141.12
1067.05
1056.63
1056.71
1086.48
1153.77
1259.10
1336.00
1499.98
1361.01
1249.13
1094.89
1018.15
897.04
749.80
600.36
570.81
411.36
275.43
288.53
406.67
446.27
580.56
628.28
503.59
425.65
364.09
287.27
306.99
512.82
595.52
665.42
841.17
933.96
759.89
626.71
533.51
517.88
206.27
408.85
181.20
129.38
113.75
150.38
223.41
518.95
723.52
723.00
543.66
350.48
316.98
297.33
392.02
537.26
679.67
728.36
1088.67
1043.18
777.42
705.43
621.91
658.68
569.27
497.58
368.23
289.91
299.29
316.11
372.16
565.69
649.05
625.46
669.00
679.05
763.38
749.01
795.38
859.08
852.18
886.56
936.34
870.34
713.66
692.67
687.01
714.77
625.16
297.49
353.54
344.83
347.29
356.52
367.61
508.72
1004.58
1048.17
1020.96
985.64
945.35
875.77
826.85
887.01
928.45
944.01
1240.11
1801.62
1591.00
1442.81
1391.83
1338.24
1241.56
335.43
378.22
399.58
301.34
310.20
357.76
394.60
960.37
1037.40
1074.31
996.02
851.78
717.15
660.29
815.91
1027.27
1123.80
1242.36
1145.46
361.33
254.46
262.94
227.05
201.64
193.93
170.93
174.13
156.20
178.75
195.72
227.19
225.61
260.45
304.11
347.54
335.17
345.73
285.49
276.15
279.75
300.20
372.60
371.04
310.09
266.56
202.04
205.32
147.72
32.03
0.67
0.67
2.23
47.15
95.45
327.52
500.75
438.69
435.56
432.58
405.64
384.88
370.67
398.13
430.35
537.58
1157.70
1164.54
870.75
409.66
381.68
400.21
360.40
317.22
222.89
206.08
194.99
230.33
254.80
468.25
513.40
885.53
513.70
498.75
509.65
496.12
541.93
545.90
466.53
489.60
502.17
459.10
338.57
301.23
261.87
247.44
200.94
249.24
201.34
139.61
133.88
148.83
159.17
232.81
587.13
647.42
428.49
564.59
426.03
527.88
546.60
727.39
798.39
1183.07
1428.89
1487.28
1255.81
1108.99
1046.43
950.04
883.69
836.75
564.60
494.54
494.16
482.64
564.15
1125.11
1352.55
1481.00
1185.89
689.06
629.72
439.10
456.32
390.23
228.79
231.61
222.91
172.04
129.57
121.98
105.10
86.87
55.93
7.07
2.23
0.60
0.52
0.30
0.74
6.17
14.95
22.69
22.39
22.54
22.46
18.60
15.84
18.67
21.13
37.49
90.92
83.08
18.07
7.59
6.99
3.05
2.16
0.67
1.41
59.73
338.23
740.27
964.62
1175.28
1281.57
1277.33
1241.70
1055.14
973.62
997.94
1026.73
1107.88
1539.54
1447.00
1790.43
1770.35
1485.53
1319.88
1241.03
1196.55
1180.41
1255.64
1132.23
1063.72
944.70
997.29
1006.37
1006.37
1121.37
1160.12
978.70
894.94
989.33
967.99
929.82
1022.06
1055.31
1118.62
1395.56
1471.80
1228.26
1116.09
1049.14
1026.53
886.53
726.08
629.23
509.62
270.69
276.42
341.13
1093.77
1525.66
1553.92
1238.15
1059.26
966.27
1066.17
1232.50
1518.90
1579.07
1580.26
1890.74
1620.72
1394.29
1193.82
1039.25
1172.17
1097.71
1013.09
959.78
885.00
757.24
549.28
485.71
938.41
1186.12
1193.76
1033.96
1029.37
990.94
940.07
953.36
993.71
941.66
865.68
1009.25
314.50
207.08
174.20
140.06
132.70
116.11
140.81
132.93
128.02
127.20
128.61
137.17
168.33
213.11
254.62
215.05
232.53
243.39
219.14
209.92
215.82
218.77
229.18
371.56
297.76
185.67
189.31
180.68
175.40
149.59
270.53
177.92
122.36
77.28
43.74
82.27
337.17
456.78
638.64
537.63
450.46
441.90
426.36
428.51
430.97
460.13
476.57
556.23
450.46
370.72
328.92
279.90
296.78
238.32
586.03
557.39
532.25
518.79
589.23
634.75
751.52
903.40
1026.13
1000.54
887.19
821.29
800.91
788.86
800.68
873.50
988.04
1256.45
1174.44
919.02
838.54
841.89
825.82
804.92
934.88
892.56
918.89
918.59
918.89
931.31
944.70
1189.55
1529.99
1599.68
1312.35
1478.37
1388.96
1428.24
1586.81
1689.24
1810.33
2097.36
2136.85
1939.08
1785.11
1726.28
1590.16
1486.92
1493.10
1335.19
1360.56
1312.95
1266.24
1308.19
1339.43
1444.38
1487.82
1599.39
1577.07
1621.41
1562.35
1479.04
1525.90
1670.57
1799.62
1988.69
2030.57
1981.78
1821.56
1599.91
1577.07
1260.37
1036.48
1044.14
1111.90
1078.36
1151.40
1246.01
2011.23
2357.39
2410.28
2292.01
2202.98
2287.40
2230.06
2248.65
2469.56
2481.98
2489.34
2494.62
2346.01
2167.65
1875.64
1636.36
1487.08
1153.11
868.62
836.31
743.49
617.59
661.31
774.21
1131.79
1668.90
1628.61
1556.74
1591.85
1666.89
1583.59
1575.71
1554.88
1670.98
1577.05
1629.18
1441.25
1347.54
1161.53
1139.15
1114.98
1022.76
947.88
920.74
863.78
835.65
846.96
894.48
1041.15
1114.85
1233.03
1268.95
1284.72
1240.32
1209.60
1198.45
1307.18
1338.04
1384.53
1622.30
1233.18
1151.29
1041.00
930.48
932.49
846.22
1027.94
924.43
906.66
873.71
936.40
1114.58
1542.25
2180.08
2298.54
2193.32
2193.91
2155.84
2029.64
2007.25
2024.51
2233.62
2342.86
2399.90
2227.90
2126.16
1945.09
1709.94
1614.46
1291.27
1392.80
1302.81
1212.68
1129.02
1183.53
1318.36
1673.67
2209.18
2287.86
2103.81
2085.59
1959.31
1903.99
2025.94
2157.87
2367.51
2434.44
2602.06
2513.19
2337.83
2038.74
1932.99
2007.28
1680.89
1577.38
1552.00
1466.88
1473.31
1458.63
1550.24
1583.59
1695.99
1970.31
2081.41
1917.29
1883.75
1858.99
1765.44
1915.65
1963.32
2143.13
2349.26
2276.24
2008.39
1726.85
1548.60
1487.25
1260.59
1051.57
1003.90
907.30
739.17
739.17
785.57
929.54
985.46
1007.47
1093.21
1114.11
1186.31
1158.50
1129.13
1168.47
1174.94
1232.34
1297.71
1299.94
1213.68
1133.37
945.23
870.36
792.09
937.87
940.02
917.00
878.98
865.21
892.95
1093.28
1353.41
1517.60
1537.75
1695.18
1734.07
1727.97
1727.75
1727.53
1731.91
1825.39
1858.93
1793.26
1634.28
1504.36
1413.86
1320.91
1175.70
1559.11
1523.93
1561.12
1559.93
1561.04
1651.02
1931.00
2875.71
3298.40
3311.56
3315.95
3239.28
3108.77
3154.95
3319.44
3351.57
3421.02
3726.36
3620.47
3449.13
2974.54
2490.44
2213.51
2084.04
2088.21
2020.37
1942.29
1921.94
1972.45
2137.33
2470.96
3230.59
3555.33
3559.05
3530.12
3588.20
3346.30
3349.87
3452.27
3411.51
3557.56
3744.59
3682.50
3458.96
3077.92
2559.60
2356.29
2061.22
2155.86
2147.46
2098.49
2025.05
2021.98
2108.09
2626.32
3352.55
3447.06
3436.65
3369.13
3319.75
3256.17
3320.57
3450.93
3443.71
3406.09
3599.65
3493.46
3404.97
3203.52
2821.97
2533.00
2264.70
2278.06
2187.78
2201.43
2200.34
2212.06
2277.69
2624.16
3075.79
3291.90
3221.47
3177.97
3046.49
3004.10
2857.90
2287.36
2141.75
2095.79
2751.85
2424.34
2265.79
1877.45
2066.12
2007.74
1846.52
1728.56
1710.12
1681.11
1636.64
1674.05
1765.59
1816.39
1823.60
1851.56
1992.42
2148.89
2181.84
2088.28
2068.87
2080.62
2172.69
2230.85
2252.34
2186.67
2045.52
1967.58
1957.24
1911.80
1794.30
1715.62
1635.45
1719.26
1558.42
1553.27
1586.24
1575.54
1641.66
1898.56
2096.30
2182.78
2225.10
2212.61
2188.51
2205.54
2218.93
2341.26
2503.52
2196.84
2176.24
1941.47
2007.58
1916.03
1785.89
1525.69
1444.02
1353.24
1338.62
1217.07
1848.25
1960.88
2209.18
2146.35
2231.05
2327.87
2445.89
2407.22
2379.71
2498.17
3049.67
3126.34
3309.13
3143.89
3105.89
2847.39
2454.00
2208.29
2155.97
2196.54
2047.86
2033.16
2046.32
2117.92
2278.95
2758.91
3383.14
3388.72
3420.47
3370.28
3422.11
3376.00
3317.48
3415.57
3375.04
3432.22
3565.12
3375.70
3110.44
2743.74
2372.28
2268.02
2039.72
1967.91
1753.19
1516.60
1487.22
1711.98
1929.31
1967.07
2663.88
2911.87
2709.39
2571.19
2413.87
2451.45
2464.08
3034.98
3248.29
3377.18
3118.28
2975.03
2888.61
3040.63
2433.20
2215.44
2062.99
2158.14
2088.42
2005.78
2007.57
2049.07
2229.81
2431.79
2994.05
3329.07
3377.49
3331.07
3318.95
3335.68
3334.12
3377.19
3399.06
3443.16
3705.65
3416.01
3376.96
3227.39
2624.99
2433.09
2225.72
2424.62
2254.72
2218.88
2190.29
2231.12
2342.05
2668.43
3386.99
3527.64
3530.69
3505.62
3601.05
3578.29
3495.73
3543.63
3524.81
3532.02
3777.69
3550.54
3358.20
3272.60
2796.58
2514.25
2351.96
2324.05
2275.86
2162.74
2136.48
2118.93
2135.66
2196.65
2332.24
2574.40
2949.77
3118.75
3067.06
2960.85
2795.74
2804.44
2926.64
3128.12
3346.26
3292.56
3129.08
2686.04
2408.84
2288.13
2143.99
2236.10
2177.71
2142.61
2026.88
1996.39
2002.49
2089.80
2080.51
2179.87
2380.69
2428.73
2567.37
2586.11
2415.27
2441.82
2502.81
2689.42
3078.70
3198.52
3069.77
2855.87
2494.18
2408.65
2277.75
2083.85
2065.26
2040.19
2006.58
1992.67
2110.11
2917.30
3755.96
4055.10
3822.83
3759.46
3701.07
3644.03
3590.85
3763.70
3984.52
4154.17
4373.95
4155.06
3778.57
3644.40
3041.21
2687.34
2329.44
2273.70
2138.49
2117.44
2051.54
2099.66
2350.83
2743.77
3716.62
4252.58
4115.21
3853.32
3757.23
3590.77
3763.70
4110.89
4241.35
4388.24
4946.14
4432.42
3886.79
3365.34
2631.38
2387.72
2105.46
2022.43
2011.87
1998.63
2067.88
2080.45
2314.17
2743.44
3681.79
4016.67
4237.82
4204.05
4225.10
3913.22
3835.09
3830.41
3931.43
4053.94
4388.67
4143.20
3872.22
3629.21
2950.60
2616.24
2446.79
2231.69
2162.81
2078.89
2009.94
2039.32
2154.55
2510.08
3237.15
3645.32
3642.57
3530.16
3358.69
3034.84
2949.77
3385.10
3495.80
3608.12
3719.48
3718.82
3611.84
3272.40
2735.46
2503.60
2274.80
2203.98
2143.14
2084.15
2010.81
2101.71
2204.36
2571.56
3446.61
4042.67
4188.03
4052.48
4042.40
3679.16
3505.21
3470.59
3459.87
3559.62
3756.37
3648.55
3480.16
2946.34
2489.66
2288.11
2076.27
2105.75
1998.10
1807.71
1732.15
1700.53
1700.16
1715.84
1794.26
1947.81
1996.57
2018.65
1963.08
1925.64
1857.08
1911.47
1971.41
2098.46
2140.56
2051.89
1799.98
1718.98
1710.65
1470.63
1419.29
1290.96
1229.00
1220.94
1152.97
1160.10
1097.44
1120.88
1300.24
1544.56
1507.22
1605.56
1541.41
1381.87
1652.05
1706.88
1783.93
1737.15
1706.66
1641.06
1549.14
967.01
1212.89
1038.39
819.98
845.73
741.16
583.90
516.14
562.65
811.49
1304.22
1785.20
1856.15
1850.80
1850.80
1837.41
1849.68
1828.11
1855.11
1850.50
1852.06
1850.80
1850.80
1689.11
1396.07
1298.94
1237.06
892.93
804.72
687.35
687.65
567.89
609.47
737.93
1115.63
1485.23
1661.66
1674.60
1639.12
1690.96
1630.64
1608.25
1697.21
1673.63
1693.27
1703.24
1743.70
1710.75
1697.66
1690.72
1551.12
1330.61
1354.65
1299.97
1330.99
1249.17
1256.83
1338.95
1625.86
1883.16
2030.74
2007.24
1872.38
1844.90
1775.24
1732.38
1792.68
1703.15
1672.13
1829.97
1748.00
1679.71
1570.96
1397.79
1268.88
1042.08
1170.64
1083.03
1042.79
984.92
953.75
1159.80
1367.62
1671.56
1669.18
1664.12
1676.62
1669.18
1666.50
1612.79
1586.54
1564.96
1585.79
1593.23
1629.98
1598.81
1470.51
1353.22
1175.65
1035.36
898.95
884.05
868.20
832.33
859.35
915.00
1260.23
1407.04
1613.86
1652.54
1674.03
1650.53
1665.25
1698.94
1680.20
1636.55
1651.50
1591.70
1561.28
1475.83
1348.65
1142.33
1106.20
891.72
603.81
374.78
371.80
247.77
274.32
360.50
427.80
730.23
908.69
1084.70
1137.72
1078.38
1030.64
1102.55
1123.59
1192.23
1212.46
1237.11
1113.30
1032.06
964.24
892.33
867.79
823.77
894.45
833.69
793.09
675.52
637.30
636.93
636.85
689.35
818.74
842.39
889.39
902.48
751.15
710.92
690.76
818.60
839.64
969.85
895.19
818.67
879.05
792.12
760.37
743.64
374.05
275.00
251.91
158.39
133.11
121.44
134.67
173.19
287.64
398.37
440.98
438.75
408.26
223.02
242.72
252.76
354.19
393.68
384.56
406.45
402.95
395.39
306.33
144.86
163.98
74.21
42.31
37.18
85.22
145.68
226.21
570.03
670.26
729.67
706.58
798.48
812.81
876.12
943.41
1026.73
1086.57
1180.08
1224.70
1057.29
936.70
777.58
680.07
572.30
326.26
246.36
76.67
3.98
3.80
4.10
126.19
233.57
476.98
517.71
520.98
522.61
537.63
564.93
567.55
736.63
849.66
901.71
891.60
707.48
606.42
509.21
365.53
217.27
2.30
-1.08
-3.47
-8.94
-8.69
-4.45
3.55
27.19
129.25
114.54
107.96
100.11
79.53
85.51
162.08
184.16
200.56
256.84
336.33
295.76
193.96
185.98
195.64
156.68
80.66
37.85
22.98
4.83
4.24
35.98
81.57
179.43
205.91
216.24
194.01
183.82
149.52
159.90
192.43
209.94
180.04
228.88
182.29
134.20
67.68
7.24
3.55
0.03
5.43
0.23
0.00
-0.30
-0.22
-0.15
0.00
0.00
4.69
15.25
13.91
43.03
74.89
78.75
122.92
379.34
304.06
376.35
381.57
344.59
219.41
110.73
73.92
35.99
14.95
