12.81
12.92
8.99
4.92
5.57
6.65
7.32
15.03
16.91
26.40
27.59
27.97
28.41
40.05
91.58
146.13
163.86
128.92
75.87
59.66
50.19
74.38
52.28
21.13
20.14
26.63
52.02
95.09
204.28
454.77
737.08
906.37
948.88
928.75
832.17
748.79
785.00
831.12
942.84
1008.80
1116.84
1085.37
800.77
765.22
581.28
478.19
368.74
318.40
284.39
262.61
249.34
217.71
232.21
286.71
388.66
599.39
571.57
563.34
479.68
403.15
391.91
400.43
541.32
748.62
787.42
807.45
749.54
612.87
601.01
500.65
538.08
587.39
649.77
672.90
682.77
715.79
761.74
825.53
894.91
957.79
975.40
972.37
957.05
970.03
968.69
1017.55
1034.89
1059.36
1128.26
1073.16
1029.22
966.03
916.38
882.45
816.83
849.10
748.31
698.19
700.16
666.67
623.16
625.95
612.66
629.80
660.23
621.55
664.77
611.10
580.88
507.18
381.16
375.51
481.36
466.88
379.53
274.85
274.26
258.47
209.88
205.26
155.48
105.70
87.79
88.79
110.64
180.82
233.37
297.89
269.43
258.74
244.86
233.30
213.31
190.99
196.31
200.41
236.17
235.57
208.70
180.68
102.64
139.76
70.77
93.83
64.97
57.36
37.37
38.27
43.26
289.64
278.24
277.56
261.15
255.63
258.46
248.62
248.17
248.24
248.02
261.42
302.80
261.15
248.46
182.72
155.54
170.14
214.38
133.82
149.51
176.87
159.03
184.66
200.65
219.06
343.96
447.47
500.61
528.13
543.35
532.05
570.56
622.13
785.07
955.27
1141.52
1106.31
1079.39
861.49
735.10
640.14
567.20
669.69
746.08
736.91
710.39
733.25
765.85
996.32
1110.20
1230.14
1165.01
1101.55
1046.08
956.36
903.88
924.80
958.30
960.34
991.41
1020.22
954.28
889.55
783.31
754.29
657.97
632.64
598.61
531.91
515.20
521.46
626.00
739.33
924.59
1040.61
1021.59
921.98
847.52
802.50
782.59
820.84
960.18
1006.29
1063.67
1075.28
1052.40
978.26
776.47
754.18
666.73
634.65
606.08
561.36
524.76
457.18
397.87
476.71
593.24
692.29
659.36
630.26
577.32
579.51
546.37
550.38
667.96
765.59
893.81
912.76
813.11
731.63
687.42
668.14
675.21
502.47
502.41
523.64
501.44
503.79
525.86
584.50
759.10
855.49
895.77
878.61
787.90
768.35
743.13
781.41
885.55
991.64
1051.92
1094.15
1071.77
1006.11
951.13
904.20
857.20
838.48
783.87
779.32
748.80
691.87
532.18
760.74
1081.06
1341.38
1028.34
782.76
592.16
501.18
491.69
533.50
544.81
601.74
628.10
517.28
389.22
197.61
154.15
110.04
97.58
213.16
220.93
214.81
212.42
205.99
235.47
302.65
435.94
583.45
577.50
476.61
472.12
398.36
396.95
414.76
386.66
611.86
695.83
652.29
548.87
395.70
362.47
348.88
400.14
503.81
514.24
503.73
527.77
679.54
857.49
997.56
1431.02
2292.46
2350.51
2320.71
2274.26
2320.67
2308.13
2132.68
2031.06
2156.44
2447.29
2176.14
1804.66
1288.88
996.70
1009.21
721.64
933.76
838.16
740.11
504.06
500.50
572.29
807.60
1005.23
1195.48
1110.44
939.50
656.72
620.38
600.46
624.47
759.40
1055.55
1234.95
1229.97
807.26
700.63
631.49
615.73
563.32
481.27
507.72
517.86
515.34
537.08
583.83
774.42
907.51
957.76
859.23
721.20
644.33
594.47
582.67
622.02
698.37
825.67
1270.46
1314.87
1261.96
1107.28
1034.35
922.68
800.47
932.87
903.14
902.62
886.73
867.98
893.59
892.13
826.15
1044.77
1075.12
978.95
906.95
886.88
858.08
890.24
994.69
1116.97
1227.99
1250.23
1252.32
1164.80
1070.05
1017.67
965.14
967.90
926.64
918.06
904.56
896.65
895.31
907.02
920.15
922.14
933.81
934.03
906.95
837.49
802.12
871.51
942.24
1045.65
1116.70
1186.58
1168.38
1112.12
1039.00
977.30
917.24
912.24
891.13
869.64
853.60
861.36
951.56
1206.50
2062.76
3222.95
2176.25
1762.91
1398.74
1313.09
1278.69
1435.41
2067.94
3000.18
4352.69
3531.09
2205.22
1641.40
1268.35
1137.83
1029.45
951.43
907.63
870.47
849.48
834.11
812.00
896.16
1302.20
1671.61
1573.07
1477.65
1204.95
1100.05
1065.65
1119.52
1293.93
1538.41
2161.59
1843.25
1499.72
1304.48
1157.84
1034.09
861.19
856.68
821.76
829.91
824.37
780.78
860.26
1041.46
1494.90
1780.26
1487.90
1336.08
1290.42
1231.17
1268.48
1342.50
1460.02
1485.16
1559.41
1346.30
1246.69
1003.52
953.45
955.76
748.82
688.37
660.77
632.73
593.89
569.54
571.63
749.93
1019.25
1186.62
1139.32
939.58
847.19
700.93
628.17
542.30
494.70
635.69
709.00
678.13
609.10
503.03
452.94
444.49
355.38
278.13
298.40
309.89
281.56
269.40
275.15
303.72
524.33
597.29
444.13
351.09
312.08
277.16
275.86
245.84
239.39
269.47
241.20
220.09
211.03
202.16
174.73
112.89
92.70
126.25
160.11
196.75
203.40
183.48
158.26
222.35
351.74
482.70
552.91
610.69
584.55
612.60
611.69
645.93
794.12
951.60
1055.12
1108.90
1077.07
975.59
945.75
928.96
858.00
941.82
864.06
830.55
797.32
786.75
769.06
741.98
806.61
854.53
894.36
787.35
765.44
721.83
671.76
690.41
833.05
939.65
990.77
846.13
639.00
545.81
466.78
322.99
188.02
291.95
261.40
198.51
104.99
75.37
161.02
251.47
397.05
461.48
325.35
311.69
280.08
259.03
270.43
304.50
390.08
428.28
483.54
486.31
439.67
394.61
353.88
333.94
311.43
320.03
306.82
276.18
301.42
327.42
337.16
493.40
845.10
966.34
916.42
864.23
833.72
821.11
837.27
865.87
976.59
1020.85
1071.40
941.49
876.96
664.33
580.54
510.19
416.31
654.65
622.34
583.30
564.50
571.05
611.40
693.80
1055.41
1063.77
973.57
784.01
666.07
634.35
638.31
654.28
766.82
988.40
1116.23
1120.15
1048.85
857.71
798.48
808.11
585.05
544.19
539.56
534.08
486.40
482.95
599.26
717.95
1003.30
1099.10
1052.14
947.54
825.09
815.61
828.26
937.95
1085.25
1118.77
1325.44
1273.05
1161.63
1077.77
964.00
910.23
847.57
824.10
736.02
729.09
723.30
652.15
618.06
814.20
1151.75
1221.52
1155.28
970.80
941.69
895.88
904.31
893.67
1118.32
1255.54
1382.43
1376.61
1335.64
1213.76
1139.44
1076.83
980.57
1021.78
962.48
927.05
888.85
832.79
762.40
879.51
956.90
1107.88
1062.86
958.10
896.04
822.96
771.55
848.41
960.00
1142.10
1247.09
1249.93
1216.15
1165.65
1083.78
1057.59
983.02
994.36
946.98
917.73
900.37
912.88
920.89
955.78
1014.06
1024.51
1027.49
970.33
965.03
912.13
834.83
868.70
954.89
1128.30
1223.96
1287.09
1297.98
1232.93
1118.20
992.99
940.53
947.00
944.89
930.61
895.69
861.92
902.45
1187.74
1551.16
1814.93
1328.47
1118.90
940.56
875.02
860.27
926.63
1083.22
1273.80
1611.75
1497.81
1499.16
1248.97
1098.22
972.85
812.78
923.09
913.33
858.69
798.56
697.03
723.14
930.27
1261.80
1514.13
1159.80
1010.29
881.22
781.74
718.18
700.93
735.28
909.57
945.45
957.75
862.13
761.11
659.66
591.53
453.07
493.34
490.05
495.27
490.52
529.10
622.58
711.50
812.42
894.50
841.40
724.79
572.03
573.26
577.15
676.77
777.98
887.10
1109.72
1185.39
1084.56
967.78
907.25
835.41
738.15
871.66
904.11
904.88
917.27
868.88
924.66
993.55
1306.47
1607.05
1328.93
1182.82
1040.27
936.66
911.46
859.65
1029.92
1116.17
1273.60
1271.74
1214.19
1051.78
978.42
931.31
868.70
867.82
815.51
811.82
783.30
671.50
684.01
827.24
1056.43
1224.07
1119.26
971.83
772.86
679.82
666.10
664.09
668.69
775.36
855.27
883.88
748.37
618.16
553.36
502.29
468.98
450.49
438.80
425.78
407.84
411.02
410.23
421.82
488.40
591.94
539.54
494.57
451.09
450.55
492.07
562.51
699.59
751.07
906.02
983.36
949.93
908.48
946.76
1000.89
908.80
1007.10
983.10
900.02
889.98
867.67
854.92
864.66
930.77
952.00
907.36
839.39
780.40
689.48
664.10
718.37
807.70
910.15
1016.28
957.55
824.61
726.18
636.84
578.56
511.41
491.91
479.28
456.18
458.89
460.44
483.20
598.91
852.05
967.96
896.25
765.73
608.59
550.27
566.24
573.09
578.81
621.13
660.53
657.13
568.26
509.10
492.26
473.20
465.11
415.88
412.45
406.50
408.54
409.38
433.65
507.79
631.56
722.75
651.92
578.98
527.20
515.79
521.11
528.01
552.26
631.50
802.56
814.45
677.18
628.46
579.16
582.69
542.13
582.66
654.91
558.29
554.63
563.12
575.76
791.11
1139.75
1264.95
1213.47
1013.86
881.74
865.17
861.20
951.89
1013.58
1255.32
1364.94
1449.95
1428.22
1274.25
1140.58
1095.67
910.82
1046.69
1027.42
1050.10
1018.77
915.34
919.72
1088.75
1417.12
1646.35
1611.16
1490.90
1345.34
1247.93
1110.53
1093.23
1118.35
1189.79
1488.36
1472.47
1363.03
1202.65
1108.34
1038.51
949.21
1026.13
990.56
958.48
952.14
949.31
1041.29
1200.15
1699.65
1981.44
1604.51
1350.30
1215.89
1117.81
1108.45
1162.08
1305.70
1491.83
2229.63
2185.99
1683.56
1369.13
1221.74
1141.26
1044.51
1009.16
972.23
895.11
882.01
883.55
897.35
978.22
1091.99
1123.88
1021.99
929.35
882.88
838.35
820.60
866.39
960.97
1044.32
1200.95
1284.48
1222.63
1098.64
955.20
927.07
880.36
1000.36
961.47
921.74
894.33
891.87
896.42
894.51
951.04
966.63
973.29
952.48
925.11
929.88
885.84
902.63
966.25
1026.96
1148.51
1267.82
1195.51
1146.54
1039.28
1026.45
980.87
955.21
903.04
897.64
936.28
961.82
981.28
1128.24
1527.33
1572.54
1277.85
1041.90
874.20
816.61
796.55
834.67
964.15
1171.82
1655.49
2021.91
1606.64
1326.84
1157.70
1039.84
966.53
991.59
932.27
921.56
873.43
862.64
906.32
1047.09
1430.08
1448.47
1067.40
926.61
818.24
719.05
660.27
733.51
820.40
955.84
1321.09
1300.14
1162.81
1062.20
965.19
909.15
853.59
779.74
740.58
742.90
725.69
704.86
727.11
854.21
1128.12
1255.61
960.40
804.85
665.95
608.10
617.20
635.49
671.63
825.09
979.22
1074.56
1032.39
866.95
776.81
707.32
608.36
552.54
552.51
538.65
502.54
489.63
482.73
565.20
781.15
833.11
563.23
518.63
488.46
447.88
447.94
482.73
497.01
507.20
534.22
497.29
450.97
424.63
373.17
334.24
274.88
290.82
306.93
347.28
331.25
355.48
405.47
500.49
891.31
1036.69
862.16
705.47
596.57
539.97
535.84
547.29
584.56
602.50
642.90
628.50
459.65
415.33
388.48
368.85
362.50
300.22
312.00
313.49
308.35
296.79
305.44
353.55
388.75
393.75
450.44
393.11
337.06
301.34
393.00
459.98
493.10
674.13
806.15
797.94
789.77
683.90
684.49
620.07
573.77
679.50
633.92
643.02
623.78
628.78
639.89
646.08
634.00
731.41
693.67
567.84
450.96
375.63
370.23
363.55
413.21
548.83
853.97
964.99
735.09
577.14
426.35
411.56
342.63
211.38
107.24
67.29
30.51
29.32
35.00
241.01
364.02
394.87
381.01
375.82
335.61
312.44
298.34
298.56
318.03
372.97
467.54
580.04
650.64
575.94
648.84
694.63
722.76
644.98
670.68
689.41
689.56
703.58
768.09
1048.33
1224.08
1272.92
1134.74
1021.61
922.64
901.34
900.07
955.99
1043.48
1214.67
1491.63
1660.05
1363.66
1163.15
1046.44
956.69
858.81
917.31
893.67
872.19
865.03
869.35
874.65
976.99
1192.82
1306.67
1195.01
1054.39
949.88
898.96
873.20
884.88
991.25
1116.90
1177.49
1287.10
1214.41
1099.25
883.40
902.05
838.77
756.88
774.26
755.09
742.86
749.05
788.43
858.83
1131.04
1186.29
1063.45
951.05
820.45
754.10
776.19
820.45
898.01
1063.75
1183.63
1303.09
1217.02
1078.59
1018.37
929.99
856.90
861.21
824.44
815.79
797.52
835.55
840.03
958.04
1113.34
1206.93
1085.24
951.25
837.52
765.88
731.66
743.21
825.26
957.89
1117.05
1182.06
1180.98
1073.70
984.14
941.79
879.41
956.11
897.83
873.29
836.45
818.55
834.46
873.40
1003.73
1032.98
1027.40
932.88
836.12
746.48
699.74
696.52
728.11
912.12
1031.36
1153.11
1106.45
995.01
935.47
910.14
894.40
792.87
655.21
528.47
520.22
468.29
476.80
566.32
731.05
769.03
663.79
410.69
260.90
121.52
23.37
21.26
258.06
497.55
743.56
1018.65
874.34
640.89
474.66
342.30
268.99
292.69
292.91
288.80
269.07
190.33
222.64
311.83
437.80
522.83
332.61
165.21
42.01
8.03
4.36
88.55
265.77
526.93
929.24
1137.83
792.59
694.35
615.32
580.85
445.22
486.52
458.52
399.72
343.19
300.76
357.09
387.55
491.54
468.79
456.71
188.71
98.91
29.84
30.13
75.41
224.29
325.65
558.75
481.40
315.56
222.65
188.93
190.35
152.79
122.77
121.37
115.09
102.82
120.28
98.57
193.89
327.67
333.00
138.06
1.00
-2.06
-22.53
-20.06
0.27
29.61
98.68
450.52
450.59
382.98
260.79
250.25
233.54
232.42
226.02
220.27
264.58
292.80
353.57
492.09
694.86
994.61
809.36
587.05
376.47
29.99
0.60
0.15
98.16
474.49
739.92
967.42
1188.99
1033.80
874.87
779.87
732.85
655.09
646.04
652.80
660.22
655.51
692.88
792.88
878.08
1024.33
911.70
619.09
487.07
236.47
96.15
60.27
276.40
672.42
867.84
1048.24
1519.73
1274.68
1051.57
924.54
888.43
790.86
932.14
849.87
874.33
870.90
883.28
904.76
893.53
899.50
731.30
541.07
134.63
15.44
-2.51
-0.75
7.38
411.59
752.33
1085.87
1298.19
1044.47
829.50
745.92
740.22
730.52
710.01
707.18
704.42
719.86
735.97
757.15
745.89
693.72
469.66
205.05
106.20
10.36
-7.98
0.12
29.27
158.91
612.39
822.93
1000.66
1007.37
923.69
865.44
804.55
773.04
714.81
707.95
721.23
722.47
671.11
754.31
1088.29
1162.57
999.47
737.60
629.51
580.97
567.10
576.80
625.97
722.75
839.72
1072.15
1261.95
1180.41
973.98
894.41
792.15
730.49
778.61
759.27
743.83
749.54
764.59
792.28
944.53
1141.34
1092.77
958.67
760.79
727.07
719.35
733.82
763.40
841.64
954.21
1194.97
1435.53
1299.39
1094.31
982.28
904.42
800.67
758.84
746.64
729.51
726.50
759.47
805.41
1038.02
1150.05
1107.23
932.44
765.51
743.71
731.63
745.35
758.33
878.44
974.83
1124.29
1462.11
1339.09
1104.43
986.26
895.15
819.83
809.53
762.75
738.38
721.45
733.69
789.89
991.35
1195.20
1187.54
1124.48
923.59
826.02
820.93
807.55
802.47
820.67
906.48
1065.09
1238.93
1294.03
1111.59
1012.32
921.02
832.53
814.10
790.99
790.21
774.75
785.74
850.62
1066.88
1157.63
1156.54
985.46
835.56
793.44
779.55
780.18
786.15
803.28
919.82
1069.45
1159.20
1126.15
970.16
831.19
850.45
784.52
836.68
769.46
716.17
670.63
648.25
675.51
723.68
741.57
736.72
644.43
539.92
500.72
427.31
357.97
406.51
527.97
628.32
889.61
971.93
991.74
905.95
809.30
783.34
710.46
671.37
639.89
593.83
583.15
586.22
451.82
458.90
453.58
450.51
348.53
179.63
21.63
7.53
1.42
19.24
230.76
447.52
706.32
675.09
550.75
455.88
451.43
448.39
460.02
449.83
478.58
584.47
603.62
640.47
770.78
1008.77
1140.77
1009.21
751.63
508.87
377.13
232.47
208.45
374.03
522.35
713.50
996.72
1228.84
1268.59
1055.92
847.07
794.22
697.55
687.74
671.22
677.07
594.45
619.33
769.67
948.01
1019.75
794.73
524.84
193.90
7.93
-1.20
-2.09
71.92
344.03
715.94
974.46
1178.74
1214.33
1062.53
878.07
801.19
749.32
759.76
729.29
725.30
740.17
761.86
853.34
1111.74
1102.55
807.20
575.85
204.30
10.26
-4.18
-1.63
76.07
423.34
819.25
1052.13
1750.29
1643.94
1318.53
1031.56
928.67
829.38
1112.30
763.38
737.42
742.39
764.02
825.74
1046.75
1052.69
745.09
583.05
283.66
34.30
10.47
12.06
162.49
544.52
830.95
1077.98
1993.60
1822.90
1192.03
1020.00
914.16
826.65
872.09
868.51
841.13
753.30
758.78
882.99
1073.49
1062.70
826.17
539.09
325.59
59.24
19.08
12.48
27.22
115.96
306.93
643.13
745.00
543.84
329.78
316.38
202.30
137.57
177.79
82.84
63.04
50.53
70.63
87.46
90.59
86.71
23.54
0.00
-14.29
-44.31
-94.29
-86.17
-45.33
-11.63
8.07
219.03
283.74
228.20
190.27
200.42
203.53
229.72
74.64
102.46
120.70
124.60
136.22
138.96
132.52
125.13
100.49
39.08
26.56
20.21
20.73
19.79
24.65
40.20
284.58
617.41
709.50
736.55
716.19
654.16
643.76
606.60
823.77
800.20
760.08
737.92
760.64
893.72
1055.63
1225.63
1207.64
1010.04
829.32
800.98
751.62
752.54
795.06
789.18
925.97
1128.73
1550.25
1433.95
1207.41
1025.61
936.54
858.79
750.59
745.94
742.31
719.08
719.88
745.44
840.42
1046.23
979.68
793.89
686.53
585.71
510.60
509.38
577.65
662.65
759.15
954.98
1024.16
866.18
684.22
620.55
474.34
420.66
500.60
475.61
480.16
492.02
522.26
681.64
880.94
908.94
878.37
789.59
611.51
644.85
632.64
570.02
587.16
680.20
742.31
982.70
1187.66
1256.14
1128.65
951.42
876.54
797.45
775.22
738.44
720.71
714.94
687.48
750.15
898.39
1044.50
921.37
670.85
528.08
335.68
188.53
49.76
230.71
508.66
649.63
856.31
937.35
1048.29
1049.71
745.92
674.57
605.29
635.75
584.26
513.31
484.13
399.96
446.42
636.32
627.62
482.79
261.10
152.71
12.54
-0.07
-0.22
108.04
476.23
659.06
903.97
1182.08
1197.90
1088.21
929.42
880.02
821.67
822.70
775.33
720.34
717.96
720.04
691.99
721.76
734.52
685.42
568.13
490.00
487.54
487.47
15.37
29.40
188.55
420.61
702.15
1050.33
1098.95
874.62
711.50
571.93
322.79
133.13
30.75
22.46
15.99
7.90
8.80
8.46
9.30
10.54
-6.75
-44.23
-60.67
-26.90
-18.64
-15.61
3.43
40.47
148.89
409.74
431.27
367.84
443.78
413.10
460.48
447.75
450.55
458.44
468.20
560.97
849.06
1071.24
1300.29
993.79
822.90
739.08
623.40
552.94
549.06
518.96
568.90
752.46
981.88
1372.87
1289.05
1007.70
860.06
763.70
757.80
709.00
693.26
697.66
682.21
751.49
966.01
1342.87
1189.18
809.36
642.97
520.00
369.66
116.75
81.51
219.52
465.70
617.82
913.20
1161.95
1029.73
827.52
713.66
592.82
507.83
499.40
498.43
507.13
514.10
613.15
847.20
1123.71
930.43
624.10
360.48
0.46
-17.54
-16.27
-15.01
-11.45
-2.33
168.89
603.99
931.50
850.57
716.82
616.54
532.95
499.93
499.93
499.93
514.48
529.78
643.31
967.83
1214.53
994.59
589.61
302.40
-1.04
-8.88
-62.65
-42.93
-2.01
132.62
559.60
980.26
1208.02
1151.29
1022.42
844.69
771.43
792.56
753.86
761.50
773.09
748.42
786.25
1056.81
1269.32
1040.20
713.95
466.63
76.21
0.05
-9.77
-8.87
3.71
209.01
526.06
828.48
992.34
1029.13
829.30
732.00
679.47
740.26
703.42
689.67
687.60
674.37
666.39
690.11
735.73
710.31
274.29
4.30
-8.04
-127.85
-68.65
-67.77
-115.23
-24.35
10.68
475.57
740.35
738.00
628.69
589.44
513.00
525.74
455.20
468.03
509.52
521.98
577.80
571.13
557.88
315.34
11.06
-0.02
-36.85
-30.96
-39.46
-114.58
-162.86
-64.74
49.36
714.46
965.26
955.48
892.98
807.32
726.63
624.27
609.49
587.35
596.88
618.00
696.92
926.39
1332.65
1079.34
799.26
558.08
445.11
164.73
55.62
117.00
423.28
484.37
757.82
952.38
1257.28
1231.90
1031.50
903.27
785.27
708.72
655.66
664.87
671.11
683.98
789.28
1067.27
1347.99
1021.10
681.56
570.78
419.57
181.09
125.63
222.36
419.42
547.28
674.40
882.82
1346.68
1278.79
1045.10
899.31
784.67
784.17
716.95
707.04
705.34
715.48
817.18
1140.40
1311.26
982.65
743.24
617.65
443.71
103.60
50.19
99.09
260.31
470.29
623.55
743.33
940.35
1036.17
830.78
761.36
735.77
693.50
668.43
663.55
656.27
671.88
728.17
979.33
1282.90
1012.41
763.22
639.85
495.16
254.44
25.21
4.38
26.90
122.86
160.73
242.54
310.69
185.83
169.78
165.85
154.54
60.88
59.81
51.46
43.72
42.45
78.70
126.12
218.52
308.30
243.26
136.68
36.23
17.58
-3.47
-2.21
31.26
79.27
421.71
722.18
895.20
974.51
933.44
797.10
732.50
754.91
734.97
712.20
665.23
665.55
665.40
698.23
720.75
699.01
502.26
104.65
-4.39
-62.25
-123.54
-151.00
-116.81
-1.62
420.20
831.21
1120.60
902.75
679.57
644.22
479.94
477.85
418.18
316.35
220.29
239.41
257.48
219.65
205.47
95.66
55.47
7.26
0.09
-14.70
-24.83
-33.89
-51.50
4.70
125.13
671.39
818.21
841.89
798.72
729.20
672.08
609.42
582.39
578.81
614.50
631.15
685.09
898.99
1135.31
1073.14
781.85
679.69
575.52
465.60
460.30
480.61
562.23
631.78
700.62
859.18
1344.26
1050.55
768.22
616.91
567.56
544.54
546.37
502.98
476.32
395.82
398.21
547.39
641.87
561.64
337.08
251.10
25.81
4.36
5.29
10.50
29.61
38.42
77.29
173.62
280.83
331.01
272.42
322.25
358.18
302.35
380.23
570.20
393.45
351.78
424.51
757.92
958.02
820.94
708.04
595.51
478.50
263.59
167.27
188.46
404.57
507.77
676.35
866.91
1092.52
1019.09
903.49
819.11
736.19
618.13
627.17
596.05
513.28
570.96
618.87
682.02
913.52
970.76
903.53
821.36
709.52
603.53
605.03
580.43
579.71
624.27
698.68
824.69
919.55
895.36
813.02
672.18
655.25
631.44
571.03
554.59
552.19
528.66
539.97
551.89
611.08
632.45
625.62
606.04
561.50
560.26
433.10
396.58
410.85
491.42
622.39
741.04
888.07
907.94
834.53
743.36
672.05
608.20
555.41
586.92
569.08
589.34
620.15
629.93
663.98
626.42
570.72
221.61
36.45
3.87
-6.20
-1.80
5.28
21.67
456.56
767.40
824.22
945.94
895.32
775.84
705.01
738.60
708.64
739.10
727.38
737.98
811.24
816.76
704.31
497.60
127.06
12.08
1.29
-5.38
1.21
3.09
13.02
66.19
447.32
787.50
895.59
1082.34
1027.19
909.65
826.47
810.79
728.72
720.36
723.12
731.64
735.82
724.84
681.83
660.85
657.01
487.05
252.96
128.33
66.53
63.02
76.84
372.98
662.86
761.34
910.65
1039.02
986.42
916.75
795.56
718.27
662.95
652.49
634.62
631.44
727.07
899.40
1075.94
1153.44
838.09
710.73
671.71
601.46
500.36
533.57
585.68
620.17
746.86
913.64
1421.52
1970.38
1174.19
903.34
802.48
796.75
742.10
722.99
721.94
746.43
808.02
1023.51
1134.86
961.89
746.58
686.85
704.70
605.03
599.43
657.02
689.47
739.52
808.43
962.37
1164.47
1109.94
941.51
807.77
725.30
703.03
659.20
647.26
639.42
629.71
678.84
823.74
884.76
878.32
813.07
721.69
698.40
608.89
589.43
582.61
587.68
622.40
711.97
754.25
855.90
907.85
854.62
795.30
695.04
679.59
619.05
613.90
622.63
634.20
706.54
779.48
846.52
828.68
742.16
658.24
563.28
497.28
358.49
305.93
443.98
545.29
628.56
742.33
865.93
924.09
818.48
749.35
687.51
746.56
688.25
679.55
669.37
664.51
678.35
694.38
644.51
538.91
242.47
19.06
-0.62
-19.61
-17.99
-24.14
-14.85
2.15
226.49
589.78
745.17
801.81
723.04
636.52
539.84
505.50
469.69
432.71
441.39
462.42
515.50
516.17
474.33
259.86
1.35
-20.98
-39.18
-86.49
-130.30
-147.43
-136.45
-28.60
106.00
607.98
827.44
927.45
815.54
739.09
698.48
688.52
645.60
620.29
637.53
680.71
742.63
1045.04
978.54
722.93
502.88
74.73
-0.26
-29.66
-39.55
-40.49
-12.05
15.06
512.52
760.80
1118.91
1454.14
961.64
793.02
710.87
667.77
635.00
599.40
579.47
572.98
635.75
797.86
844.38
746.24
581.25
66.17
2.39
-4.75
-13.13
-11.25
1.62
109.61
577.11
761.29
1043.72
1304.32
963.71
812.29
730.09
709.04
671.72
653.74
658.66
682.17
715.24
860.33
897.90
745.61
568.03
56.56
0.00
-6.91
-15.78
-14.69
6.86
150.58
567.22
759.82
973.03
1316.80
955.40
808.53
736.51
727.80
685.04
675.18
676.45
675.48
628.14
626.49
582.46
416.37
38.12
-1.18
-29.16
-31.89
-35.98
-67.15
-117.56
-19.36
283.60
659.43
969.30
1226.87
913.92
751.81
650.08
587.97
518.52
462.67
446.15
453.35
552.26
647.92
660.75
633.52
410.13
6.60
-0.07
-5.97
-22.39
-26.92
-1.62
2.57
444.89
620.28
788.56
867.67
878.49
770.52
692.46
699.48
664.11
662.02
686.49
680.75
685.33
692.91
654.63
596.21
100.96
0.07
-0.07
-8.66
-22.68
-20.05
-0.22
2.80
230.95
448.46
574.68
625.65
562.83
500.24
474.16
447.74
335.63
234.83
152.15
149.39
116.26
101.63
58.43
21.81
0.03
-0.07
-0.07
-0.15
-15.08
-37.20
-11.86
-0.07
83.23
589.14
715.97
813.35
838.57
759.55
651.77
560.98
526.08
539.04
560.78
559.49
667.79
827.73
914.64
796.03
677.63
596.89
459.96
401.61
370.52
442.46
512.35
447.38
623.19
629.76
798.35
756.61
774.52
643.94
514.12
534.79
535.25
528.67
524.11
541.40
608.67
750.55
909.23
808.55
619.86
539.18
446.78
319.37
284.72
338.96
445.15
506.77
664.88
797.54
1000.49
1202.58
1019.21
882.52
755.61
687.53
649.50
638.90
661.06
710.01
810.10
982.53
1074.08
932.69
719.51
614.85
546.93
480.74
476.91
507.65
559.59
610.35
715.18
809.50
962.01
1097.99
934.03
809.50
720.71
715.14
683.81
682.69
695.15
716.86
815.04
927.12
1045.46
925.90
756.47
660.23
567.99
485.03
480.65
527.67
600.49
640.73
688.54
815.37
1006.79
1380.73
1068.14
856.19
794.35
762.98
720.30
699.49
709.41
738.58
813.71
1052.03
1014.95
748.02
616.26
419.68
145.79
130.59
117.51
104.10
125.97
396.76
591.58
737.22
885.44
1109.08
972.55
800.73
731.95
785.04
767.80
736.99
718.34
752.81
749.57
729.16
700.63
504.84
122.20
62.33
40.64
22.47
19.75
21.84
7.47
25.54
247.67
638.58
925.42
1217.63
966.11
803.69
704.96
729.69
709.54
705.11
711.93
711.70
712.18
653.66
463.16
63.39
58.29
29.24
16.17
16.67
9.95
8.30
5.12
19.89
96.79
610.35
873.66
931.74
817.37
734.53
631.88
637.96
606.32
603.86
607.78
631.46
728.87
1022.38
1052.94
809.29
520.21
194.05
165.41
100.12
65.76
68.42
133.17
165.72
556.09
784.34
1054.96
1287.73
875.51
746.81
693.52
670.39
660.54
665.39
700.77
721.46
775.84
1020.29
957.33
749.14
588.86
122.92
11.04
-2.97
26.12
-15.69
-8.48
15.87
544.36
743.96
1014.27
1588.41
1088.64
822.55
737.50
683.62
638.13
628.86
633.03
665.11
695.87
854.44
913.83
742.09
523.90
6.93
-10.51
-35.74
-36.17
-38.29
-20.35
15.04
228.73
658.97
850.41
1181.99
989.10
813.71
710.92
723.83
634.99
602.04
585.32
596.47
631.18
776.70
774.66
639.41
445.45
33.97
-0.39
-34.94
-50.03
-39.32
-32.10
-4.12
28.80
524.03
728.63
915.37
801.99
685.29
609.18
577.82
473.78
426.86
418.50
477.64
597.37
703.29
877.29
795.73
589.20
79.78
2.97
-16.28
-11.75
-10.85
2.84
24.73
387.84
683.80
833.83
1155.51
1068.38
865.86
731.92
545.36
556.91
505.69
526.39
510.11
531.35
538.72
523.45
385.58
14.80
-0.27
-27.42
-25.51
-22.48
-32.70
-27.02
-0.85
52.31
544.22
743.33
905.52
971.42
969.08
832.59
796.23
757.14
735.35
726.65
734.16
730.95
681.12
650.23
506.25
74.48
0.96
-1.93
-16.26
-51.60
-76.88
-40.77
1.62
68.22
638.97
808.72
933.79
973.33
883.36
773.03
746.52
686.78
648.82
632.20
636.41
699.58
954.98
1023.77
846.10
698.69
503.20
232.26
91.57
37.30
59.69
230.58
523.09
669.01
792.04
1032.95
1463.66
1155.38
930.95
834.38
813.28
761.65
726.52
724.21
720.63
804.80
1038.83
939.90
745.75
556.96
388.89
118.93
1.27
0.07
0.67
49.30
359.30
484.52
721.08
872.57
1140.13
947.23
772.88
618.43
620.59
560.78
460.73
313.70
297.64
431.17
479.38
456.97
298.67
293.46
286.04
19.57
18.14
9.63
8.90
10.54
34.10
334.61
367.77
365.87
379.05
374.58
341.69
254.37
111.45
102.98
110.77
104.75
78.52
116.52
165.08
199.84
246.31
132.19
18.16
5.56
0.91
2.65
2.87
4.90
4.53
30.66
341.68
592.19
717.41
828.72
783.43
704.14
694.69
694.92
649.86
645.46
645.31
715.28
958.46
990.61
855.40
640.65
522.16
371.61
130.91
29.35
26.12
53.65
225.81
513.74
559.42
674.55
773.18
880.99
788.67
767.35
728.04
697.99
661.95
608.87
600.32
586.41
612.22
572.18
450.80
104.68
-0.05
-0.70
-0.95
-1.27
-1.12
-0.25
11.29
350.84
635.58
813.64
827.99
804.94
664.78
551.77
204.28
175.53
103.88
61.00
28.69
15.74
9.10
9.17
1.72
0.00
-0.31
-4.03
-1.86
-9.03
-18.21
-21.34
-6.27
8.15
51.38
256.48
430.80
546.80
527.68
380.33
386.67
364.34
441.46
343.36
313.53
572.43
778.17
672.34
518.17
286.13
69.38
0.37
-2.78
-10.56
-7.79
-6.12
0.00
149.90
398.70
819.33
1079.40
1124.69
846.84
683.45
389.70
262.42
199.66
154.02
109.68
86.23
213.11
255.16
267.78
185.97
31.64
23.93
0.28
0.15
0.67
24.52
137.86
336.29
622.08
862.11
1026.52
829.15
748.42
614.68
570.19
514.82
502.68
455.12
486.27
540.97
692.66
746.58
708.61
671.32
570.48
532.56
490.30
432.81
396.88
317.84
501.88
624.41
713.58
830.02
1006.03
1006.34
927.23
771.30
739.48
707.21
686.71
682.94
682.87
681.55
667.32
645.23
618.77
444.89
171.57
14.56
5.08
5.79
4.11
5.24
8.74
176.37
454.62
528.31
552.20
479.67
434.95
399.89
215.70
162.79
157.10
146.39
107.29
147.66
306.87
359.33
389.41
212.02
22.49
6.19
2.98
-2.09
-13.65
-6.60
5.44
72.88
320.85
524.03
777.72
763.54
693.18
510.69
527.19
464.83
463.19
564.11
666.65
690.51
706.99
631.09
393.62
23.60
0.05
-7.65
-22.90
-98.23
-56.86
-22.93
-0.34
308.74
662.71
980.16
1434.70
1434.85
995.68
761.25
690.19
635.64
575.30
552.62
541.96
460.49
264.86
86.92
17.25
0.57
-4.48
-15.60
-40.87
-71.31
-97.87
-87.35
-32.88
6.65
133.05
449.99
576.38
594.57
623.96
490.09
383.06
301.17
369.67
412.50
438.88
584.17
707.18
806.82
706.00
607.74
423.88
245.89
134.46
80.74
78.25
126.51
253.32
385.10
606.92
776.96
1319.24
1647.74
1056.90
759.95
780.94
781.41
723.11
701.03
669.84
727.99
889.23
799.22
600.68
303.02
23.60
12.53
3.76
-9.21
-14.84
3.17
22.84
157.22
451.92
642.81
880.51
707.04
681.94
568.64
379.82
331.70
318.76
310.27
317.32
313.50
579.98
719.46
838.49
589.93
532.05
344.29
150.07
72.29
136.22
281.62
420.47
597.63
748.59
916.96
1190.03
1035.58
838.74
701.83
719.96
659.92
618.12
612.54
618.81
623.44
723.45
878.77
852.27
619.42
484.61
346.99
149.50
82.64
52.58
152.37
424.90
567.58
723.42
814.11
955.86
797.84
666.92
580.80
588.97
494.23
422.75
412.31
393.71
470.32
494.69
536.02
427.63
96.34
25.87
14.84
10.38
3.14
-1.72
-8.87
-0.05
9.33
353.79
603.51
828.38
964.47
937.84
770.12
653.56
622.87
581.99
610.86
613.69
611.60
637.56
647.04
595.74
487.11
227.74
70.42
8.88
-0.05
-0.12
-1.25
-3.43
203.90
519.75
634.16
819.80
822.51
731.14
597.46
697.23
619.17
573.37
520.23
499.94
415.11
288.12
27.43
3.25
0.25
0.01
-3.77
2.29
7.46
7.24
8.93
12.61
16.21
17.61
298.60
449.07
512.86
484.35
382.43
35.81
31.04
31.15
31.85
90.55
221.53
332.47
296.05
32.99
11.46
6.05
1.12
-1.48
-27.51
-33.32
-22.72
-4.36
16.73
490.91
850.92
1054.80
1107.17
943.80
754.85
646.40
582.37
519.64
447.20
404.04
463.84
556.64
617.58
618.59
515.33
169.49
181.00
132.48
118.16
183.66
233.49
350.87
433.03
525.77
612.70
628.51
680.94
730.59
636.38
526.92
517.66
512.37
516.57
533.47
606.00
755.31
804.09
634.69
493.10
155.55
19.05
6.54
2.43
-8.26
-6.19
7.05
478.92
659.24
979.46
1577.79
1342.67
890.20
701.68
693.06
654.20
622.27
632.97
664.37
686.30
856.75
778.05
588.26
263.04
5.91
3.01
0.00
5.67
8.58
15.52
-2.07
91.44
593.10
838.87
984.68
828.03
783.28
648.26
475.46
412.12
437.17
463.50
469.37
527.40
624.14
646.90
566.97
296.32
30.83
5.15
-0.60
-2.01
-2.92
0.95
6.16
258.74
577.18
750.08
814.51
695.81
587.54
525.16
551.89
531.05
493.39
498.83
507.63
481.23
407.84
144.20
48.24
2.37
-5.94
-38.04
-108.60
-145.62
-159.44
-41.05
-1.76
52.74
552.87
783.30
887.60
863.52
856.78
759.01
658.67
633.82
623.96
678.29
686.12
687.34
633.91
493.83
401.72
38.65
2.67
-0.15
-9.10
-41.84
-24.68
-6.57
6.34
397.98
719.20
813.05
854.71
1010.12
951.94
794.64
788.47
679.69
648.41
605.62
595.97
615.10
734.07
853.30
760.90
630.13
445.65
98.91
18.37
3.81
5.16
11.13
89.51
463.77
573.66
727.07
751.22
794.48
689.44
612.83
630.86
588.19
523.23
492.36
497.69
532.20
754.16
798.13
735.33
522.18
32.76
0.54
-3.84
-15.80
-12.48
-9.47
54.02
574.52
770.91
924.93
1151.07
1096.70
1030.19
796.45
742.12
687.09
694.02
626.79
653.27
640.79
837.96
856.98
830.80
588.37
161.79
9.31
-0.57
-1.31
-1.00
-1.91
10.87
401.71
510.03
613.93
787.58
768.35
737.29
619.60
718.22
633.37
648.88
463.43
348.10
425.18
536.17
502.80
346.55
11.47
-6.38
-34.45
-20.55
-16.72
-14.20
-27.19
-32.05
12.10
599.21
883.73
1035.72
1057.73
967.17
812.24
813.18
780.06
750.15
775.81
742.09
813.41
901.88
885.14
827.85
609.36
117.60
30.50
3.85
-2.36
0.61
15.39
207.11
651.58
828.10
1011.68
1478.12
1332.53
1022.35
905.43
884.10
824.15
806.77
796.37
813.85
779.14
751.27
676.89
566.42
174.56
1.42
-15.18
-97.16
-189.55
-193.75
-33.05
0.46
429.87
753.03
954.10
1169.23
1233.09
1050.15
889.20
806.77
753.95
727.02
687.16
655.75
603.17
498.13
188.02
9.15
-0.67
-51.01
-90.48
-45.08
-45.13
-72.91
-50.26
-39.74
22.16
366.53
680.62
809.90
935.00
926.84
758.10
405.70
351.32
278.59
283.16
325.09
327.92
467.64
369.92
450.55
125.31
14.22
-11.06
-2.92
-22.86
-15.72
-19.57
-7.50
-20.61
3.58
117.05
233.94
332.87
260.21
234.04
25.90
31.49
31.30
31.37
43.14
32.46
40.19
311.39
236.09
6.11
0.01
-2.72
-14.48
-19.62
-14.58
-13.20
7.01
20.30
370.36
561.61
671.69
684.78
634.30
406.74
395.30
381.65
353.43
406.65
348.12
340.18
640.25
588.16
459.28
309.15
74.74
15.48
9.81
0.00
1.75
7.24
128.18
495.94
662.65
1001.11
1492.11
1842.90
1295.27
946.30
894.90
802.96
767.15
735.77
737.01
664.06
998.81
902.06
796.70
719.53
663.55
580.96
524.01
441.97
381.35
365.49
470.28
580.50
608.36
700.90
739.65
746.07
810.53
725.37
590.11
486.50
439.84
410.15
374.10
368.96
427.31
471.48
476.08
246.75
138.65
151.96
88.42
33.56
26.34
22.35
30.35
38.58
161.06
518.04
850.66
913.26
888.49
747.62
631.60
487.00
417.16
288.75
246.22
191.08
209.59
253.68
202.30
21.84
0.86
0.15
-4.34
-14.79
-15.01
-4.79
-2.07
22.13
186.49
399.55
582.21
754.79
642.42
566.49
125.13
213.01
286.11
282.01
276.96
293.53
337.03
317.53
223.39
14.85
0.00
-4.15
-39.78
-148.38
-177.74
-114.24
-19.31
0.27
116.61
445.44
788.36
876.18
829.17
753.59
530.59
593.89
619.25
627.69
623.13
619.55
645.37
832.04
809.66
684.69
556.96
326.27
142.13
74.31
146.61
447.63
600.60
686.25
820.77
1335.05
2155.98
1741.00
1171.36
915.08
830.20
710.93
664.75
656.99
671.54
719.96
842.31
896.03
855.89
680.31
629.01
518.97
332.27
316.86
430.11
582.98
677.43
761.17
1134.62
2292.45
3552.71
3035.09
1865.25
1101.57
890.03
766.25
690.45
687.02
684.26
750.21
868.70
823.85
779.83
690.08
604.80
521.67
269.41
243.07
347.65
533.34
593.90
666.05
850.49
1388.00
1791.35
1344.56
1006.73
809.53
622.96
603.68
469.70
328.80
247.57
195.78
99.40
109.99
91.81
65.87
11.14
10.79
10.82
11.01
10.81
11.11
20.73
26.19
31.36
445.87
909.51
1110.83
994.62
873.17
813.85
771.99
746.02
719.16
708.94
651.63
721.55
830.41
746.17
611.34
404.35
49.92
-0.37
-12.11
-7.87
-4.55
17.89
297.76
556.36
677.67
682.97
721.99
804.51
688.24
502.05
415.67
307.61
282.13
239.91
77.66
335.02
223.38
133.27
25.98
8.38
7.37
1.19
-1.57
-7.13
-0.82
-0.18
12.73
202.54
382.68
593.06
786.11
837.64
800.12
597.16
522.32
551.57
553.14
548.36
594.47
585.44
578.80
526.57
289.59
143.34
98.42
76.56
43.65
83.57
377.34
528.06
748.33
801.16
836.90
897.79
933.01
911.89
826.61
886.59
801.40
760.36
739.47
753.50
722.63
961.64
1010.93
1108.86
984.42
810.44
734.16
618.54
482.77
393.59
377.99
357.84
475.47
609.49
688.45
725.86
820.16
821.37
651.24
774.61
693.09
607.99
632.54
636.94
679.99
684.94
1007.53
878.60
701.75
610.10
585.18
448.75
408.23
411.84
391.33
486.40
596.75
626.20
761.87
916.08
920.34
870.40
753.23
724.88
648.03
625.70
631.59
634.95
717.39
848.15
869.04
847.63
713.79
631.87
580.26
489.98
345.77
285.87
359.02
530.74
632.22
738.82
865.44
1009.91
1031.55
893.86
782.68
752.87
714.22
664.76
644.99
656.33
735.79
802.92
800.13
786.11
663.32
611.84
487.43
337.39
294.79
296.35
423.12
573.04
644.69
747.69
853.56
1004.87
990.14
901.84
803.43
781.81
742.94
708.84
676.68
682.95
741.67
801.44
790.32
784.77
696.10
618.53
429.08
314.35
211.26
193.28
281.60
444.33
620.42
644.97
760.55
876.73
881.05
849.12
675.43
837.40
780.25
673.03
634.23
540.87
470.50
378.29
403.94
441.87
344.64
135.72
22.00
5.08
0.35
1.64
8.26
118.18
531.78
761.01
797.20
769.40
786.69
724.23
574.25
618.36
562.84
554.26
537.16
536.19
610.28
662.61
687.77
656.14
400.41
61.06
9.61
2.80
0.05
0.16
10.86
66.53
497.50
750.67
848.64
895.35
952.80
947.13
861.10
850.89
776.22
732.61
708.50
739.62
799.85
879.62
907.58
836.26
689.77
631.18
594.54
529.66
478.87
426.48
416.55
530.58
631.18
738.41
821.80
1044.73
1056.49
941.34
859.30
791.89
769.20
700.51
658.89
650.23
694.11
823.46
846.45
797.53
677.82
579.70
485.13
441.77
352.73
300.04
317.73
485.13
633.44
757.91
807.25
893.96
1059.76
905.19
839.25
728.67
701.48
646.84
622.66
628.86
663.54
789.17
840.59
835.29
777.78
670.20
639.23
611.69
586.76
507.95
516.46
603.48
664.91
712.67
808.80
893.51
963.01
900.89
825.07
774.34
733.82
671.35
632.92
640.01
664.19
690.61
823.34
790.43
694.73
634.28
575.10
523.61
412.37
371.47
493.86
558.09
617.19
708.76
818.89
901.13
985.09
933.37
852.10
797.11
740.02
711.73
719.27
736.36
807.79
865.18
867.05
816.44
732.37
634.20
612.11
597.03
544.93
531.35
542.40
596.95
627.41
745.76
895.63
1093.79
1078.04
939.52
846.97
803.06
786.26
770.14
758.50
734.24
699.24
734.29
648.48
588.75
392.88
77.08
11.50
4.42
3.89
6.22
25.20
223.09
569.34
734.42
854.36
842.42
806.67
788.38
731.96
654.09
663.81
666.28
702.92
759.05
733.39
725.41
601.46
581.09
322.78
76.95
19.61
3.63
4.79
7.60
100.59
484.45
692.12
748.24
835.92
865.78
858.39
857.19
784.05
650.03
552.86
531.67
456.54
503.43
570.92
738.26
752.74
730.35
818.43
791.18
738.11
633.75
610.09
640.40
656.60
678.89
778.57
789.91
893.42
920.05
896.46
811.86
746.77
692.65
650.95
638.11
612.13
604.66
666.48
812.19
815.78
765.09
681.48
610.11
510.68
294.55
79.21
74.27
57.67
250.45
565.74
664.24
810.48
840.26
845.19
809.80
768.37
377.15
355.77
334.76
339.73
353.61
403.64
537.09
745.46
720.30
609.76
502.32
399.31
251.67
185.83
200.16
300.81
506.15
582.59
642.45
783.75
843.32
893.78
825.10
769.27
730.16
702.24
666.49
666.49
697.54
758.40
823.16
814.02
824.06
718.21
665.59
629.91
613.31
600.35
612.42
632.75
674.67
725.32
791.50
908.76
1150.70
1049.78
883.62
812.85
830.54
773.83
724.42
692.32
698.81
714.26
799.72
820.23
827.40
732.97
702.25
635.59
620.22
587.45
562.66
560.88
588.39
608.50
662.31
720.19
810.88
904.76
840.46
822.95
796.90
751.67
699.64
683.74
672.39
667.02
689.64
678.59
632.06
620.71
594.06
561.27
495.76
372.25
373.89
486.68
495.41
568.86
698.74
795.71
910.28
948.50
871.24
812.13
781.05
742.48
709.19
687.25
686.65
670.90
662.76
646.27
625.22
609.89
566.59
526.39
342.81
112.24
66.06
129.13
341.42
614.77
714.04
764.91
805.84
856.30
801.15
766.55
746.31
662.50
623.17
579.29
567.20
629.44
708.85
810.54
835.87
693.84
611.97
291.02
260.72
274.17
225.59
268.91
191.84
318.72
496.71
690.49
827.81
759.56
603.69
466.99
443.77
394.94
377.93
369.92
376.32
390.33
400.97
501.75
415.56
108.83
90.68
42.61
36.49
24.51
11.48
35.38
95.97
232.48
617.29
770.46
921.93
932.75
835.23
758.82
619.35
518.99
531.81
480.19
410.02
417.65
527.50
586.31
700.51
536.48
379.29
292.55
184.95
132.19
80.19
209.15
335.81
564.71
673.92
760.06
695.38
683.25
603.74
509.08
441.58
402.59
394.04
443.80
475.01
621.19
664.69
749.69
702.16
663.50
553.50
522.65
456.34
358.58
261.64
410.97
540.52
631.04
723.13
835.21
957.23
933.67
851.90
767.08
785.92
735.39
687.71
665.47
703.08
750.62
796.22
826.22
795.84
773.68
730.96
627.63
575.02
462.48
366.13
366.43
521.88
623.82
719.80
817.26
889.80
876.99
826.29
766.69
779.65
748.68
729.80
687.78
681.29
677.41
669.20
632.11
585.09
490.19
232.02
42.39
23.77
14.17
10.46
10.94
39.55
452.92
681.45
761.13
816.99
809.04
778.62
708.95
635.02
578.52
534.68
503.89
468.07
447.62
349.26
194.04
40.40
5.42
-1.30
-7.31
-7.17
-38.12
-49.05
-16.78
2.14
26.91
525.82
627.20
681.20
716.36
726.14
601.98
574.72
518.22
505.73
523.04
526.05
618.96
670.36
760.85
756.97
724.11
581.35
385.40
104.99
30.49
9.84
11.84
100.50
328.79
356.36
504.16
299.36
207.93
78.42
20.78
20.20
20.83
17.96
9.08
8.66
8.94
18.24
171.97
135.29
8.76
-1.06
-12.79
-32.89
-60.08
-74.56
-62.51
-29.81
-1.48
9.74
27.30
41.92
28.17
26.97
60.59
21.63
26.78
27.03
26.70
29.97
28.19
25.60
47.59
141.18
30.56
1.80
-10.19
-29.17
-35.59
-28.09
-13.63
0.37
118.40
230.21
409.03
888.86
927.30
820.85
758.17
728.37
701.64
657.83
622.37
612.60
667.46
776.17
794.95
747.76
578.12
165.90
17.47
11.73
13.06
17.59
17.89
23.88
475.26
690.96
807.64
980.21
946.28
821.10
755.98
700.80
663.34
634.20
606.81
603.63
668.34
749.54
769.12
809.76
670.98
492.58
61.05
10.18
4.23
4.38
11.26
66.80
523.18
757.11
848.76
1079.34
1130.76
907.46
809.47
760.73
749.54
745.88
729.91
722.97
724.01
720.35
681.50
520.54
108.47
7.18
-5.90
-37.40
-69.40
-90.09
-16.85
4.31
46.94
569.60
764.93
932.90
877.24
805.22
708.79
632.81
621.17
619.98
581.54
602.14
624.60
614.01
557.40
143.13
7.77
-12.62
-40.07
-105.97
-175.91
-228.70
-106.02
-9.08
17.89
547.22
806.41
887.76
913.88
798.42
738.12
744.97
686.38
652.57
635.81
692.95
772.51
964.49
996.39
786.24
677.28
367.44
24.51
8.04
7.86
7.81
59.15
419.03
688.56
808.10
1149.57
1432.85
1036.56
812.53
716.48
694.25
669.31
637.52
635.45
645.48
701.35
797.96
780.89
736.70
690.28
593.56
301.59
62.52
33.94
38.78
261.59
545.72
705.38
794.16
1114.60
1165.73
1053.93
845.44
729.39
712.00
671.79
648.56
632.29
649.90
696.39
812.08
802.76
790.07
698.50
666.11
509.01
330.49
208.27
310.89
525.94
632.23
721.97
877.78
1437.37
1695.85
1149.31
919.55
793.13
732.31
686.76
660.26
658.39
660.86
727.98
792.57
820.56
742.76
679.99
606.55
504.32
403.75
306.17
409.86
516.58
591.47
725.75
862.54
1745.34
2119.20
1163.36
901.09
790.90
743.49
738.83
700.96
674.32
686.78
723.43
758.91
756.22
720.98
622.99
324.72
22.58
3.24
2.55
0.03
13.06
206.24
563.87
725.77
807.33
818.63
724.03
673.83
626.16
686.12
650.79
643.09
624.94
617.46
650.00
676.83
671.87
604.48
507.08
187.46
27.64
1.87
0.06
-0.10
-0.07
7.26
118.99
521.85
709.04
765.91
750.91
709.04
671.72
681.28
636.94
648.29
646.57
654.73
671.09
670.79
604.66
568.91
243.15
70.57
13.57
10.62
9.64
11.70
13.49
98.61
539.85
721.66
820.50
826.41
822.04
784.42
765.32
686.63
650.33
629.43
625.87
667.72
740.94
882.00
973.98
813.29
669.97
538.51
346.65
171.25
111.53
142.08
407.15
529.43
681.05
820.12
1391.98
1446.02
930.58
802.29
761.32
754.00
707.79
658.38
644.72
672.49
754.07
829.34
820.76
731.93
661.14
519.83
322.67
170.54
67.49
114.45
230.55
452.35
682.89
762.62
897.77
960.12
829.05
779.38
722.42
716.00
680.95
639.82
602.19
592.49
659.60
763.51
822.09
775.73
672.21
604.48
515.34
365.05
262.58
315.00
543.76
607.41
757.47
817.29
1008.99
943.42
860.28
771.12
726.08
717.40
677.24
653.28
678.36
689.46
734.30
810.06
875.06
808.01
726.46
640.82
579.51
518.71
493.30
419.93
509.02
540.30
672.25
730.07
797.06
831.35
829.80
783.87
711.77
664.50
612.02
586.64
578.66
579.65
656.14
738.00
759.19
687.98
349.70
246.84
108.64
57.46
28.85
29.06
63.45
265.58
471.81
623.46
774.18
829.77
781.73
760.58
704.43
676.22
640.45
629.34
636.06
638.67
638.97
646.96
647.78
623.82
465.28
107.24
29.93
22.39
15.00
14.35
27.16
86.13
536.70
748.77
837.71
923.15
898.96
829.76
785.87
750.19
710.08
704.73
687.71
680.77
679.05
671.81
634.57
537.06
33.19
4.61
0.21
0.00
-1.00
-2.02
0.06
7.70
460.71
745.10
824.90
875.76
853.41
802.44
750.34
711.17
649.59
627.13
618.77
622.95
747.30
861.25
933.08
821.42
686.52
544.75
261.39
74.64
44.29
51.02
187.63
425.10
643.03
832.51
1186.97
1737.80
1030.36
858.66
784.84
789.72
749.71
720.90
707.54
718.59
795.69
915.81
935.10
798.34
683.54
606.16
489.65
383.98
289.20
430.00
570.18
672.27
777.35
978.50
1463.36
1351.00
928.80
809.79
727.95
721.04
671.70
645.87
651.32
671.85
715.58
816.02
865.45
850.97
758.64
657.58
611.29
487.52
448.35
482.66
581.63
649.16
783.35
1005.29
1657.60
1657.43
962.33
848.92
772.39
725.21
686.16
656.08
650.11
673.55
736.93
901.52
1079.82
1085.20
918.67
838.07
807.17
754.50
752.25
753.12
751.41
724.78
979.01
1212.57
1561.24
1143.25
926.95
799.53
687.88
634.76
621.54
620.28
609.00
619.60
679.24
874.91
907.39
896.87
825.80
641.01
624.41
565.41
451.02
496.12
590.92
634.46
782.40
890.04
1101.79
869.58
835.69
714.35
642.44
683.70
646.10
621.62
607.56
623.28
652.45
709.25
732.16
662.45
569.96
286.26
55.66
43.69
38.26
48.66
108.17
141.67
545.19
721.22
880.75
949.81
845.80
750.55
662.55
647.22
589.00
513.42
486.80
460.55
459.94
461.85
404.77
168.69
62.57
28.22
28.39
22.85
25.07
27.44
26.39
210.52
581.18
865.94
1007.53
982.69
852.04
751.70
665.53
615.01
603.79
593.68
567.31
568.96
647.19
860.68
933.38
857.79
732.88
612.04
517.55
286.06
186.82
318.90
505.75
631.97
818.76
1159.21
1870.65
1571.45
934.45
838.86
750.23
709.05
672.51
677.96
690.37
707.51
797.36
927.18
1146.90
1100.73
903.48
762.32
633.99
589.15
595.07
586.13
631.67
713.13
839.31
1297.37
2324.75
1968.58
1051.66
824.49
680.77
725.86
677.27
641.47
609.95
606.30
612.58
724.16
807.67
796.20
632.98
232.10
38.13
31.56
26.06
28.79
51.91
158.58
484.96
660.56
759.86
707.93
545.96
411.75
320.85
118.69
112.26
111.15
124.49
181.08
375.37
545.41
722.59
746.42
580.83
309.40
43.22
23.89
25.08
260.41
530.03
669.84
814.53
1431.53
2612.17
1633.19
932.50
837.03
756.12
711.05
642.72
636.40
636.00
638.99
726.69
889.45
986.27
938.67
749.47
655.61
628.16
584.09
538.88
523.81
578.75
634.51
679.00
813.26
1153.45
1125.23
874.07
803.97
751.50
755.26
750.66
743.13
730.16
723.56
731.35
730.30
765.64
703.52
525.94
135.92
34.49
25.35
7.35
4.77
21.98
283.65
653.89
869.37
1182.26
1041.55
820.70
693.79
616.21
669.60
634.42
602.70
597.73
593.51
585.81
582.31
382.69
31.02
18.50
23.69
-26.74
-120.38
-164.76
-152.00
-43.14
58.33
101.01
694.71
806.99
718.46
647.44
634.58
620.88
544.84
558.73
562.70
555.45
540.91
559.50
786.04
940.86
890.90
762.24
646.39
558.40
479.53
441.05
499.68
555.58
698.85
927.87
1476.76
3079.27
2303.18
1134.75
925.01
844.36
854.91
839.58
823.83
819.75
821.14
882.29
1361.72
2213.98
1470.71
952.65
759.55
739.41
643.83
628.08
627.94
677.55
755.87
954.61
1451.12
2872.22
1609.49
988.31
848.66
791.14
751.53
754.71
734.70
739.79
746.97
803.23
984.34
1645.70
1283.51
949.57
801.17
734.57
622.15
603.96
627.91
642.01
745.51
934.82
1273.53
2054.09
1261.95
917.39
757.88
653.52
630.87
606.27
548.39
500.66
500.34
529.96
709.57
751.50
743.55
580.65
353.38
80.23
32.62
33.13
36.52
39.74
111.01
482.84
806.23
963.34
924.46
782.19
616.01
476.48
173.26
146.63
127.45
95.11
102.12
98.76
227.85
544.28
574.53
331.57
25.86
10.48
0.79
-10.79
-2.57
5.10
8.78
389.45
685.14
997.48
1004.40
768.67
699.31
585.66
455.59
361.47
310.67
285.16
277.91
280.70
294.84
374.28
382.74
302.13
103.46
21.97
16.17
15.14
15.65
12.35
38.82
480.11
746.64
887.41
886.49
829.73
746.08
650.38
639.25
578.56
601.23
640.91
699.39
744.51
751.57
785.99
809.57
655.20
428.90
161.71
56.29
25.26
18.29
24.89
146.60
735.80
937.85
1079.64
928.16
692.04
548.68
107.99
118.57
40.22
18.51
7.80
5.47
9.88
47.73
139.40
120.86
23.78
48.97
12.51
10.05
9.54
9.55
8.51
11.39
24.30
51.64
262.17
144.80
27.38
21.93
1.50
7.88
-0.22
-0.41
-2.66
0.92
6.55
21.64
135.03
171.94
82.02
24.02
16.27
10.69
13.38
18.46
14.02
24.27
75.95
192.42
263.96
313.18
237.95
213.63
175.09
167.79
155.87
137.11
132.49
144.31
190.71
275.69
580.20
538.23
262.71
190.08
30.65
54.37
31.32
37.88
133.97
213.14
520.37
763.17
910.16
851.18
677.88
568.72
447.65
293.60
248.54
185.37
155.09
145.30
191.52
490.12
691.96
735.61
588.73
427.23
44.30
26.45
25.13
21.42
34.39
160.16
400.13
691.64
833.30
399.50
316.38
265.47
224.78
185.17
141.74
195.85
205.59
216.29
387.54
572.89
811.33
812.19
710.09
398.48
96.92
25.51
27.40
24.82
89.37
427.12
732.20
1198.51
1827.39
1135.75
833.66
641.42
588.33
650.17
580.72
558.92
557.51
557.47
597.84
659.72
648.53
560.97
184.83
22.37
15.86
12.01
2.40
1.51
11.96
193.31
687.37
920.55
975.19
738.68
611.06
534.45
355.08
60.23
27.61
25.55
12.31
13.32
8.61
10.78
18.05
22.68
9.78
0.00
-0.67
-8.96
-12.02
-9.78
-0.05
27.50
249.95
337.70
642.22
494.54
463.01
292.35
310.78
220.38
219.47
216.93
214.28
205.34
243.38
324.05
577.57
825.63
363.85
257.35
209.43
197.51
183.39
181.36
210.52
230.20
636.05
955.39
1051.08
969.63
851.78
728.68
670.96
660.51
671.08
669.12
670.61
681.10
731.74
910.69
1286.49
1214.79
938.29
700.54
637.81
578.35
553.76
553.84
627.27
639.80
768.08
1021.34
1116.51
864.52
701.65
633.19
627.18
616.99
614.35
609.02
581.76
586.43
617.04
819.21
880.81
899.08
798.64
638.33
492.03
232.93
113.18
127.63
167.60
498.51
686.66
863.19
900.46
853.76
684.75
634.96
520.06
547.11
520.14
506.11
508.20
532.29
577.74
812.70
930.29
938.62
786.11
578.60
509.08
290.18
121.91
150.13
325.83
559.80
662.73
873.64
906.71
923.67
789.92
707.28
605.18
579.48
559.73
545.89
546.05
559.14
595.78
715.05
896.14
925.32
789.76
526.68
232.64
198.17
191.58
191.82
216.84
266.89
471.28
745.12
843.06
772.23
637.20
609.92
620.12
633.83
620.91
616.73
608.36
599.06
608.77
673.38
753.13
794.50
704.34
490.35
258.23
170.60
127.61
163.92
437.12
638.98
794.92
991.90
1089.00
914.31
843.02
780.46
742.19
710.90
696.71
692.28
682.10
729.04
727.60
752.36
788.78
736.54
708.74
612.10
271.56
135.59
63.69
143.04
409.74
641.65
790.34
977.76
1029.25
939.10
846.23
762.62
713.82
678.17
661.85
655.27
655.73
658.52
733.42
964.83
1666.87
1245.51
910.64
672.98
633.67
587.01
574.91
621.63
652.23
746.23
1050.88
2258.78
3034.79
1250.56
924.23
807.78
698.61
736.26
700.17
735.48
694.90
735.90
816.63
1058.38
1820.90
1561.23
1058.57
859.69
721.84
656.14
642.19
651.32
722.50
776.52
1064.64
2198.33
2669.12
1099.01
866.02
758.49
690.54
683.25
643.84
633.34
659.02
654.08
711.48
904.97
1293.96
1038.50
786.73
642.92
527.90
492.93
510.67
542.23
608.89
672.41
999.54
1890.69
2538.41
1135.04
843.94
735.47
676.75
678.02
657.01
642.43
647.64
662.55
703.88
923.50
1265.46
1015.38
756.68
683.09
584.54
491.08
451.73
532.31
599.50
659.55
842.47
1219.57
1285.46
806.80
651.43
591.37
426.82
325.46
256.07
250.18
285.05
230.35
257.10
388.53
644.68
758.38
536.55
375.40
302.39
163.40
123.21
165.37
203.69
227.06
310.99
486.10
403.27
384.62
221.54
111.00
46.38
5.41
-0.07
-0.32
-0.75
-8.39
-13.83
-14.29
-5.79
-2.31
2.04
3.94
1.55
0.19
3.66
-5.88
-6.80
4.08
5.54
14.22
26.17
14.78
5.61
4.11
-0.80
-2.18
-5.01
-13.60
-18.31
-18.67
-18.70
-16.93
-4.98
1.26
2.58
-12.70
-3.57
-11.95
-12.02
-11.84
-5.43
5.72
22.37
120.06
261.66
147.98
40.97
38.77
30.45
134.63
75.07
67.96
80.11
125.32
168.88
464.70
772.61
784.77
735.10
667.86
622.50
609.28
628.94
666.60
705.93
780.74
901.22
1064.02
1261.22
998.25
897.63
886.04
787.76
748.56
701.70
670.60
668.60
694.15
722.29
985.85
1641.05
2064.38
1550.26
1139.78
962.19
828.27
792.72
780.84
843.72
879.35
1105.94
1488.85
1589.42
1090.17
917.88
800.17
726.24
696.81
659.36
652.82
648.50
668.57
726.09
864.46
1151.72
1241.73
1008.93
884.00
770.84
677.51
665.22
673.14
720.77
840.91
1093.42
1371.56
1484.72
1057.73
853.49
807.56
729.48
725.12
690.51
695.51
666.58
691.48
730.33
919.71
1074.92
1108.16
979.57
807.80
713.82
618.57
545.12
512.51
469.11
463.58
484.88
535.92
525.10
468.75
388.92
370.85
319.21
409.75
341.96
365.45
335.52
313.82
332.83
513.43
663.79
709.41
559.20
483.15
437.66
403.85
394.74
375.28
370.19
442.20
566.16
694.30
694.71
560.29
495.88
482.49
458.12
430.46
446.29
448.76
430.21
411.38
428.33
489.52
521.38
546.66
523.36
513.05
476.71
404.34
348.89
380.45
499.45
618.82
789.37
901.42
948.13
848.07
797.34
769.81
706.52
678.20
628.12
596.56
533.14
521.97
488.57
501.86
520.46
528.54
546.41
528.79
535.89
498.55
388.81
465.72
596.28
656.21
787.27
812.58
870.11
861.60
823.61
803.61
696.71
696.84
672.99
677.27
664.50
697.23
732.16
981.27
1632.52
1490.43
1121.57
934.30
821.55
710.19
671.07
687.81
760.57
880.45
1348.58
2196.92
2211.81
1395.94
1021.68
890.75
808.69
793.54
757.72
729.88
724.97
719.45
744.32
893.44
1313.14
1522.63
1288.89
1178.76
975.95
828.06
769.36
813.40
944.90
1175.97
1745.24
3024.87
3041.37
1684.06
1217.59
969.86
861.51
861.65
834.98
803.70
773.41
768.05
825.30
1029.38
1730.83
1968.41
1314.03
1044.14
911.63
859.45
805.23
805.94
863.59
967.43
1222.40
1615.30
1629.41
1134.82
900.95
725.03
654.12
648.75
616.97
629.21
598.99
567.56
586.24
674.60
802.91
949.26
872.03
672.90
609.20
549.06
548.38
551.05
573.10
644.45
862.05
971.40
1049.11
916.25
756.84
715.15
692.16
655.60
640.67
651.56
650.08
656.07
687.18
766.35
958.73
1079.28
963.78
860.54
727.15
643.40
614.54
613.99
622.25
685.02
869.35
965.94
975.52
872.96
776.52
762.57
690.32
706.13
670.63
670.28
659.20
659.23
658.94
686.15
816.72
855.21
763.33
682.53
602.92
551.79
503.78
539.51
623.07
721.05
882.87
995.07
932.20
839.58
691.25
713.70
704.30
683.12
643.37
601.05
574.33
576.94
590.78
589.48
597.58
613.58
550.84
505.23
450.30
258.10
151.50
270.47
498.66
606.49
717.58
744.20
629.99
525.44
500.11
478.46
414.87
437.19
406.04
398.35
388.57
389.53
393.59
485.39
627.99
693.01
618.79
517.17
481.71
431.24
450.14
486.72
548.27
601.79
674.09
730.14
661.05
500.92
501.29
453.04
380.56
458.51
326.88
246.67
166.14
193.29
354.11
504.80
599.81
621.43
592.54
553.88
485.62
353.98
235.62
246.64
449.39
480.42
583.14
620.43
563.61
518.09
465.01
469.94
466.59
435.35
424.63
428.85
439.20
454.51
461.16
525.31
649.74
724.28
725.47
740.99
641.12
613.92
609.80
665.95
800.13
955.44
1413.32
2188.04
2082.10
1338.45
999.29
910.57
791.46
1082.62
736.92
709.53
596.85
530.27
504.31
539.64
614.61
672.27
620.10
595.33
515.14
492.65
478.82
474.54
536.38
568.63
679.73
775.67
757.34
654.27
617.75
579.31
448.42
129.53
73.45
48.98
30.34
27.07
56.22
173.85
485.44
634.03
571.83
438.39
287.94
289.68
237.69
211.17
185.78
298.50
495.94
556.39
557.22
425.98
309.69
215.81
74.57
26.34
9.85
6.91
3.19
1.48
2.81
4.49
9.85
30.82
64.24
58.29
45.35
45.48
36.55
38.90
35.86
44.90
198.90
412.72
457.62
290.19
136.01
124.62
61.03
41.63
27.62
23.83
15.75
5.45
3.30
4.97
9.28
17.60
31.78
28.74
29.05
31.68
32.56
38.36
44.99
77.89
204.75
326.35
334.37
288.63
256.07
151.25
143.90
46.41
24.09
25.08
23.57
23.57
25.20
80.55
410.81
642.87
748.07
760.86
722.56
706.86
617.69
605.92
622.56
624.93
741.69
832.19
945.77
847.85
709.88
582.14
556.28
466.15
329.34
215.62
138.52
76.35
81.97
226.12
440.16
596.99
667.78
652.59
605.05
563.35
511.71
477.11
544.90
664.03
759.04
845.56
843.14
805.94
686.73
603.83
594.41
546.84
439.13
403.53
404.42
420.76
408.68
479.87
631.16
765.66
748.87
640.84
537.38
524.39
529.05
575.07
664.50
772.03
830.52
924.18
947.83
849.02
765.74
720.70
704.57
650.35
561.80
523.41
489.19
451.07
426.68
448.06
515.99
597.60
637.03
503.78
412.55
357.54
321.17
300.08
263.76
526.02
636.22
683.94
730.74
735.76
652.92
618.56
577.02
573.62
616.07
582.92
557.16
564.18
594.76
586.37
720.05
841.88
771.55
622.76
569.01
557.98
571.87
620.79
746.07
836.44
838.37
780.45
747.29
643.64
597.04
570.56
512.87
421.58
387.30
257.78
180.60
166.60
122.76
98.00
86.74
131.35
223.58
201.92
136.61
117.62
156.87
236.97
361.22
387.94
499.93
546.27
565.91
512.87
496.64
489.69
498.23
490.48
386.98
397.67
399.49
408.82
429.23
418.62
440.81
505.09
535.78
533.81
509.13
492.57
498.99
529.53
637.75
771.27
819.05
981.13
973.46
848.40
736.34
694.17
659.42
602.66
601.93
577.73
534.82
525.34
523.45
511.05
660.06
739.50
696.20
630.28
555.29
516.39
498.98
508.47
518.54
544.82
574.57
673.13
585.74
482.46
468.34
431.65
345.29
204.81
116.09
54.18
36.77
42.41
47.28
88.81
208.90
351.71
475.92
447.91
436.45
394.69
374.42
453.32
477.44
567.03
668.58
823.00
762.74
670.60
590.66
561.32
540.25
514.56
433.01
496.13
485.26
477.80
466.17
480.79
552.76
706.65
664.59
547.94
469.31
462.30
463.23
550.12
647.30
749.37
939.40
1009.02
883.61
804.88
733.00
697.69
649.01
623.88
665.13
665.68
663.90
661.38
645.06
649.06
826.27
960.52
883.45
695.92
635.80
624.95
627.11
650.92
742.81
935.51
1101.27
1151.76
1026.27
944.20
858.33
753.91
727.79
676.05
673.17
663.04
668.89
668.94
653.36
659.91
813.70
968.11
935.20
792.38
697.24
671.90
663.05
687.32
745.46
931.42
1233.17
1333.27
1087.94
972.71
874.93
796.24
733.62
687.19
720.69
719.17
701.77
701.59
702.58
703.26
706.94
775.23
787.67
773.66
762.89
723.83
710.52
716.13
758.22
878.32
930.83
1007.59
1019.58
982.10
903.29
841.33
793.27
723.38
707.61
705.88
692.98
680.30
684.13
684.42
671.37
661.50
726.14
728.70
724.45
726.46
730.45
719.73
726.58
730.19
820.31
934.22
941.69
880.75
791.46
698.35
689.18
671.35
664.32
654.28
640.21
653.42
650.85
689.26
829.29
1067.99
1179.13
1067.14
943.05
860.67
791.04
809.62
863.05
922.31
1000.36
1160.03
941.05
793.92
689.15
655.26
623.18
581.22
580.18
572.41
529.23
504.52
501.95
508.18
584.94
710.54
770.85
734.69
671.54
638.18
617.59
630.48
712.69
792.38
922.97
1011.75
817.47
706.45
639.28
595.77
497.30
436.34
447.91
419.74
390.67
362.88
308.88
343.71
373.26
388.00
388.22
373.74
352.91
360.80
366.93
369.86
398.38
445.53
402.78
556.23
512.29
490.80
429.92
304.50
307.49
265.94
159.40
108.36
66.21
49.73
40.86
139.85
236.46
356.12
414.31
371.25
329.28
282.90
317.10
392.78
418.95
445.30
499.51
746.88
757.36
754.15
725.99
716.80
622.06
647.77
677.46
676.28
628.37
607.25
594.89
591.80
780.63
972.70
1018.57
902.90
836.14
788.33
756.09
772.54
779.33
845.01
835.68
936.89
812.79
709.92
617.91
571.70
472.59
446.36
455.42
453.69
430.18
412.39
396.84
404.17
423.68
467.54
543.63
607.23
608.67
620.21
620.30
646.04
659.47
702.87
760.84
865.44
877.52
784.85
705.11
697.16
709.29
713.86
699.95
709.31
696.98
682.80
658.62
633.59
602.65
618.71
646.00
681.75
657.69
675.78
709.62
690.70
713.67
742.96
818.43
887.16
876.77
814.84
701.42
622.61
590.10
504.72
497.04
492.77
473.00
440.42
435.21
471.99
549.97
706.51
832.91
793.34
729.49
628.71
581.09
580.92
649.39
717.21
760.65
884.20
870.00
826.76
767.67
691.15
656.00
605.12
631.75
617.66
586.95
579.31
594.88
619.86
680.40
786.87
904.00
813.10
696.20
671.05
680.99
735.24
819.17
914.45
1129.48
1150.64
1154.42
1008.18
815.00
715.27
730.21
671.88
654.22
644.02
628.66
621.32
630.34
653.58
777.54
1008.94
1095.41
965.81
841.12
787.83
776.82
804.97
871.63
1035.83
1086.06
1121.30
999.36
922.14
799.03
755.19
740.71
686.30
678.58
657.97
650.05
648.28
649.40
673.12
771.07
1077.02
1163.07
1143.91
1055.33
972.60
940.71
932.62
990.72
1116.34
1293.91
1307.84
1217.44
1163.46
1005.40
875.84
793.01
691.48
728.38
691.00
661.57
656.82
673.82
731.67
954.74
1347.51
1533.95
1358.04
1127.90
1028.59
973.49
1012.57
1148.35
1469.11
1878.68
1867.24
1531.76
1279.91
1060.20
876.16
774.75
703.74
752.48
705.13
660.39
636.79
607.61
557.41
517.83
543.98
553.35
608.59
612.39
586.63
569.45
562.79
600.36
579.01
638.53
659.75
587.11
504.13
491.06
483.87
472.43
460.49
315.82
273.76
269.52
295.18
294.89
287.58
309.73
393.47
449.51
470.98
491.07
497.90
507.03
491.18
518.72
577.26
581.72
603.77
616.49
625.69
579.47
553.00
547.80
517.67
511.14
512.29
519.91
519.23
515.14
565.26
660.54
730.86
783.38
851.00
960.87
998.00
990.02
1121.33
1251.33
1417.50
1696.26
1914.72
1665.01
1370.02
1113.68
997.26
894.69
756.00
715.80
686.12
676.60
650.96
665.44
687.30
850.84
1917.85
2356.65
2110.42
2061.74
2412.09
2385.01
2171.04
2168.96
2261.29
2640.71
2834.35
2250.32
1879.92
1301.24
1014.91
893.60
762.05
693.46
671.79
659.65
667.96
670.71
724.90
973.15
1425.70
1771.78
1582.25
1472.40
1273.45
1230.02
1256.57
1377.94
1670.96
2198.67
2200.41
1709.86
1371.84
1055.06
859.02
761.29
673.60
669.42
627.07
591.38
549.31
511.35
490.25
554.23
656.92
684.39
607.75
575.17
551.69
545.19
521.61
528.63
520.46
550.30
572.78
537.74
503.49
437.99
357.46
285.03
263.31
214.60
245.01
240.17
219.45
213.26
220.62
257.63
489.17
553.54
517.13
541.79
496.94
508.56
513.85
515.32
534.79
523.26
509.50
487.65
439.70
419.83
373.95
349.84
322.39
314.43
335.07
358.39
378.38
396.99
408.99
418.89
471.34
510.77
540.70
538.57
539.58
540.66
591.20
641.12
664.65
694.51
743.19
724.40
660.40
605.73
585.40
563.48
556.27
457.15
478.41
454.96
395.25
333.81
292.96
311.19
336.32
376.91
415.15
427.86
414.61
421.81
420.70
429.31
453.54
481.87
526.96
510.08
498.43
449.14
427.92
412.79
381.27
350.95
335.52
338.20
332.71
329.09
369.59
454.13
588.31
590.17
612.41
609.48
592.55
573.67
588.74
582.58
588.59
607.04
604.98
560.64
527.17
501.67
465.06
429.74
403.57
364.37
347.22
319.37
299.88
304.26
329.58
395.98
502.21
526.97
523.16
580.78
559.54
589.89
660.67
673.02
721.34
901.62
1049.26
892.74
951.48
806.13
745.93
705.90
722.25
678.27
665.29
673.55
659.43
642.85
691.80
873.09
1222.18
1583.28
1415.30
1229.16
1167.52
1138.95
1203.67
1405.77
1717.75
2156.89
1890.26
1498.79
1270.96
1073.81
881.35
781.74
704.35
727.32
701.18
678.39
674.84
689.56
722.62
859.06
959.04
1080.72
1141.35
1033.68
1106.03
1060.23
1084.30
1135.69
1127.70
1082.43
1080.69
1063.02
1006.25
883.40
771.89
724.85
673.76
714.51
701.05
675.32
653.13
642.91
685.04
897.84
1213.05
1377.49
1375.33
1279.75
1251.13
1206.66
1175.93
1203.80
1322.23
1357.38
1336.27
1142.49
921.39
829.31
728.63
667.21
628.30
594.82
566.15
537.12
486.24
462.49
425.95
422.74
461.12
531.63
568.56
570.10
578.12
568.39
575.20
582.32
599.35
602.92
616.06
602.23
591.34
568.24
546.97
532.74
519.22
502.80
455.54
443.79
437.35
463.60
463.07
475.90
536.50
582.53
638.98
676.14
686.56
727.76
743.70
777.85
789.72
810.38
835.17
723.59
653.25
600.29
536.32
483.93
311.71
144.33
96.98
87.53
52.67
96.27
198.42
342.70
482.07
540.89
545.83
500.25
500.40
503.45
495.52
486.71
515.34
519.88
538.44
519.85
493.51
484.74
471.91
448.49
435.96
497.87
493.51
499.98
504.26
479.82
464.26
603.28
738.99
845.86
800.79
734.18
723.29
691.64
712.92
706.33
777.00
755.78
749.31
685.45
607.70
570.75
513.15
467.13
354.63
307.58
249.31
208.50
213.55
216.18
249.81
327.08
456.70
549.18
512.76
516.88
493.98
472.69
469.47
480.80
474.55
485.86
486.15
468.58
434.50
415.33
382.29
368.35
312.78
294.30
275.83
268.47
245.81
237.96
281.72
361.12
371.66
365.49
409.56
385.88
193.46
171.38
203.33
421.80
510.61
504.59
547.41
639.78
652.28
639.94
588.75
529.12
551.61
556.55
612.24
632.72
636.47
618.72
623.30
713.34
901.27
977.46
947.96
911.01
883.71
844.60
873.32
926.59
966.23
1075.54
1090.73
982.96
911.87
811.96
774.12
717.41
677.94
686.34
676.06
650.98
631.23
613.87
608.48
576.28
592.96
702.13
764.82
734.57
682.58
597.33
593.74
605.07
660.16
752.22
793.67
811.33
747.89
651.30
566.23
467.09
420.67
388.42
359.34
356.95
310.25
256.95
221.41
219.43
243.94
257.73
264.81
277.12
297.10
276.45
270.40
282.76
296.85
344.16
372.89
368.67
351.09
307.70
326.82
312.83
288.07
223.53
224.24
215.84
204.80
220.14
251.77
326.47
429.10
510.28
514.71
530.07
560.77
567.66
597.44
659.48
744.69
772.16
772.97
730.26
671.10
619.10
596.16
566.38
562.69
580.79
581.17
570.38
576.52
588.70
600.69
649.95
675.86
748.05
739.80
689.92
676.93
683.71
739.42
912.31
1029.63
1149.23
1205.97
1056.55
1024.27
950.73
875.53
838.78
754.81
655.26
661.73
639.43
623.56
637.87
662.91
696.22
812.13
990.96
936.34
917.88
869.80
836.07
908.77
969.69
952.67
945.19
915.10
832.37
728.56
697.07
674.88
636.86
564.89
530.41
470.47
405.50
315.01
225.85
204.84
341.12
485.07
516.01
495.80
465.14
455.46
464.12
487.04
547.44
593.00
615.74
635.08
593.24
530.14
479.91
397.90
361.22
133.28
73.51
43.76
32.35
26.26
30.13
68.60
230.05
377.84
445.74
464.53
469.08
472.64
462.53
458.74
469.85
549.97
602.72
682.25
631.35
520.13
549.36
494.86
469.19
430.75
503.58
502.87
558.72
589.51
612.91
621.08
638.45
723.11
779.72
818.33
798.63
777.02
791.66
814.84
860.35
870.62
873.10
892.30
861.45
777.84
720.11
694.90
689.19
677.44
715.00
672.74
646.15
638.00
639.74
610.11
612.01
663.03
721.95
769.92
766.43
756.85
735.80
708.79
738.85
753.63
728.56
725.23
678.35
638.40
610.70
583.91
570.52
529.75
524.66
514.17
506.41
495.08
489.19
509.93
541.33
618.72
632.50
675.30
664.25
634.35
644.86
661.07
687.24
709.70
747.12
795.71
753.78
700.67
634.68
584.35
558.61
521.18
519.44
485.81
463.18
441.16
434.08
437.44
506.83
578.11
620.69
638.45
626.28
611.58
601.25
591.74
591.78
611.00
623.61
617.90
627.11
616.92
581.80
522.40
536.63
478.78
450.06
417.30
427.33
420.76
417.20
417.22
427.43
503.84
605.09
616.08
567.93
517.60
515.71
511.83
556.65
625.54
662.01
668.45
590.55
537.25
509.16
507.90
515.50
486.79
472.27
436.58
424.74
417.17
407.33
392.96
367.27
403.59
479.62
483.38
401.64
371.46
362.21
357.56
512.07
667.97
689.02
702.25
702.63
685.14
680.04
692.50
718.29
683.30
725.36
680.19
641.07
620.43
615.51
618.80
635.12
695.59
738.80
722.59
666.72
634.91
614.90
620.76
692.51
815.33
872.34
899.93
873.83
868.53
849.57
832.95
808.69
742.32
722.30
685.20
627.74
604.12
609.74
553.85
510.55
503.29
494.39
449.66
428.55
411.59
392.28
410.83
491.00
570.31
675.98
763.39
795.75
777.26
747.14
680.09
663.72
623.25
610.26
613.12
582.87
588.78
600.96
624.58
646.00
688.38
714.27
721.36
658.97
660.12
597.78
597.81
634.01
637.70
601.06
543.44
500.99
454.20
437.42
433.28
386.69
366.18
298.85
328.64
321.40
316.47
317.21
365.53
433.87
524.84
541.12
556.80
557.35
564.61
568.15
600.54
636.39
652.82
662.62
696.07
668.84
611.94
555.35
527.29
466.60
400.31
476.89
458.75
450.26
436.26
415.02
415.91
467.96
524.76
636.51
655.66
593.64
554.72
533.63
551.21
627.51
720.09
814.61
826.87
814.97
788.75
751.80
694.55
687.47
640.87
657.85
629.88
599.07
571.94
559.65
577.54
602.91
634.94
715.46
712.04
666.69
623.50
620.22
636.18
636.17
678.42
752.13
822.35
803.15
716.94
629.86
590.08
545.28
478.87
435.24
