210,65
198,74
80,15
57,28
37,53
37,40
53,27
63,30
82,28
308,18
324,36
320,70
330,17
344,71
377,29
443,33
484,48
460,26
438,46
412,07
379,47
348,72
271,63
246,89
184,47
233,81
170,03
143,00
170,37
359,01
434,87
489,55
486,47
514,23
548,22
582,66
587,96
590,72
596,08
607,26
603,24
558,73
470,99
425,74
352,44
298,19
183,16
54,87
38,63
38,35
38,22
37,15
47,03
127,82
336,52
455,05
463,86
433,58
423,14
445,82
438,81
465,02
505,54
548,62
613,41
618,55
589,18
545,94
502,55
484,58
433,29
431,03
384,47
334,20
262,20
317,77
434,19
541,81
634,06
682,17
702,53
684,30
672,52
644,76
641,07
686,94
735,49
788,51
993,60
1078,77
932,23
772,55
745,86
707,45
662,48
650,30
608,19
582,92
565,43
575,67
600,83
687,66
876,54
1279,69
1164,81
1187,99
1065,32
1021,21
1001,31
1026,94
1356,10
1836,18
2040,72
1530,79
1006,31
892,89
757,07
723,03
665,11
621,59
607,33
585,35
571,71
571,93
584,16
587,69
625,30
666,87
696,36
735,36
759,18
749,57
718,25
699,68
720,08
777,24
823,70
784,34
750,13
696,58
664,54
655,12
605,35
642,57
615,05
580,54
568,09
557,25
560,71
569,96
588,81
617,14
641,71
657,83
674,33
682,47
652,79
640,84
664,38
705,42
766,76
785,82
772,35
749,60
695,98
680,01
625,49
649,06
628,92
610,27
590,06
585,36
612,36
703,36
829,02
903,33
887,47
834,74
775,72
719,02
703,73
763,62
813,27
936,15
972,87
969,71
910,86
851,86
766,98
745,72
682,40
657,71
649,36
634,14
627,72
639,51
666,07
809,53
925,54
994,06
902,04
844,45
789,17
747,69
752,16
831,62
895,81
963,32
1028,68
1028,05
973,07
897,04
833,18
792,15
724,34
665,90
647,04
646,81
642,04
643,60
664,11
812,00
950,75
1058,59
972,42
892,65
813,87
762,26
795,19
850,23
923,27
1004,11
1072,35
1044,09
985,54
894,93
818,56
779,26
692,66
684,27
660,70
650,71
614,39
611,18
666,44
761,23
871,53
1051,57
963,27
847,59
794,12
741,17
738,34
790,39
879,74
1024,35
1119,36
1019,43
986,76
882,30
799,42
745,79
725,06
678,89
657,86
635,49
631,09
628,93
631,24
673,74
881,13
1049,51
1006,41
909,84
855,55
797,76
768,68
779,56
820,28
894,85
950,78
939,59
890,90
803,95
704,03
658,96
623,11
552,41
558,14
549,20
532,19
538,68
475,15
428,87
460,67
500,80
546,66
537,04
529,29
521,61
474,78
506,39
511,61
527,79
553,45
565,30
550,46
544,80
528,91
475,01
466,64
477,42
463,18
469,29
477,35
482,27
486,22
501,95
534,39
572,28
605,09
601,29
610,31
599,50
574,52
590,25
613,89
645,96
685,03
705,76
635,81
589,58
586,15
562,21
500,17
511,38
487,57
477,78
462,65
466,64
520,01
596,22
625,23
740,52
747,90
707,55
673,10
625,37
612,62
630,15
666,99
745,14
813,45
861,85
825,23
769,23
693,16
667,36
644,54
609,59
607,10
597,18
583,68
578,68
622,39
785,95
1089,81
1493,62
1480,63
1371,59
1125,73
972,97
846,64
857,17
959,39
1005,56
1081,46
966,70
833,60
712,18
642,97
611,87
579,43
511,72
507,87
501,25
494,50
492,63
492,46
509,80
593,15
715,93
767,16
797,29
813,33
877,84
907,59
907,89
935,63
958,75
1047,94
921,69
852,26
818,85
753,89
703,10
627,71
606,58
575,78
561,53
558,70
578,54
604,12
681,12
831,97
938,92
911,18
827,12
805,12
697,72
653,49
644,62
702,94
742,25
780,73
770,14
705,03
648,65
605,09
577,49
532,00
510,09
487,27
477,65
468,03
472,21
491,08
564,83
649,97
776,65
768,32
711,63
644,62
578,58
552,27
565,92
606,75
693,29
762,98
719,56
600,63
557,31
536,00
517,93
488,57
496,91
477,68
478,29
465,34
465,45
460,50
472,00
503,70
557,97
583,84
540,91
533,16
511,37
519,15
547,31
589,96
661,77
715,14
748,62
682,88
596,60
547,31
525,16
499,58
445,26
429,23
411,33
379,55
361,80
353,90
339,58
327,87
383,06
405,43
343,53
363,00
287,00
281,10
330,40
365,76
371,65
422,51
458,31
437,36
384,10
391,26
375,83
265,71
249,33
165,87
138,87
37,59
37,74
149,17
302,06
451,01
495,83
429,45
459,06
451,97
424,53
423,04
434,30
445,49
447,43
461,30
455,18
447,72
444,52
425,12
334,89
301,55
120,04
75,33
69,88
31,10
76,22
248,54
352,83
454,41
461,65
455,76
447,25
443,30
392,63
352,83
407,93
468,06
494,39
510,57
498,04
472,39
450,91
397,21
326,34
248,05
86,81
61,93
51,06
46,32
43,89
46,53
137,58
304,81
373,38
369,43
373,60
378,61
293,27
274,18
335,87
372,48
378,82
404,25
397,61
373,53
314,54
298,58
313,27
287,32
329,31
333,13
321,67
332,20
341,81
387,00
436,43
492,51
663,79
635,68
606,60
568,34
545,45
566,63
633,66
686,53
755,95
920,00
861,54
736,64
679,07
643,58
599,74
560,44
468,20
462,05
436,07
412,62
375,73
381,58
424,06
469,47
484,15
475,66
456,42
437,93
389,77
346,45
367,40
370,21
389,57
427,72
408,93
344,44
329,33
331,85
321,98
309,47
307,28
306,46
307,86
304,64
310,54
319,34
322,76
327,94
350,64
359,61
398,59
422,04
416,30
341,91
384,41
432,03
439,34
460,36
457,08
443,07
433,97
431,29
430,39
429,50
497,75
438,34
434,31
430,29
431,40
429,61
430,29
439,68
441,32
410,61
381,38
341,05
309,97
298,86
377,58
420,52
431,85
431,33
427,38
422,01
330,55
292,67
279,22
267,23
273,70
253,18
257,02
271,73
289,71
303,92
320,49
462,34
620,46
658,92
588,18
531,30
523,62
559,03
615,39
727,58
808,31
949,88
874,44
801,53
685,68
646,99
621,87
598,54
536,25
512,77
517,09
502,71
500,77
517,09
533,91
604,53
657,95
631,89
575,08
495,94
483,20
483,01
494,67
466,93
475,05
535,95
457,83
435,69
422,80
401,93
313,74
319,03
293,57
293,42
294,08
295,68
296,72
293,69
328,86
422,13
431,59
406,69
377,35
316,71
311,27
275,87
245,36
246,27
260,10
367,93
293,50
250,96
230,14
208,54
173,61
196,59
252,24
225,54
234,63
239,07
245,66
266,16
296,25
320,60
321,11
298,50
297,27
293,84
289,97
287,26
272,97
278,90
293,50
409,47
410,52
326,17
327,04
323,87
301,19
301,24
339,65
334,30
333,90
328,27
306,59
326,75
350,12
431,00
446,06
433,09
422,95
402,60
380,76
394,08
366,40
329,47
319,23
394,85
396,64
320,24
318,05
305,32
279,51
231,15
137,00
76,36
38,44
57,27
47,87
49,51
96,97
235,34
330,01
342,65
265,51
226,75
227,94
228,24
248,40
251,54
273,87
431,06
427,11
418,83
400,57
381,71
308,56
233,31
170,66
49,16
16,23
3,48
0,00
0,00
0,00
7,83
66,12
73,28
81,03
95,49
103,02
49,05
81,30
117,19
146,83
280,49
331,73
267,31
216,56
182,79
182,19
137,12
36,57
25,67
23,02
12,60
16,53
43,81
278,02
429,53
464,57
423,87
398,72
338,22
357,97
361,85
402,40
415,89
452,65
510,42
512,73
461,00
450,86
444,67
419,70
366,77
264,37
273,62
178,31
149,11
128,83
157,24
402,72
510,74
497,47
477,30
452,24
445,90
447,68
443,05
452,61
452,91
458,69
474,92
467,38
458,89
444,59
427,50
425,50
402,03
337,87
316,14
322,75
347,59
406,38
446,19
556,95
646,61
649,07
638,10
605,58
582,00
565,66
584,09
576,85
647,13
725,92
895,64
1016,28
818,43
745,39
653,92
623,93
590,95
549,79
546,06
538,22
530,99
529,27
566,79
649,60
820,58
993,27
847,06
729,49
685,33
666,76
678,69
707,93
704,05
693,84
775,85
713,20
641,99
620,65
601,33
563,96
492,20
469,78
456,43
439,58
416,03
406,16
408,00
432,60
488,68
501,93
504,07
505,12
502,82
492,54
488,40
516,16
513,67
518,65
559,87
566,20
528,92
501,40
493,20
484,33
471,80
455,73
462,36
464,67
464,60
464,75
472,20
466,91
471,53
482,56
489,87
502,91
501,42
493,29
485,39
498,74
506,93
513,72
658,92
635,59
514,76
486,59
478,39
472,42
461,62
413,61
400,12
392,14
349,12
325,34
344,80
366,72
396,32
410,48
432,17
455,96
476,91
470,05
460,21
472,13
488,49
519,50
577,65
600,74
547,50
533,50
494,48
474,54
458,58
474,05
454,49
446,94
438,35
441,42
484,58
566,59
636,74
775,33
719,42
637,19
590,00
502,25
475,27
476,76
495,02
584,63
700,04
715,69
664,10
590,07
533,34
485,52
455,14
494,34
482,98
466,34
446,80
447,75
467,43
493,15
564,19
661,63
558,83
515,96
476,15
451,25
449,24
470,41
522,09
580,89
707,70
741,92
678,33
581,26
535,71
509,85
482,64
451,99
442,37
415,69
408,45
410,47
435,59
471,37
542,27
594,38
519,23
476,07
471,82
466,90
475,77
514,61
538,47
585,51
618,53
652,90
629,72
570,15
519,46
508,42
475,62
459,97
455,64
449,46
445,36
461,68
480,61
538,23
608,00
616,20
587,05
552,91
521,46
496,64
493,36
521,09
559,40
587,75
638,82
647,80
563,57
518,48
467,20
467,05
439,10
385,85
380,78
372,13
363,85
383,01
349,70
358,76
457,63
470,60
445,63
401,52
344,43
359,16
389,95
336,73
356,05
360,66
376,51
366,44
341,48
322,82
322,85
317,00
303,58
295,20
280,54
287,50
275,69
277,01
279,58
283,29
315,30
359,69
376,40
370,08
364,65
353,54
373,05
440,51
500,01
545,85
655,52
820,50
673,04
603,33
555,92
540,04
515,21
465,03
408,60
383,47
375,12
374,15
361,33
343,07
365,06
352,46
320,78
301,55
305,65
298,94
297,30
319,59
382,54
417,33
459,34
470,09
441,39
409,67
397,60
392,26
402,11
328,01
320,85
329,58
327,34
334,87
384,44
511,40
589,60
625,01
559,33
528,02
515,35
465,70
447,36
479,94
499,45
520,27
568,43
727,96
596,23
513,78
418,59
398,61
400,84
432,81
403,66
400,98
397,85
385,55
390,24
496,39
642,03
665,54
583,32
520,62
449,65
398,96
383,31
386,07
408,58
429,38
512,64
503,10
414,84
391,88
361,96
337,60
332,43
332,15
322,19
323,37
313,91
316,28
325,58
350,57
397,99
412,23
434,20
421,80
421,43
391,54
378,30
400,75
380,60
423,85
458,34
488,39
419,49
379,13
342,75
308,22
260,33
228,42
204,39
201,78
208,34
259,85
307,49
470,12
559,04
610,55
551,59
517,60
501,28
444,03
428,38
420,40
470,63
456,48
460,35
446,56
390,73
316,42
182,36
89,89
14,54
50,72
10,10
8,87
0,73
2,12
6,04
207,76
315,09
311,54
281,88
264,27
241,89
198,56
172,94
189,45
253,00
301,52
397,14
425,02
335,22
320,32
313,69
316,54
330,63
495,46
476,30
443,51
411,45
412,87
425,62
459,68
492,78
480,03
429,34
366,43
341,69
300,54
240,16
280,27
335,42
417,04
534,22
596,31
552,56
485,77
446,79
417,42
389,09
421,70
413,28
412,83
409,18
411,41
410,52
422,74
446,67
459,05
460,84
419,76
403,44
372,72
343,13
371,53
410,00
505,41
612,68
698,41
590,25
521,74
491,40
486,26
435,19
431,09
423,56
415,22
386,14
397,32
431,76
521,96
595,61
608,29
550,36
496,84
484,77
435,49
433,78
456,89
484,17
521,74
574,00
636,02
603,89
538,29
489,69
486,11
452,93
429,52
429,00
427,51
423,93
427,51
470,37
553,93
712,86
713,98
602,39
512,19
484,01
441,75
441,67
482,37
537,16
595,01
730,68
833,40
783,98
628,85
539,47
523,82
484,31
449,97
442,81
457,27
473,08
475,16
502,75
553,88
737,20
775,87
637,08
551,57
503,57
470,39
435,46
440,40
466,83
548,44
588,73
679,37
583,63
487,84
389,66
371,92
353,06
386,33
314,00
312,81
317,14
387,83
391,48
405,94
438,66
446,79
446,86
446,79
432,18
403,33
421,89
497,33
538,25
583,49
666,38
698,66
649,91
577,61
533,85
522,22
494,87
446,87
417,65
417,57
413,55
409,08
417,35
421,75
438,30
445,38
490,10
450,52
441,13
416,16
409,22
446,20
492,56
544,14
601,02
697,69
670,11
573,81
520,36
454,25
409,90
406,25
399,76
401,03
414,37
412,29
416,09
417,43
423,99
408,26
402,45
387,69
368,68
354,14
316,87
349,15
403,49
449,33
563,38
628,83
593,57
597,89
559,06
463,27
539,83
515,30
482,34
477,38
472,34
470,18
498,19
547,78
711,88
758,62
625,88
509,92
451,12
449,87
449,64
452,60
446,28
450,38
565,36
555,26
476,72
461,99
449,75
442,22
439,48
418,97
420,98
420,83
420,09
420,91
427,76
435,14
449,45
456,46
444,54
441,11
441,40
436,86
436,71
440,21
444,61
452,36
550,53
778,01
720,02
556,30
544,64
480,77
496,21
529,23
527,00
525,21
519,84
525,21
550,92
625,98
794,89
810,25
650,06
565,91
536,83
516,93
516,49
526,55
538,62
604,22
745,40
891,35
888,89
696,20
597,44
581,26
554,13
546,58
539,05
524,29
512,14
520,94
545,09
628,12
769,22
720,77
589,51
531,52
493,14
459,82
449,16
472,04
492,24
521,16
664,87
787,93
673,07
614,85
546,73
546,50
504,76
510,27
499,16
499,53
491,93
494,24
500,28
618,06
708,63
662,64
549,18
434,36
398,28
396,37
386,38
377,23
334,35
422,27
529,58
624,40
596,22
530,62
483,80
482,98
446,46
425,62
409,35
401,15
394,22
365,54
356,27
376,25
395,55
395,55
358,73
245,56
1,49
-5,64
-12,15
-0,18
210,15
396,00
453,22
462,65
448,48
425,57
416,25
407,46
394,47
362,66
343,35
305,49
265,01
241,45
240,63
252,78
294,38
259,57
188,23
23,26
12,03
3,73
3,89
8,25
107,42
359,70
414,95
429,68
418,97
389,65
395,40
387,00
379,84
331,53
326,39
333,25
328,78
357,83
409,62
420,73
464,19
482,98
468,52
461,43
450,55
438,70
439,22
437,73
446,90
459,27
486,93
560,50
537,47
515,85
503,55
482,23
490,28
515,81
488,75
495,83
486,06
491,73
532,06
649,03
719,78
751,31
699,35
636,80
601,47
584,77
583,43
589,09
643,66
757,50
842,86
1005,83
928,67
726,71
623,46
588,42
524,31
476,73
464,58
460,77
454,06
453,27
476,50
576,58
603,11
669,96
575,53
504,41
474,15
468,37
458,28
452,13
456,53
484,08
560,27
604,37
486,13
384,41
406,86
400,97
386,13
386,42
376,20
370,09
366,36
378,14
384,26
421,32
431,91
444,81
431,68
390,89
371,65
370,68
350,18
355,92
400,29
416,40
505,66
500,21
434,37
417,51
411,18
406,03
330,70
357,09
347,32
339,79
327,71
313,22
323,31
360,15
430,61
476,69
401,16
347,17
292,81
285,88
277,81
332,00
375,13
406,60
450,97
436,28
426,51
416,22
385,57
374,02
338,52
312,89
303,10
293,10
281,65
278,95
285,76
319,50
330,99
324,47
327,40
319,26
303,05
271,36
158,88
87,00
225,89
314,12
337,69
353,04
333,07
323,23
327,14
310,66
304,20
366,66
352,16
338,82
351,19
370,25
385,20
433,07
422,10
377,20
351,62
338,57
342,38
311,80
299,42
358,41
418,52
535,15
617,93
702,43
658,43
505,22
443,35
425,45
417,25
418,97
417,33
416,28
415,24
416,58
427,02
513,12
595,29
702,20
602,65
537,09
485,04
469,45
469,06
456,88
503,25
534,65
626,51
753,66
800,93
739,70
594,67
545,86
467,09
459,76
452,66
458,57
433,14
407,65
457,09
526,58
732,66
714,92
537,07
478,38
428,12
406,19
410,94
427,00
481,28
505,41
706,89
883,94
935,84
800,60
647,88
607,76
567,49
566,81
547,35
558,53
564,50
569,42
603,27
865,02
866,81
733,25
526,69
492,16
487,62
458,09
476,88
479,86
527,81
649,28
892,46
1256,81
1186,04
931,76
794,32
716,40
596,41
568,08
547,13
533,56
520,66
516,78
534,97
621,06
732,36
762,79
596,57
539,97
507,31
482,03
447,13
486,50
482,40
561,30
752,42
948,02
906,21
694,11
572,74
524,14
424,46
192,20
255,50
240,44
215,68
238,05
288,16
315,90
433,79
449,98
420,02
386,39
371,77
371,10
374,83
363,57
371,47
398,39
476,85
452,16
463,65
455,60
451,20
448,36
406,52
274,38
370,51
380,43
372,82
376,18
364,10
357,01
324,27
281,31
125,73
5,06
3,49
-8,05
-13,75
-13,66
-2,35
37,73
357,87
411,53
437,34
391,48
345,16
300,41
211,73
250,81
152,36
134,44
169,77
148,57
200,03
185,71
269,62
306,89
330,11
325,42
359,72
370,16
362,95
367,15
382,09
399,42
443,03
559,38
558,63
498,96
483,08
479,35
469,65
466,22
464,58
466,00
481,14
499,41
575,34
659,54
849,28
743,45
577,50
522,46
474,80
461,30
471,52
481,21
551,69
604,50
834,44
1302,98
1116,89
766,20
614,49
593,39
557,44
595,93
546,71
513,96
507,03
522,61
539,10
599,51
590,71
537,75
456,53
384,14
376,04
365,56
348,26
310,24
396,29
489,84
496,66
473,09
459,74
435,28
432,67
422,52
411,48
418,36
424,48
425,90
401,73
394,94
403,82
424,33
465,20
458,71
456,92
468,86
426,12
430,07
444,09
458,34
463,93
566,87
704,41
898,18
871,78
727,97
628,40
619,23
555,45
589,92
541,52
486,62
433,36
428,14
429,04
447,61
567,25
603,57
471,70
348,53
282,35
245,47
225,93
219,81
184,01
252,50
369,31
474,98
463,72
363,48
342,77
241,24
183,95
153,65
139,35
91,97
75,76
92,48
103,07
162,96
167,00
118,89
99,05
125,90
140,45
96,96
73,54
100,24
173,31
355,64
596,17
760,56
786,52
651,89
596,17
566,04
522,11
516,89
433,80
439,17
439,69
441,78
485,19
436,86
356,45
337,36
332,42
268,96
187,06
191,99
97,01
119,41
257,35
388,34
519,04
657,19
442,38
441,70
440,29
528,30
490,33
564,62
497,57
484,67
451,10
438,12
480,79
533,37
485,04
372,54
308,79
263,81
264,49
246,88
228,83
243,15
306,33
497,79
666,21
874,83
624,44
522,11
481,16
409,48
372,56
365,33
343,55
325,05
368,46
390,46
437,90
481,01
437,90
454,16
405,45
293,26
277,16
219,91
186,56
219,45
219,51
225,27
322,35
368,90
377,61
355,93
264,22
161,07
228,84
182,16
83,81
40,90
14,47
54,22
426,79
554,63
509,45
349,97
285,59
293,13
296,72
311,22
248,97
187,21
65,86
308,53
542,25
711,49
707,68
582,75
558,36
528,67
552,84
535,09
522,42
482,22
483,93
512,57
707,82
879,49
879,49
753,08
800,59
677,24
611,76
573,35
544,71
473,63
494,41
580,90
700,36
835,30
739,36
557,17
458,58
412,64
406,62
387,90
374,18
384,62
387,38
403,34
454,20
521,82
561,83
535,42
515,88
470,31
433,17
419,30
413,85
418,93
425,71
515,21
562,05
675,35
551,76
488,34
469,67
430,11
377,38
374,14
366,23
353,79
353,32
352,72
486,23
587,72
599,53
501,28
376,66
339,67
331,39
298,57
276,49
194,90
110,17
286,13
370,32
398,30
402,17
398,30
393,30
370,10
314,87
326,55
328,19
334,68
354,37
359,89
372,50
382,34
374,66
359,89
245,39
123,22
180,12
100,15
80,67
90,72
92,39
195,37
393,08
401,28
353,59
329,59
296,30
188,41
82,66
0,70
0,00
0,00
0,00
0,00
0,00
0,00
0,00
-0,07
-1,19
-22,45
-30,33
-48,85
-74,59
-37,59
-1,19
38,12
424,29
515,81
522,60
477,59
427,07
380,34
383,40
359,72
292,08
312,29
328,48
390,05
513,95
655,98
624,45
616,08
475,59
447,58
427,76
430,85
431,78
424,38
522,10
559,47
782,41
1024,07
930,83
632,86
574,31
523,52
583,33
517,55
482,79
440,20
453,78
488,39
595,33
670,90
595,04
509,42
381,61
330,99
272,84
125,70
120,14
218,46
289,54
368,01
423,87
458,11
404,38
359,65
335,64
257,62
87,47
35,75
29,39
49,35
126,51
178,49
181,66
231,15
252,42
240,18
232,09
171,03
99,49
45,59
0,31
1,46
30,44
122,17
616,47
1084,95
1052,43
722,38
392,03
352,20
303,44
198,94
165,59
74,52
44,28
101,84
130,16
297,40
309,93
223,77
74,96
6,41
6,79
8,21
4,25
96,07
64,75
347,07
711,75
1002,21
893,61
679,16
541,16
451,06
339,72
325,03
331,74
304,51
298,40
298,40
308,02
362,62
516,75
489,29
317,82
156,72
49,75
12,05
2,07
1,97
46,19
344,14
408,13
362,91
362,62
351,43
342,33
329,20
218,82
193,37
144,43
130,78
130,26
173,90
207,62
251,63
168,60
65,65
-0,15
-30,14
-59,83
-150,70
-218,73
-235,74
-120,79
4,52
235,99
380,78
298,63
258,50
153,68
52,59
3,21
6,19
6,89
6,80
13,21
37,49
95,23
96,99
55,28
0,00
-17,50
-90,33
-314,85
-431,40
-433,13
-298,81
-46,63
11,71
313,24
655,06
894,62
840,16
724,89
594,55
385,53
399,69
526,36
491,22
561,28
647,15
863,44
1261,99
1143,29
683,11
568,81
425,27
326,35
239,68
112,54
111,50
127,50
345,44
516,29
588,81
574,63
494,73
398,91
257,05
83,43
41,76
16,21
16,72
131,38
270,21
384,88
554,00
554,00
483,50
383,44
327,45
306,13
305,61
316,92
362,05
412,04
594,36
693,21
850,40
928,96
779,31
672,17
627,41
625,49
625,49
606,92
614,75
618,93
624,67
816,11
1268,07
1157,65
780,52
625,94
596,10
611,56
598,02
579,76
574,69
596,84
648,32
857,74
1193,09
1267,55
970,32
738,89
655,11
685,15
652,24
660,52
654,78
668,58
697,38
909,35
1162,43
978,81
754,46
673,06
625,76
601,66
575,99
544,73
527,49
528,84
606,80
701,56
934,42
961,20
790,27
670,67
592,18
576,09
453,87
377,02
369,11
357,92
366,20
448,57
519,77
572,27
512,29
452,14
421,71
383,26
355,19
339,25
340,05
379,86
426,08
472,51
475,66
482,67
489,19
476,44
466,72
445,30
428,56
423,85
430,95
455,50
468,85
476,99
507,28
485,35
446,99
373,49
286,77
216,18
92,01
78,73
136,78
279,16
468,85
588,77
668,69
724,14
673,92
642,28
618,62
610,68
526,67
518,76
480,49
476,61
474,67
480,71
451,61
454,22
411,38
272,92
289,17
136,82
99,18
90,30
101,09
146,91
435,64
556,59
666,71
710,73
679,47
667,08
660,00
589,19
582,33
585,24
596,28
595,31
652,83
790,11
975,82
876,36
724,09
610,75
606,13
574,87
549,65
553,08
564,19
564,18
722,15
881,88
1223,97
1275,52
970,30
789,14
723,64
658,97
646,81
641,29
637,34
644,28
728,89
905,79
1352,42
1016,82
734,03
618,31
576,45
577,95
592,27
586,60
597,05
619,43
671,29
764,03
917,80
933,17
784,17
691,88
608,46
598,93
568,62
564,51
545,13
567,29
610,48
758,42
964,95
859,50
699,50
682,99
666,34
624,40
606,52
581,71
607,59
616,56
672,10
764,55
1008,64
1070,12
903,90
785,65
673,00
622,70
596,60
576,98
567,14
561,10
626,58
763,94
967,79
845,12
688,13
597,12
583,17
551,26
513,07
496,31
517,12
542,98
595,70
709,73
1052,17
1135,70
847,99
681,24
594,66
595,72
551,93
553,43
552,46
575,05
618,91
697,38
776,14
716,47
604,74
580,35
544,10
524,71
512,70
487,57
521,50
534,78
600,12
700,21
959,64
1018,54
820,44
691,48
658,29
673,33
662,96
645,73
663,93
653,94
625,52
641,93
589,43
511,95
440,51
284,95
194,56
294,64
308,81
182,71
75,02
156,08
464,22
642,15
894,14
837,24
633,88
566,01
486,44
420,57
344,12
295,35
237,29
208,07
195,84
74,21
1,86
1,94
1,64
0,00
-7,16
-15,05
-18,65
-18,79
-15,49
-12,97
-0,10
217,71
488,19
577,64
583,16
468,08
417,89
306,53
370,75
399,02
443,77
424,30
612,55
738,89
879,70
750,97
560,64
441,60
271,93
269,84
265,44
250,82
265,29
355,61
639,55
781,10
1342,79
1525,74
809,59
651,03
590,69
536,89
486,03
512,51
474,70
393,48
402,91
512,83
652,36
648,74
553,02
436,88
342,39
217,54
84,27
74,58
143,46
341,17
398,18
455,31
486,40
482,75
492,59
403,40
380,51
334,21
330,90
328,22
304,95
324,71
309,68
306,04
209,43
63,64
0,07
-7,23
-18,05
-18,27
-15,59
-15,36
-18,27
-7,31
-0,75
136,77
351,59
369,53
253,66
223,15
164,08
108,59
81,60
74,58
58,18
80,04
228,44
296,99
386,05
437,29
234,57
38,35
-0,60
-11,19
-20,14
-0,37
-6,89
30,26
260,45
291,25
312,66
313,18
312,66
282,45
253,06
222,14
218,93
223,48
223,85
227,06
238,25
261,67
320,45
318,81
288,60
284,13
256,16
253,84
243,25
236,98
232,02
237,57
331,58
600,10
723,56
820,68
785,24
681,19
638,22
677,26
654,81
643,40
654,29
676,07
733,50
702,55
671,45
585,37
465,28
307,08
232,57
185,95
108,38
99,50
194,15
474,53
591,93
731,04
909,38
1009,93
847,03
673,24
623,56
675,61
632,65
622,95
600,35
557,46
530,54
463,63
410,83
308,27
193,57
67,18
26,78
23,72
14,47
13,93
11,01
13,61
238,68
645,18
717,83
834,78
802,04
736,47
661,36
618,03
593,64
599,75
596,32
560,31
615,68
798,75
971,57
749,30
663,83
604,16
479,37
568,80
557,24
558,58
604,98
608,78
696,35
808,30
1019,23
1073,98
805,39
705,44
573,40
593,48
581,68
572,55
585,75
586,15
595,00
715,96
881,69
840,29
684,33
622,64
549,94
424,47
385,99
357,19
364,06
563,87
677,39
789,57
998,34
1126,63
910,25
758,54
658,00
626,36
603,01
603,31
615,17
615,25
606,07
801,73
887,36
821,42
689,32
637,03
592,87
530,96
461,96
463,15
446,74
478,14
656,05
775,40
928,54
1002,69
855,21
720,13
656,12
653,47
656,90
618,93
608,79
563,28
571,12
626,62
601,63
488,84
174,11
37,57
2,55
-3,62
-7,02
-7,72
-3,83
11,32
474,07
634,52
741,57
881,52
856,60
706,06
654,59
687,30
633,58
574,95
555,63
557,86
477,07
540,78
816,65
713,18
502,73
155,47
21,60
4,17
2,06
0,45
152,33
488,34
607,17
733,43
901,00
1212,77
998,79
782,34
679,16
672,84
641,28
621,59
634,62
620,68
622,74
606,36
540,74
421,31
51,20
5,89
0,00
-4,33
-6,57
-6,79
-0,52
5,97
244,49
545,07
688,60
849,14
713,34
610,36
508,52
477,43
392,41
324,01
297,33
309,02
324,52
131,37
35,73
15,30
-15,98
-19,17
-30,36
-37,97
-49,09
-38,49
-65,42
-141,45
0,59
174,35
484,68
551,46
413,29
331,45
265,66
200,23
193,07
191,80
184,27
201,42
273,41
364,35
753,10
571,37
307,85
99,10
14,42
-7,93
-8,19
-8,70
0,62
47,81
333,30
280,50
321,09
284,98
262,00
233,58
251,11
174,44
148,85
148,70
148,85
149,22
171,68
286,28
363,89
348,80
47,99
-10,49
-20,08
-24,05
-27,75
-37,23
-29,77
-12,17
3,91
251,06
280,68
281,43
271,06
241,89
171,52
170,21
174,12
198,53
189,88
171,50
200,55
270,08
431,91
447,35
324,70
54,07
0,19
-12,20
-9,10
-7,09
-0,67
12,91
131,63
215,77
271,73
277,25
265,83
264,12
204,02
104,86
99,77
103,08
105,07
112,12
130,84
193,78
343,83
300,78
199,60
82,55
3,80
-0,15
-5,30
-1,19
2,52
72,17
128,94
155,28
181,76
195,57
188,70
154,66
142,64
100,94
96,16
95,65
95,93
99,80
105,32
172,13
223,62
242,12
191,53
121,84
98,06
77,21
72,78
70,05
76,43
99,74
104,87
124,54
160,70
246,75
243,46
231,60
173,31
181,85
184,30
255,33
260,40
259,88
263,46
435,15
479,84
434,92
318,53
70,36
5,30
-0,15
-9,70
-20,82
-14,33
-0,30
204,16
460,94
763,52
926,03
853,50
720,17
646,15
676,67
664,51
661,52
648,47
642,65
601,09
563,85
524,09
350,38
41,78
-0,22
-1,34
-15,37
-55,29
-112,44
-74,61
-28,28
-0,45
478,79
668,46
848,06
916,70
760,54
642,72
679,65
616,61
647,12
642,35
658,17
682,42
781,35
788,59
539,01
244,73
92,60
45,22
17,98
0,07
-0,83
9,19
30,22
417,42
589,00
790,60
938,34
871,34
720,99
595,86
564,87
434,87
273,19
261,44
262,48
322,85
553,26
873,65
719,20
317,60
233,36
217,09
185,90
187,86
197,11
202,75
211,94
239,45
389,66
535,03
481,18
430,74
302,92
235,34
146,53
147,38
145,03
146,10
147,91
151,89
219,34
291,53
308,39
248,32
210,73
164,94
110,00
26,94
22,98
22,61
79,10
373,13
587,05
644,92
815,41
737,28
674,98
602,96
404,34
432,77
477,24
517,16
514,18
559,47
805,70
880,47
730,04
564,47
558,80
478,29
391,73
338,09
425,16
532,76
625,06
721,09
831,89
1166,10
1311,30
1163,86
921,81
771,31
769,87
702,34
670,03
658,31
685,03
770,32
924,12
910,91
864,87
791,74
717,56
672,12
637,57
625,68
626,03
636,00
627,60
724,51
834,05
970,01
932,77
864,42
818,38
745,02
707,89
685,13
674,69
665,21
664,24
673,42
676,55
643,35
586,28
557,70
404,60
69,68
24,17
0,30
0,00
2,86
103,29
567,32
717,96
863,74
950,18
1021,77
863,74
779,96
800,98
733,39
677,21
672,21
680,12
661,09
622,89
536,42
95,53
3,48
0,00
-0,67
-15,82
-45,14
-38,05
-20,82
0,23
420,15
695,78
880,96
885,88
903,49
797,85
652,81
584,47
546,57
510,91
506,36
524,49
584,28
756,18
886,49
929,23
799,94
659,82
643,56
577,01
555,52
506,90
534,81
575,28
735,36
865,44
1133,88
1344,01
1192,45
951,43
812,49
729,60
675,28
653,94
635,88
626,48
656,93
771,16
896,15
762,81
637,45
541,12
516,12
455,91
412,26
412,41
489,93
541,12
640,21
718,31
890,47
1010,83
844,72
698,21
618,73
538,86
408,16
382,08
346,31
333,75
322,12
439,39
548,82
547,58
447,42
384,20
365,43
326,38
323,52
328,98
406,12
542,21
665,77
706,29
831,49
985,79
1023,64
894,58
712,78
740,52
717,73
646,53
652,89
654,77
672,96
733,94
746,09
726,99
700,57
634,17
585,61
529,12
469,81
447,63
452,98
560,62
603,45
749,03
942,93
1154,41
1070,25
836,43
751,38
686,26
587,57
496,19
460,24
462,55
475,53
663,58
723,90
719,14
716,43
611,40
555,71
496,66
463,32
427,33
391,96
412,27
540,43
678,45
760,61
799,50
787,15
740,63
627,92
660,70
646,53
579,92
525,10
485,64
489,45
491,54
507,87
527,71
457,60
351,76
312,23
158,20
55,49
21,78
43,26
96,96
367,34
442,35
533,29
591,03
579,91
554,12
487,36
266,36
232,13
118,23
53,85
66,83
38,26
36,62
30,66
7,24
0,00
11,64
5,74
-0,75
-29,91
-37,30
-32,52
-43,81
7,40
105,02
449,15
581,77
660,89
535,92
496,11
698,17
615,74
598,22
449,65
405,50
492,87
674,92
970,96
984,87
845,58
676,52
636,80
546,05
461,37
410,40
379,08
424,20
560,70
830,79
1032,85
1337,41
1295,41
1010,78
789,99
786,99
729,33
711,73
640,42
602,53
717,86
1141,99
1325,15
1033,17
838,16
683,24
564,75
473,20
374,18
289,23
308,21
379,09
503,54
670,85
932,37
1146,87
918,71
750,06
537,81
214,61
238,96
183,50
170,96
164,10
190,66
272,71
345,66
363,34
315,97
298,44
312,61
260,55
211,69
163,58
179,02
242,42
487,68
723,72
899,33
1079,74
1115,48
999,55
773,15
650,29
601,20
573,75
556,82
595,46
666,17
835,42
874,95
697,05
337,52
350,88
185,14
152,80
127,76
150,15
231,08
370,27
587,26
670,72
835,77
1140,31
1169,36
948,54
778,66
753,37
717,04
684,00
652,89
628,43
685,49
821,53
858,43
746,91
580,54
442,59
308,73
252,94
189,16
129,86
101,54
186,63
451,20
611,17
829,04
983,61
1046,04
872,59
685,82
691,14
459,19
349,64
282,30
254,72
245,54
262,48
280,81
302,77
98,52
3,74
-16,41
-44,77
-103,56
-109,15
-100,72
-18,95
37,06
201,52
273,25
243,00
236,74
232,11
220,77
514,89
205,00
126,97
67,96
30,51
13,95
25,40
12,90
-0,60
-14,99
-56,70
-111,90
-184,78
-243,87
-276,99
-213,95
-37,23
-3,99
196,82
268,34
284,52
304,07
307,28
291,61
277,14
261,92
256,77
259,83
219,46
237,43
295,34
315,93
307,80
289,52
264,21
267,43
275,14
273,20
271,11
271,59
237,83
374,64
490,42
817,62
870,67
794,52
724,81
574,42
448,09
424,89
461,61
412,41
438,37
440,93
580,71
746,89
682,54
509,25
372,37
241,95
136,49
73,12
69,84
76,46
150,68
357,34
534,47
728,04
918,92
890,95
754,15
366,55
635,15
596,51
529,46
524,69
487,47
547,96
853,67
889,53
773,35
546,34
437,65
374,19
305,34
294,30
288,86
302,25
387,72
457,05
610,00
938,95
1103,65
1019,19
964,09
798,56
738,40
678,26
625,15
611,97
600,58
696,19
739,65
936,63
815,90
578,73
458,33
409,58
354,65
335,71
316,94
367,27
553,67
597,28
797,12
959,26
1301,91
1151,97
808,28
635,32
557,61
473,15
425,81
399,63
374,38
422,94
573,00
710,57
773,45
764,85
612,98
507,96
369,99
318,61
284,27
286,89
395,85
559,43
678,62
908,97
949,61
873,60
622,16
443,22
452,74
306,21
223,61
215,33
167,95
74,91
11,49
0,67
0,00
-0,45
-6,72
-5,60
-1,64
-4,78
-7,09
-17,98
-20,74
-20,74
41,25
276,14
463,26
505,64
476,29
301,43
185,84
77,29
36,70
21,78
16,34
18,87
22,01
5,15
-0,15
-5,97
-4,33
-4,40
-6,64
-5,97
-10,87
-13,04
0,30
53,42
358,61
743,42
888,89
904,93
882,33
704,55
571,61
497,82
501,03
522,82
517,82
647,00
839,19
988,55
867,11
632,11
463,36
378,94
311,86
294,31
322,68
362,82
479,02
660,83
851,66
1089,19
1434,70
1477,75
956,03
757,59
723,07
673,60
653,01
666,14
673,60
715,76
1003,36
971,13
715,91
603,55
521,56
408,91
381,16
380,71
394,32
407,19
568,79
671,89
946,74
1180,17
1282,23
1003,21
777,38
683,60
745,64
682,08
647,91
639,93
622,70
629,19
839,64
850,73
784,53
607,10
470,83
388,79
347,28
250,36
163,15
138,72
187,03
293,86
276,70
287,07
349,58
336,01
358,24
333,92
545,94
586,45
588,39
587,94
586,45
645,60
839,39
840,14
768,23
600,62
505,14
437,41
412,80
400,56
411,23
485,90
531,55
733,02
889,96
1160,81
1492,52
970,15
834,17
709,00
751,86
676,98
670,87
655,05
643,72
642,45
722,85
915,87
908,71
832,86
750,67
670,79
660,35
616,64
569,36
597,10
646,78
750,67
820,40
872,09
853,22
785,05
715,91
612,62
597,17
523,93
465,61
376,63
370,07
346,58
451,66
364,63
335,02
257,59
94,33
27,03
19,95
0,65
0,52
9,92
51,36
296,51
600,30
836,50
912,57
925,18
821,66
669,51
674,99
591,14
524,42
521,73
494,77
448,75
356,30
314,47
162,14
46,76
11,12
11,23
8,66
3,23
-0,93
-5,35
12,36
177,23
521,64
742,19
858,86
861,09
852,81
744,36
792,02
687,67
633,51
630,01
633,74
723,70
1014,90
1014,46
768,23
591,82
401,90
282,03
234,33
223,48
230,71
356,92
494,70
615,31
733,91
1143,50
1561,37
1163,64
869,67
685,43
662,39
632,56
632,41
635,69
637,78
707,90
856,34
910,04
774,28
556,77
322,01
136,56
67,31
78,07
57,64
124,13
360,81
551,99
715,35
961,51
1019,62
910,72
794,95
670,97
421,44
373,41
353,86
323,36
339,62
410,40
541,61
597,78
607,25
446,88
271,29
266,96
245,41
248,06
250,18
243,54
284,49
427,78
694,08
659,39
835,80
739,28
620,60
409,29
716,10
648,22
599,73
617,93
581,83
620,92
876,55
928,05
857,83
662,91
497,84
370,06
246,98
237,95
200,21
177,08
193,27
433,39
593,24
821,13
1492,17
1388,78
933,99
759,36
722,35
711,68
642,02
596,45
623,60
680,80
897,17
812,45
590,07
360,94
164,76
21,84
-4,06
-23,76
-48,75
-48,76
-30,41
24,09
224,80
297,96
596,60
856,82
941,25
811,85
823,33
807,60
805,06
799,39
785,60
761,66
709,16
614,44
499,00
220,60
37,59
0,30
-0,15
-1,72
-0,60
9,70
88,82
518,39
777,84
946,61
1038,12
844,96
746,37
699,76
522,52
460,09
497,23
500,07
480,00
383,27
384,54
152,29
50,94
6,12
0,00
0,00
0,00
0,00
-3,26
0,00
26,36
253,33
522,22
650,79
745,07
763,64
761,92
693,68
707,63
628,87
583,15
581,81
564,06
602,76
907,35
1021,98
1000,27
841,27
760,86
642,24
493,20
318,61
258,50
246,01
247,35
426,29
550,14
738,28
948,50
939,72
782,58
653,70
593,92
462,35
375,83
402,83
343,99
379,04
537,01
580,79
657,21
550,43
407,25
364,83
358,95
344,54
320,68
315,97
353,25
367,58
390,75
442,77
503,17
508,78
345,78
301,10
277,46
268,81
267,24
270,38
288,65
439,31
647,93
729,60
771,67
432,07
323,03
298,12
291,86
296,18
306,10
317,22
376,66
590,50
708,13
843,88
1166,01
806,19
663,43
513,90
436,33
228,75
166,91
130,15
71,48
74,73
197,43
223,76
235,91
172,39
18,53
7,43
6,86
-22,30
-94,81
-66,06
-26,11
3,82
63,74
216,30
336,16
289,32
288,50
284,17
51,61
35,70
30,14
19,91
21,78
42,66
149,10
215,88
229,78
138,43
22,00
3,06
-0,30
-4,10
-5,74
-0,22
14,40
115,21
181,87
273,73
282,01
447,96
618,02
633,61
637,89
492,74
473,80
346,54
288,07
117,03
42,39
40,40
25,58
2,39
-0,30
-0,15
-0,22
-0,90
-16,26
-20,21
-4,48
-0,26
14,19
2,26
49,90
70,11
134,26
84,80
-0,19
-0,75
-5,97
-3,58
-0,45
-0,07
-0,07
-0,07
-4,50
-48,35
-74,43
-89,80
-100,61
-112,02
-153,63
-90,99
-45,94
-0,60
477,24
673,24
908,64
965,19
859,17
724,40
608,73
571,66
552,49
579,64
568,90
592,47
820,39
933,29
750,58
578,82
402,21
286,61
237,09
219,64
220,46
274,08
477,32
598,14
765,42
1011,07
1880,77
1295,39
847,61
686,29
787,05
715,74
694,26
679,79
653,84
722,23
830,76
773,92
701,12
501,68
347,80
251,44
163,72
119,19
32,37
82,64
400,76
609,31
740,43
822,48
841,35
748,26
338,78
301,78
233,55
233,45
216,76
208,08
212,93
229,36
300,70
325,09
622,81
586,11
484,88
416,03
351,57
304,06
392,15
394,69
464,80
597,82
597,80
743,88
961,69
1160,60
850,18
693,15
716,38
596,49
574,92
593,87
599,17
611,63
802,40
895,29
794,79
664,83
602,01
496,88
428,54
355,88
331,85
373,78
454,96
611,11
683,25
881,44
1375,24
1244,00
907,15
732,05
764,13
651,40
609,62
599,54
580,11
599,71
805,31
820,08
817,69
763,98
715,26
670,20
621,10
586,41
582,23
583,35
624,16
589,40
671,84
720,85
681,78
699,19
511,01
395,64
215,00
189,19
187,19
177,39
171,11
180,15
227,86
207,57
198,47
156,46
38,50
0,30
-0,07
-6,49
-6,04
-0,45
10,82
17,23
196,14
375,52
562,95
568,99
588,24
470,05
663,70
471,49
413,74
330,54
283,01
274,66
238,47
106,55
2,16
-17,09
-22,53
-25,37
-31,49
-38,50
-47,83
-39,99
-75,81
4,78
329,92
666,79
850,30
807,93
789,72
649,59
592,07
494,25
434,03
361,06
388,74
482,16
482,61
482,38
482,08
299,20
238,25
109,05
1,56
-0,07
-0,52
75,09
279,34
611,84
853,22
1427,63
1629,66
1058,37
690,03
597,66
571,48
475,83
391,66
274,74
284,73
375,47
531,86
593,05
568,35
457,70
171,03
64,53
52,78
99,58
30,29
14,82
-0,02
174,70
460,39
611,78
907,33
852,71
789,51
629,09
652,11
544,52
543,33
526,24
530,12
577,80
671,88
744,33
788,65
575,56
434,17
311,51
243,16
163,03
80,58
100,50
290,09
460,21
618,76
797,53
984,28
1044,79
857,37
687,70
506,57
544,68
493,59
491,20
466,88
298,37
650,31
704,91
506,27
351,34
270,78
253,47
253,25
252,80
254,36
260,93
197,08
637,63
686,26
952,26
1382,82
1318,29
891,69
760,26
672,26
600,20
596,17
583,48
606,39
667,04
827,29
810,73
734,11
607,51
522,23
438,30
330,80
272,31
270,07
317,37
475,90
576,99
683,46
888,10
1358,41
895,26
797,23
683,01
706,79
667,10
658,44
670,60
703,13
699,85
665,16
641,58
508,85
340,47
68,63
10,32
2,70
0,15
-0,04
-0,74
60,96
344,44
634,19
817,44
1005,38
811,84
627,48
555,93
474,79
420,09
411,88
450,54
496,57
561,42
480,53
421,81
340,13
101,85
3,21
0,22
0,15
-0,45
-1,34
0,30
54,50
391,43
600,29
807,88
841,15
919,95
814,59
672,74
901,67
721,02
648,27
648,64
610,66
591,86
811,16
896,07
852,72
703,93
473,29
291,60
191,09
174,30
144,83
152,07
170,28
463,82
603,72
739,00
1043,66
1046,57
828,54
712,74
618,23
559,35
547,63
508,38
526,52
549,80
745,45
865,59
824,18
651,36
513,91
457,94
324,00
285,72
268,71
313,10
483,98
593,45
596,36
716,57
872,53
761,20
740,45
683,37
623,36
584,42
541,37
549,13
423,63
299,18
323,43
336,19
429,08
270,24
186,52
158,10
11,79
-0,71
-9,74
-9,50
56,69
251,02
387,15
668,50
809,66
881,21
813,32
631,57
624,57
578,30
567,86
596,36
570,09
690,46
792,16
813,58
678,89
537,11
411,00
275,72
179,79
131,12
109,73
184,47
401,45
596,96
723,81
915,26
1128,27
974,61
746,20
633,89
604,46
548,49
559,76
576,85
573,86
596,92
608,11
795,94
776,84
722,59
675,57
607,07
522,37
471,03
449,16
508,49
543,56
660,58
704,01
804,38
1068,99
1037,28
793,93
730,65
775,23
768,89
723,07
710,08
690,01
673,07
649,93
615,01
632,02
505,00
453,59
297,76
208,96
132,84
133,73
261,35
505,38
649,71
783,37
866,18
912,70
909,11
806,72
730,90
820,82
709,78
658,28
608,43
586,12
591,49
563,66
541,87
190,02
36,91
0,00
-18,13
-112,24
-222,39
-363,36
-250,22
-99,10
-10,07
125,35
406,04
588,58
579,63
589,40
467,04
461,26
416,71
516,12
373,96
384,85
405,75
603,43
753,21
734,78
475,08
78,96
-1,19
-1,42
-12,69
-7,31
-0,52
102,54
481,19
723,21
903,76
1302,16
990,45
804,48
673,14
582,16
565,44
591,56
624,85
661,11
748,05
862,98
846,86
743,65
505,82
280,00
58,51
8,13
0,07
0,42
97,98
303,58
582,83
771,63
953,80
1289,68
1102,01
858,05
739,10
737,56
651,31
635,64
618,55
634,97
702,27
783,83
819,67
710,78
588,19
417,02
249,66
162,29
84,76
130,80
236,83
255,63
565,58
715,48
857,48
1004,40
850,77
779,80
719,96
719,72
689,50
648,09
627,64
642,49
739,50
908,87
805,53
790,61
672,34
574,21
504,74
477,80
450,56
463,62
526,45
553,99
703,80
766,28
839,49
1030,29
925,53
842,77
788,75
700,86
665,35
657,44
619,09
648,78
704,67
817,12
898,32
844,57
779,14
684,08
579,69
549,02
462,17
398,75
377,41
488,14
579,69
752,09
958,74
1090,81
907,77
853,75
738,77
766,00
739,80
696,22
664,88
644,06
687,27
745,47
712,72
630,56
492,95
242,07
151,93
109,40
47,83
30,60
94,77
239,54
549,29
772,71
820,99
908,68
993,55
889,50
755,92
822,36
756,18
723,05
691,56
660,89
619,33
579,78
546,20
477,03
188,79
80,11
17,72
3,15
-0,25
-13,07
-0,07
12,94
166,03
486,51
644,70
665,44
708,12
673,05
494,87
355,93
342,72
324,07
331,01
351,23
563,96
887,80
1020,40
850,42
767,30
555,90
479,79
426,22
313,77
271,24
383,76
523,07
637,24
813,11
1139,86
1865,52
1275,45
897,65
767,97
769,10
713,00
665,77
635,93
639,81
714,49
924,06
940,32
636,30
555,88
266,58
163,55
118,32
26,12
46,42
146,39
294,88
613,18
792,97
1302,45
1722,25
1271,64
884,37
746,27
682,02
621,19
591,72
621,19
645,00
778,81
940,82
955,08
813,88
663,51
548,96
466,34
314,48
261,57
382,02
517,02
639,85
785,07
794,10
893,66
1114,03
1001,87
841,34
767,02
719,65
657,19
651,96
657,19
658,75
717,26
827,87
932,35
853,84
797,34
642,56
534,35
425,17
302,17
240,16
300,31
429,77
600,92
760,62
1033,54
1472,51
1007,50
761,22
698,23
740,93
573,13
331,18
262,01
181,50
116,54
261,62
308,60
258,43
217,53
66,40
10,94
-0,01
-1,19
-5,97
-0,82
-0,07
19,23
120,42
188,57
217,60
205,81
194,02
226,93
149,69
172,53
117,61
71,12
67,01
64,10
87,83
119,62
112,01
1,49
-22,39
-91,04
-167,83
-304,24
-299,16
-221,41
-61,00
0,33
88,13
149,84
319,68
297,45
361,55
320,65
345,52
322,60
251,00
256,98
256,97
258,94
274,85
322,17
134,72
0,00
-37,36
-111,87
-239,10
-447,46
-347,18
-215,24
-35,19
8,92
657,76
961,19
1023,73
941,42
820,82
725,97
783,43
706,12
636,57
646,27
663,06
854,77
1147,91
1147,91
860,07
521,64
299,40
119,70
75,07
52,09
102,98
207,98
363,06
666,34
916,27
1537,46
1677,91
957,76
797,61
746,64
741,64
654,63
606,35
503,21
503,21
642,61
926,94
870,08
818,49
507,54
446,88
376,14
320,97
301,27
357,17
285,15
470,37
783,58
882,84
1413,89
1439,11
949,41
831,94
782,99
654,66
671,97
646,22
673,83
698,46
799,20
968,14
1019,48
902,62
811,81
567,40
540,71
437,58
421,48
391,04
609,96
704,13
787,93
831,88
1204,47
1633,62
1109,62
898,67
820,46
823,33
818,33
785,79
706,99
716,54
812,73
893,62
900,79
857,95
679,97
441,03
148,80
73,58
11,40
8,32
32,02
249,03
576,55
894,97
1063,47
1196,22
961,02
852,22
698,03
617,90
545,57
617,88
586,24
654,90
686,91
958,31
1006,75
931,53
753,32
568,26
446,47
378,19
372,60
354,98
408,22
616,91
774,29
1006,82
1720,22
1814,25
1282,26
1003,98
866,90
799,19
815,24
769,50
759,72
825,16
827,02
796,13
775,76
771,74
626,76
518,49
404,11
349,42
303,16
293,61
295,17
439,33
659,59
892,98
1048,78
1113,10
947,45
870,75
789,57
834,33
841,64
792,17
792,55
781,58
783,22
742,63
710,32
658,09
614,22
538,11
541,10
492,67
251,00
132,22
318,19
398,69
614,74
655,28
796,90
845,90
819,48
831,20
742,03
726,66
672,27
661,82
633,17
630,49
656,38
962,52
1136,59
966,99
840,00
723,01
669,58
629,59
588,48
598,48
592,91
627,13
751,36
850,37
1492,28
1520,85
1045,41
752,26
643,17
692,92
564,30
412,06
384,81
364,32
400,82
443,93
595,84
807,39
762,91
452,05
350,04
245,13
135,96
149,84
167,37
260,50
703,22
881,03
922,75
1082,58
895,44
771,72
706,57
651,93
570,14
464,77
382,23
268,65
281,49
329,47
373,88
581,71
339,93
8,90
-19,49
-38,34
-24,88
-22,38
-31,36
-58,45
20,40
435,59
492,76
435,74
437,38
511,28
349,84
149,23
240,87
194,30
152,96
119,76
82,90
158,26
141,10
232,06
111,10
58,50
9,85
5,38
-8,47
-3,52
-18,70
9,03
134,28
400,32
432,78
496,87
447,55
422,48
422,48
187,30
297,96
246,40
126,86
70,14
51,12
112,01
188,64
202,89
29,35
3,18
-0,41
-0,57
-5,97
-14,90
-12,54
-19,17
7,13
131,29
77,46
110,51
138,20
199,83
362,73
704,35
591,09
583,85
541,17
583,70
767,10
745,39
739,20
568,71
111,92
-2,47
-48,92
-90,54
-71,67
-60,88
-69,91
-50,44
-7,33
507,21
673,02
597,51
514,16
478,57
230,86
2,76
-0,15
-2,54
-7,46
-6,64
-3,13
-0,37
-0,07
-0,07
-10,37
-45,29
-75,36
-115,65
-149,30
-147,96
-75,73
-37,38
7,46
315,54
730,62
891,26
787,10
743,90
690,03
229,85
94,45
21,07
10,52
8,66
14,40
412,61
547,64
505,20
416,29
269,42
74,38
31,87
32,01
96,52
286,29
418,35
739,31
859,04
1400,12
1692,82
1066,92
827,17
797,98
734,25
670,60
639,54
641,77
649,90
728,36
938,31
1029,56
842,44
643,36
543,52
213,75
32,78
8,80
17,38
173,38
358,33
661,88
865,94
1699,35
1599,53
899,22
784,99
689,93
674,97
681,24
652,67
665,50
681,97
686,05
853,02
958,43
902,75
786,36
653,26
513,15
262,17
77,59
49,72
262,53
374,91
484,43
686,90
1146,58
1104,17
654,71
522,14
466,59
463,23
471,21
482,11
495,77
542,61
752,21
880,98
997,37
941,68
810,91
687,68
629,57
490,68
337,54
382,82
592,65
672,47
786,07
881,07
1662,10
2108,67
1247,05
932,10
821,28
819,56
748,10
697,61
695,74
715,04
785,68
1011,62
1113,18
1018,96
848,05
732,74
760,57
550,27
598,18
589,32
611,46
639,50
747,63
894,96
1112,93
1024,00
840,67
722,22
711,26
803,09
770,80
761,25
738,72
720,90
731,49
820,25
826,07
820,25
633,40
448,50
136,80
3,51
-4,40
-5,97
19,02
176,85
596,86
874,92
1106,07
945,63
800,26
744,77
665,55
699,37
641,33
599,49
595,13
595,76
571,14
566,24
540,50
452,25
307,84
85,21
3,30
-25,29
-20,29
-33,72
-14,28
166,33
583,90
813,86
981,62
924,08
802,82
760,98
682,51
680,57
706,90
689,15
690,04
683,18
757,25
855,78
998,90
984,15
914,78
767,02
677,44
634,25
568,19
572,89
629,68
698,40
841,98
1027,71
1905,05
1574,45
983,86
852,13
774,55
742,74
693,66
682,47
693,44
716,04
745,20
950,21
1107,10
999,10
865,06
737,52
671,43
632,50
616,76
627,50
646,45
680,31
902,13
1619,21
2495,61
2535,96
1542,46
993,50
875,06
806,90
753,57
737,68
733,58
735,66
815,86
1074,33
1351,38
1162,88
934,61
799,74
716,57
686,28
675,02
665,40
691,65
759,76
924,77
1161,46
2260,26
1357,27
971,69
735,41
621,67
755,51
705,75
671,44
649,88
601,08
386,45
599,74
663,08
407,86
297,37
447,87
36,26
7,22
-4,00
-0,47
-9,91
14,62
251,78
414,05
380,48
340,49
297,82
261,04
217,83
165,56
148,62
148,47
149,22
166,01
185,03
213,91
315,23
320,90
294,56
223,83
149,74
101,54
80,95
90,16
111,99
112,36
314,03
557,11
745,80
744,83
544,28
344,92
314,63
763,36
720,90
706,87
689,56
704,41
726,42
748,14
765,23
712,17
628,22
384,44
105,74
40,31
8,21
10,55
55,39
370,26
756,64
959,39
1122,28
992,44
760,38
688,89
665,91
700,77
645,17
624,43
611,89
614,80
635,02
622,04
612,41
572,57
302,81
55,95
8,88
0,30
0,07
8,74
23,57
437,43
716,29
888,29
926,42
956,04
874,56
789,49
724,79
644,80
639,95
627,56
612,12
635,10
640,17
884,03
1049,32
1190,73
967,69
827,32
751,73
708,75
665,40
612,34
626,67
587,12
692,48
844,34
854,86
657,56
485,19
253,56
252,59
16,74
21,94
15,67
5,15
0,00
0,00
13,51
168,26
504,34
403,38
282,65
71,04
0,30
-0,52
-1,19
-0,30
1,64
152,22
191,84
224,22
261,68
211,21
178,57
183,27
149,69
112,23
125,36
142,45
178,42
200,28
460,87
709,15
826,19
728,29
560,04
359,49
325,77
201,62
201,47
223,41
254,83
627,56
771,80
911,78
942,53
859,18
758,51
757,32
672,04
627,49
602,19
609,28
619,73
648,61
805,61
1006,94
1014,40
771,28
634,28
600,03
586,67
583,76
597,79
633,76
684,05
818,89
1083,42
2238,71
1865,68
932,76
742,26
686,81
745,98
682,93
651,51
647,41
631,51
656,07
736,66
895,15
986,78
867,39
765,16
682,78
654,13
574,13
141,85
290,50
335,94
349,97
505,03
667,26
646,89
513,39
439,52
319,92
415,00
336,49
266,42
273,54
283,67
283,56
397,17
485,07
563,73
483,67
266,91
54,92
11,73
2,30
1,42
7,15
63,47
485,75
704,40
944,63
879,48
769,33
699,63
632,54
582,89
522,89
496,99
501,10
475,05
489,61
516,25
637,44
574,30
403,49
72,13
9,76
7,46
14,63
7,02
12,69
131,81
613,78
841,76
993,69
922,35
840,86
799,29
691,02
693,93
657,73
651,17
633,78
629,38
659,00
805,94
970,11
1089,95
943,24
840,49
783,70
716,54
648,41
603,41
562,44
569,38
649,08
804,97
840,04
813,47
672,36
588,11
608,41
638,29
614,12
600,76
595,76
597,25
682,91
808,28
999,45
1026,16
812,68
720,22
614,79
446,30
311,68
191,32
331,61
554,35
697,69
843,12
988,93
830,06
717,24
671,13
625,61
635,48
603,99
624,66
624,36
615,71
671,00
784,21
1059,04
993,00
764,43
589,52
393,53
60,13
40,97
37,18
43,50
260,54
653,09
850,02
969,49
807,41
695,85
671,00
593,17
570,05
578,48
582,21
577,14
591,39
671,45
846,65
1068,77
926,11
728,53
558,19
353,05
59,39
53,20
30,07
89,56
427,92
679,36
854,55
1002,07
846,87
679,73
663,84
588,48
541,64
552,31
547,69
545,82
555,89
659,36
806,09
1055,17
810,12
663,31
462,87
164,58
80,53
31,27
31,50
73,46
307,60
627,50
790,80
1087,02
811,91
679,35
654,96
649,59
658,60
636,30
611,68
613,10
644,35
667,48
743,64
729,24
636,30
454,96
164,11
23,50
0,07
0,22
3,24
20,38
339,61
724,99
951,09
1059,18
839,20
715,59
698,21
658,68
728,98
671,70
671,25
667,59
676,92
676,17
707,73
725,85
645,07
468,36
184,97
92,81
75,57
32,05
30,83
87,30
443,26
792,68
986,32
1172,43
940,67
817,08
736,37
686,24
677,29
627,17
635,52
650,07
648,42
725,78
995,05
1519,65
1128,79
820,43
706,08
597,93
588,83
571,00
572,64
604,04
762,70
1014,52
1792,14
2449,51
1332,50
870,56
752,85
682,81
657,85
615,41
624,21
634,13
621,01
658,52
826,04
1058,83
950,23
790,76
690,74
625,56
564,99
514,57
459,38
558,95
621,08
776,00
887,95
925,84
758,54
599,97
555,52
451,84
134,00
106,26
99,25
100,37
120,10
134,63
184,39
261,78
249,34
240,95
147,68
135,52
108,81
107,26
104,45
146,67
392,94
804,24
1164,79
1457,26
983,14
720,43
683,37
613,12
492,33
438,34
390,32
371,90
339,53
370,70
537,15
635,36
621,94
502,10
331,79
235,80
126,77
90,08
94,56
224,93
272,75
474,88
596,59
663,70
588,61
406,74
334,56
234,18
12,69
8,20
1,59
-2,98
-1,49
-0,22
10,91
153,14
225,49
63,36
62,27
67,36
62,45
36,69
30,28
35,42
37,36
267,70
466,46
450,95
357,87
209,45
194,12
186,43
16,16
22,59
24,53
23,56
24,38
30,94
71,13
130,45
162,73
132,74
72,70
28,19
4,85
0,00
0,00
8,91
64,45
227,28
320,41
349,26
268,66
190,90
237,52
200,28
175,59
184,77
208,23
226,63
340,55
548,99
574,12
730,69
722,34
405,83
9,92
0,00
-0,07
-3,65
-3,36
0,00
322,40
700,95
1137,72
1247,55
817,26
597,45
479,43
278,78
141,67
85,37
62,63
41,23
49,96
126,60
314,87
597,23
597,23
447,36
272,74
155,91
69,19
15,36
70,11
150,26
180,36
243,96
268,34
273,12
216,75
114,24
104,05
56,44
23,93
0,52
0,37
0,15
0,67
41,95
187,41
293,91
308,08
309,50
288,17
260,88
250,68
247,58
260,66
296,08
324,78
393,00
405,60
421,41
366,83
345,43
321,65
309,94
432,83
367,35
373,54
365,34
340,06
363,47
596,44
692,87
913,83
701,22
484,88
394,42
431,04
597,11
584,66
607,26
607,85
746,49
872,59
969,98
852,90
719,94
695,78
633,88
502,23
491,26
485,89
478,73
477,24
480,37
488,06
547,28
571,90
543,78
516,77
470,23
351,25
253,46
291,95
383,11
492,61
669,09
821,04
860,20
807,68
736,67
678,49
607,63
551,24
540,95
537,81
537,07
539,53
575,11
768,30
943,89
1054,89
867,29
746,60
634,04
559,97
548,18
565,56
589,80
669,84
798,89
984,40
1111,58
922,71
745,18
745,18
671,33
694,34
631,24
607,08
563,38
564,72
595,30
642,88
748,78
825,00
768,17
614,69
509,16
383,64
289,97
324,35
438,43
556,46
710,74
1061,37
1044,83
799,72
711,16
634,47
499,69
486,03
452,10
440,55
433,32
424,37
433,32
431,83
524,93
523,89
465,42
236,50
125,22
89,39
60,44
50,82
58,49
319,60
641,38
792,39
724,71
544,01
442,56
437,49
385,46
257,77
263,43
247,85
224,75
260,53
291,91
335,37
378,30
414,09
383,75
372,42
356,31
340,88
322,02
358,40
458,07
661,87
873,64
1405,06
1405,36
909,27
744,91
685,12
589,78
539,34
500,12
477,15
444,94
445,09
502,80
641,05
822,99
792,20
633,82
598,99
547,47
495,94
529,20
565,14
578,12
717,66
885,53
1110,56
1184,57
853,12
707,64
645,75
504,07
461,86
447,46
428,67
405,10
427,48
476,33
646,59
827,38
827,66
648,82
537,63
446,72
445,97
446,35
504,37
575,51
708,49
875,91
913,80
948,03
828,18
714,45
709,23
614,07
456,40
349,74
281,56
238,68
221,07
295,36
463,18
633,24
600,12
503,46
387,92
290,37
163,27
118,89
149,25
277,31
277,31
285,14
294,47
288,20
274,63
237,51
181,32
163,14
175,04
174,53
175,98
180,83
181,03
185,13
287,99
439,23
593,92
400,67
367,86
271,88
256,47
288,99
281,38
298,12
298,86
496,66
939,33
1208,06
895,02
744,29
733,99
655,08
672,19
592,58
563,93
559,75
536,62
506,62
534,46
400,15
378,36
310,91
263,39
255,77
184,97
106,92
174,15
263,46
218,99
423,80
361,95
299,05
257,08
228,82
200,72
135,00
0,00
-0,07
-0,52
-2,76
-3,81
-0,67
-0,07
8,46
92,22
57,14
36,63
46,33
47,60
52,97
59,09
94,61
118,26
162,25
264,75
391,34
294,79
286,73
299,41
274,64
276,81
263,00
262,41
256,36
293,45
464,08
736,71
973,90
1142,45
879,96
753,20
695,60
643,45
616,29
553,32
649,71
789,31
1182,66
1865,28
1964,29
1178,86
851,46
743,58
707,31
680,68
645,32
659,19
627,04
602,86
667,85
854,53
1383,23
1317,72
824,76
692,02
619,65
585,48
535,34
566,30
621,96
664,27
900,49
1020,61
726,05
568,99
497,29
445,06
304,27
174,21
95,50
39,54
26,93
23,80
61,18
301,05
353,72
406,24
354,76
199,06
105,65
30,51
17,49
30,17
105,47
202,11
263,00
277,47
272,47
267,47
195,97
168,06
142,52
90,74
67,57
60,20
36,26
58,35
147,68
261,73
298,66
306,79
301,87
286,94
287,09
290,67
305,30
322,98
474,14
691,47
893,06
1292,29
1275,81
876,65
729,75
664,39
613,36
603,93
605,50
617,21
588,19
605,73
629,23
737,78
1117,45
1165,64
828,13
714,43
636,39
618,93
598,34
605,73
629,23
770,60
997,26
1352,46
1063,73
770,31
722,41
695,77
638,18
649,27
619,21
595,94
561,27
565,81
572,53
596,62
685,44
668,66
630,92
587,67
546,80
493,40
454,62
476,47
589,68
731,52
813,93
1012,90
886,94
721,90
672,53
625,18
546,87
403,06
409,47
407,08
417,00
444,45
241,88
240,39
291,33
359,95
341,23
47,51
0,60
0,00
-7,31
-14,99
0,00
38,04
413,57
318,25
268,95
252,92
156,26
90,62
14,39
-0,75
-0,75
-1,04
-0,60
-0,30
24,24
32,59
301,17
292,07
240,16
215,40
208,69
188,48
209,73
168,71
434,61
670,29
969,90
1582,32
1404,81
957,97
750,32
729,44
693,42
666,93
652,76
639,11
623,52
619,19
641,42
731,96
1141,91
1234,97
846,08
738,02
644,82
363,72
333,38
335,31
372,42
272,48
759,11
1043,58
1176,56
850,40
697,73
713,92
658,95
587,92
620,69
611,67
620,54
639,86
675,95
780,95
1025,33
1205,73
957,69
776,33
693,70
600,93
574,75
562,45
657,83
696,23
1009,67
1447,99
1312,52
833,08
754,85
767,60
694,74
647,06
597,46
582,47
564,35
532,20
597,91
748,41
1057,99
1233,48
874,82
760,05
693,97
626,17
590,30
607,90
713,73
830,90
921,66
1034,43
851,63
720,52
698,37
670,48
623,56
615,46
612,25
594,49
616,20
630,15
705,65
812,70
923,19
1123,41
913,34
806,81
700,50
604,86
583,23
615,23
741,01
880,51
1184,14
1695,83
1379,00
924,01
867,53
850,15
801,21
860,15
818,00
797,93
804,20
788,60
796,96
850,00
937,89
940,06
877,16
756,45
607,90
509,94
472,27
481,59
607,60
750,55
938,04
1125,83
885,89
719,81
662,22
652,82
571,72
688,12
626,78
613,57
600,14
592,53
587,90
635,29
665,66
657,00
629,32
496,05
408,30
317,12
298,39
298,47
480,01
753,11
878,98
1106,57
1087,24
973,52
881,30
831,16
820,49
651,11
713,34
666,92
627,82
592,46
596,11
702,29
738,03
970,09
950,47
866,90
728,33
733,56
708,34
756,09
850,11
905,55
926,74
1052,92
1110,30
1090,30
926,66
862,49
820,49
764,15
755,82
746,13
737,10
732,18
745,98
843,53
950,04
1176,40
1128,59
967,27
900,22
842,56
786,48
878,06
1013,88
1284,77
1586,53
2131,58
1920,06
1520,15
1048,64
915,51
866,50
768,88
743,81
735,46
645,96
500,60
478,00
494,63
542,81
743,44
773,30
728,60
469,13
441,31
397,68
388,50
632,83
748,17
1061,76
1366,41
1438,57
1189,09
816,55
773,47
810,39
744,63
769,85
734,98
720,58
707,37
658,05
636,05
655,89
739,18
646,34
300,75
155,11
109,90
92,59
118,78
118,41
115,79
116,32
142,73
124,75
108,86
93,19
65,73
52,75
37,58
24,17
16,26
13,05
11,64
11,34
12,76
24,09
29,91
32,67
24,99
24,24
23,50
24,02
24,17
24,39
24,54
77,28
103,17
149,09
98,32
108,58
113,76
149,19
183,36
461,85
595,84
661,82
641,24
647,58
676,74
719,54
746,45
754,25
817,48
679,91
704,12
661,17
682,27
771,07
911,82
1025,98
1182,25
1117,79
1006,22
915,53
829,59
792,46
750,18
754,62
718,07
660,58
634,48
570,27
476,53
417,17
341,03
298,45
290,09
249,53
237,59
234,69
201,28
327,27
401,65
603,58
721,36
718,72
636,90
506,34
507,29
560,74
689,11
686,35
670,87
671,66
670,07
677,08
734,68
931,31
1080,70
1024,56
895,92
766,92
707,98
709,76
734,44
754,65
964,68
1328,05
2030,10
1782,02
1207,41
917,29
821,15
783,09
691,51
623,70
701,01
676,28
680,87
701,01
716,62
790,52
1023,72
1015,95
881,81
789,61
710,64
707,95
740,22
819,16
1153,38
2428,61
3527,17
3214,20
2388,31
1265,49
968,68
878,24
759,60
744,50
738,72
711,50
714,70
717,16
692,65
902,13
1613,45
1453,73
1061,04
987,21
913,77
912,47
929,68
1027,80
1425,47
2242,85
4100,07
2497,70
1837,31
1198,44
961,42
842,36
713,56
671,20
662,28
652,76
648,81
508,48
679,74
759,52
1289,47
1423,54
1140,10
1110,03
1005,05
1006,94
990,91
1043,21
1338,29
1810,93
2766,48
2070,07
1281,10
964,72
849,27
832,28
744,34
522,14
489,61
433,65
430,44
325,02
520,56
753,40
950,73
990,66
943,03
874,77
821,96
787,01
729,73
728,37
714,40
962,31
958,37
753,06
576,58
298,43
289,29
289,04
281,39
783,72
745,42
730,80
720,96
733,86
750,81
777,75
819,18
850,73
854,45
820,04
793,36
796,93
805,29
821,51
905,72
1023,29
1095,62
1102,11
1043,20
957,03
879,74
854,07
821,10
782,80
762,65
760,64
752,06
752,24
760,33
747,93
763,84
785,69
827,52
839,70
821,19
827,05
809,78
837,79
941,17
999,34
1108,99
1088,75
1033,57
934,36
859,56
828,28
805,23
817,36
772,90
745,46
729,50
726,83
774,56
862,65
957,12
1007,15
991,26
958,21
926,22
893,63
962,00
972,64
1036,85
1051,00
1146,49
1096,83
996,95
909,38
841,79
831,88
785,92
822,53
780,28
765,68
775,43
801,57
879,98
1101,21
1383,61
1510,51
1647,19
1418,75
1275,87
1205,10
1166,84
1300,35
1631,44
2033,73
2370,44
1680,43
1277,86
1112,06
983,58
933,66
861,87
873,45
832,90
804,11
801,13
804,32
852,25
971,53
1228,59
1680,87
1604,94
1446,24
1288,22
1178,12
1171,85
1143,88
1208,35
1288,85
1324,11
1297,28
1113,33
693,22
549,24
375,64
298,73
384,11
360,98
364,94
368,89
318,69
379,26
612,83
753,10
869,78
837,00
809,65
832,60
850,57
950,39
999,73
1060,64
1099,69
1163,07
1149,52
1106,25
1033,82
965,61
916,74
839,06
774,19
762,11
747,14
745,50
666,67
666,56
703,11
952,89
1096,55
1025,47
997,55
799,19
761,95
718,32
709,15
709,21
709,74
742,78
572,90
298,33
293,49
257,60
210,20
187,26
121,65
52,11
32,84
31,90
32,42
32,36
33,81
92,54
138,10
169,34
226,23
187,76
179,97
167,69
194,46
265,13
290,54
350,73
336,56
296,98
267,06
287,53
229,81
165,81
122,99
141,54
224,57
207,05
169,58
174,24
218,11
230,96
207,23
212,31
158,15
124,66
124,68
111,33
251,95
244,49
283,99
293,42
288,43
280,87
269,60
260,84
242,07
201,33
289,71
286,97
242,13
242,99
276,38
253,99
449,29
718,59
870,32
757,61
634,15
599,95
564,59
511,85
600,73
807,65
934,87
1130,12
1206,97
1131,89
951,56
877,27
872,57
808,55
798,61
756,39
712,98
684,26
710,76
723,34
872,15
993,88
1161,28
1181,11
1165,65
1139,91
1107,19
1078,18
1047,61
967,97
991,35
1050,47
999,73
939,40
873,51
815,84
785,08
670,13
747,01
686,26
645,98
608,09
611,37
695,89
802,29
1003,00
1065,76
1044,63
897,77
803,93
725,53
726,30
794,63
960,62
1002,04
1059,18
1063,48
1046,14
1014,13
917,65
868,23
771,91
700,75
674,22
647,34
627,60
617,22
689,71
799,36
905,80
991,96
1006,83
949,77
861,27
847,07
901,25
1056,30
1154,98
1305,18
1359,44
1203,42
1149,02
979,55
917,81
916,67
801,50
866,12
792,21
729,85
681,52
661,25
685,28
875,35
1017,53
1172,15
1105,62
1031,68
936,38
796,05
711,21
722,91
796,96
838,84
966,57
1002,90
961,44
794,71
759,51
657,81
563,20
458,22
394,38
376,01
355,48
362,08
363,57
369,24
467,63
582,39
594,53
585,72
548,13
530,98
565,66
638,97
750,42
645,21
710,86
635,63
529,49
444,09
358,16
291,56
137,65
14,43
13,86
5,50
7,39
5,54
6,30
8,81
10,38
16,59
28,79
19,66
21,78
19,25
20,65
23,61
48,87
104,30
115,72
120,64
89,64
55,19
33,54
24,39
0,07
-9,32
-11,86
-10,59
-13,87
-10,59
-2,09
0,22
405,40
451,94
363,19
317,25
308,45
298,23
364,23
347,08
300,17
312,33
353,17
346,93
304,47
288,76
224,78
193,56
297,40
135,28
136,79
159,89
148,61
149,98
153,47
285,79
294,77
306,12
298,01
299,76
297,73
297,56
299,41
305,87
352,36
354,62
355,51
355,47
391,48
352,97
355,09
318,07
349,88
600,65
602,72
624,76
601,79
599,33
662,61
796,36
1105,92
1274,57
1185,30
1142,11
1118,99
1086,61
1048,05
970,48
982,47
878,75
833,82
840,01
759,92
583,07
536,19
499,46
364,47
367,03
309,73
247,68
241,12
251,36
378,95
471,89
653,09
768,18
728,54
665,32
667,35
647,74
647,24
709,84
794,92
989,19
1113,82
1180,17
1147,95
1073,81
988,19
911,12
839,81
822,76
798,17
771,79
766,77
785,41
859,87
1039,36
1237,29
1316,28
1188,27
1045,15
941,36
867,66
867,14
873,02
967,56
1000,41
1094,46
1059,36
975,59
894,22
836,05
848,20
770,24
596,57
452,48
385,85
294,34
288,92
277,19
283,38
298,72
306,25
313,26
312,44
316,99
313,78
410,21
665,54
742,38
857,54
1021,27
1013,48
969,03
868,20
836,58
855,97
795,49
710,04
671,33
657,41
639,18
628,51
596,66
620,75
665,21
739,77
705,56
666,00
614,41
635,79
619,63
675,80
766,80
876,06
820,12
757,40
622,89
501,86
438,60
374,09
338,48
166,34
201,69
235,26
234,81
237,27
284,64
399,13
545,79
602,78
592,32
584,35
574,11
588,59
629,48
786,39
907,38
997,27
1097,00
1103,19
1029,34
853,71
746,27
711,14
661,54
712,16
677,93
656,30
647,35
708,21
712,78
894,51
1059,06
1121,69
1005,15
833,41
799,90
815,01
833,69
1091,56
1236,20
1502,50
1562,19
1475,81
1415,77
1256,25
1142,04
1059,60
898,49
852,21
831,73
761,79
722,86
733,44
795,96
1048,34
1527,29
2005,23
1820,46
1582,96
1484,03
1434,19
1437,31
1548,27
1699,68
1877,71
2146,76
1717,48
1447,22
1184,63
992,16
895,07
827,93
855,94
788,60
746,54
649,88
573,81
579,48
680,91
927,29
980,89
835,10
770,79
666,62
568,40
530,91
471,25
461,70
423,12
452,36
399,16
327,94
286,44
316,07
298,50
290,36
79,35
34,31
28,86
17,98
22,84
76,66
413,55
691,35
821,51
821,47
776,09
733,56
685,25
750,91
812,81
871,96
981,10
1066,42
1126,68
1062,47
969,39
890,49
903,05
761,79
646,30
554,33
507,17
469,10
388,83
279,02
285,36
309,37
404,02
440,79
400,59
384,16
405,71
408,09
427,99
440,89
454,59
469,88
463,12
515,37
559,38
569,37
551,84
512,61
325,31
325,31
378,53
308,75
302,78
298,46
305,32
328,74
341,27
500,49
663,07
775,01
641,96
734,99
634,98
592,52
621,04
617,93
584,08
488,10
434,25
407,67
318,88
290,99
320,01
337,11
235,69
215,77
187,72
285,28
340,39
518,08
609,78
498,88
501,36
511,41
521,63
590,01
692,73
843,03
861,35
887,02
871,92
888,72
806,92
717,44
693,92
641,80
564,18
592,17
592,23
582,33
605,05
640,94
835,75
1008,17
1266,09
1358,38
1377,88
1390,90
1347,10
1422,85
1412,63
1473,95
1487,96
1495,52
1349,88
1343,69
1242,49
1127,27
1028,75
905,18
864,72
807,14
800,33
791,82
810,62
934,57
1218,83
1992,54
2693,13
2757,34
2554,56
2671,55
2643,08
2694,62
2730,09
2823,43
3265,76
3273,46
2684,34
2545,10
1542,51
1276,82
1118,74
1014,03
911,65
859,89
820,07
800,61
839,09
922,28
1313,91
4474,62
4889,33
4823,38
4055,77
3470,54
3020,32
3097,18
3656,83
4985,40
6107,73
6982,51
5027,84
4109,25
2204,92
1263,35
1118,67
1004,94
970,08
916,61
887,30
857,32
862,46
938,52
1167,51
1400,11
1887,00
1832,85
1554,49
1300,76
1238,53
1230,63
1376,06
1646,63
1865,08
2119,69
1939,12
1682,59
1305,18
1090,53
1007,52
869,03
872,03
830,45
805,66
738,43
696,81
657,07
517,99
581,82
661,96
554,08
299,31
277,09
279,72
273,46
264,92
261,83
274,21
278,61
226,52
200,23
180,99
157,25
173,83
146,34
271,61
227,35
184,72
208,55
220,65
210,16
241,34
294,49
326,87
315,21
302,49
298,64
300,00
293,91
280,46
270,21
255,66
233,59
193,84
166,91
138,35
104,11
75,20
17,08
0,67
0,75
0,37
0,52
0,15
14,08
56,54
220,06
257,33
240,20
231,37
226,46
222,13
218,28
218,63
254,48
248,84
237,55
248,29
221,46
193,67
166,59
104,00
90,78
157,02
153,03
147,32
155,56
141,68
123,52
262,07
334,29
388,60
420,92
395,31
381,66
453,14
476,04
640,77
800,92
839,33
949,85
907,16
806,44
734,82
714,93
600,41
453,09
216,98
230,46
203,14
165,07
129,27
108,91
112,18
298,54
386,03
338,76
280,20
269,28
248,15
244,08
237,66
252,03
215,06
219,38
247,75
235,02
212,70
204,52
200,69
159,92
84,16
98,70
39,38
13,53
2,55
15,51
63,32
402,47
498,61
506,02
487,25
430,09
278,80
233,46
228,07
231,21
234,32
230,38
227,96
226,78
208,18
128,71
84,81
102,76
120,17
129,86
121,70
130,05
112,02
76,87
94,85
210,05
202,89
234,02
236,50
241,99
251,24
249,89
261,68
329,17
536,59
655,72
582,90
367,11
250,48
232,09
218,49
148,58
87,07
166,83
159,63
136,26
127,37
140,00
140,60
158,25
170,61
218,84
234,50
230,70
232,19
222,57
193,36
203,54
218,69
218,42
208,54
154,67
113,08
38,87
31,89
29,75
14,04
10,96
2,83
2,25
-0,45
5,42
7,89
21,21
47,40
144,14
150,42
171,56
158,06
159,55
209,01
311,60
350,06
488,36
453,48
434,20
350,06
273,46
270,05
182,72
217,73
150,15
106,39
68,37
72,95
110,40
138,87
378,64
442,63
444,75
393,32
387,88
404,07
408,87
459,19
549,70
615,83
732,87
759,01
727,08
690,68
807,76
789,36
723,50
641,68
617,89
610,80
581,79
587,61
601,18
634,52
752,10
858,44
902,15
895,06
881,34
876,34
860,60
879,99
891,33
896,63
880,14
827,78
776,39
764,98
705,83
711,83
657,79
681,73
644,95
634,73
511,96
461,18
468,19
466,62
633,73
673,05
740,39
698,01
690,48
704,35
679,13
739,90
840,77
870,74
899,20
888,57
880,39
882,75
843,19
851,10
777,61
762,31
709,26
705,91
668,82
678,00
709,56
738,66
840,21
888,63
882,14
844,95
790,96
803,65
775,22
818,05
900,94
967,27
1028,90
1030,02
1012,56
963,47
901,69
921,46
872,81
796,78
757,46
753,81
744,18
742,99
792,38
863,26
927,36
983,76
971,08
896,09
805,36
804,39
805,36
907,66
1018,16
1091,20
1132,61
1181,86
1092,55
993,39
935,79
945,78
850,58
943,03
870,14
821,79
790,23
767,93
787,70
818,51
926,91
954,96
957,20
916,39
846,04
812,99
820,75
879,09
1005,70
1039,42
1124,84
1100,52
1048,07
964,36
939,30
904,61
857,45
950,27
851,05
803,46
758,63
729,02
735,51
500,53
429,32
400,58
304,80
190,37
179,25
217,97
211,55
184,40
183,88
205,36
209,69
186,34
180,67
173,45
148,55
133,06
94,91
26,78
74,72
75,20
90,38
105,77
92,63
158,55
199,26
263,30
271,38
286,67
286,56
271,28
258,44
269,77
280,45
297,05
292,82
275,53
246,16
234,97
234,30
219,98
172,27
235,98
222,97
296,01
202,19
193,56
225,36
298,39
387,01
585,07
622,59
357,47
316,74
280,68
272,43
190,06
193,72
216,11
236,28
193,77
184,42
151,48
117,12
64,72
6,77
17,11
210,65
198,74
80,15
57,28
37,53
37,40
53,27
63,30
82,28
308,18
324,36
320,70
330,17
344,71
377,29
443,33
484,48
460,26
438,46
412,07
379,47
348,72
271,63
246,89
