10.26
0.67
0.59
0.37
0.21
-1.62
1.38
5.28
8.30
15.60
16.72
16.77
15.52
52.50
176.60
271.73
342.30
413.24
408.63
366.10
334.57
341.78
260.28
430.65
384.24
393.42
328.39
372.42
556.17
778.63
1045.86
1085.57
1093.53
1082.82
1066.02
1073.68
1069.07
1102.08
1155.18
1211.32
1264.20
1299.45
1223.00
1137.78
1053.52
994.19
906.68
825.53
765.71
760.73
736.73
733.30
757.81
932.87
1175.69
1243.69
1261.70
1253.64
1260.48
1223.37
1196.67
1212.66
1247.39
1239.07
1269.63
1256.32
1197.27
1112.71
974.33
849.82
696.54
606.88
547.12
373.97
213.88
178.68
257.37
503.15
600.00
631.75
625.21
537.22
598.40
601.56
592.86
596.58
593.01
601.04
640.76
537.53
495.37
372.30
301.62
267.84
124.69
76.55
70.16
69.17
69.72
82.67
94.45
458.24
643.95
706.44
883.94
972.18
1054.23
1045.32
1060.40
1118.59
1173.68
1284.63
1448.03
1447.80
1323.68
1219.63
1130.46
1075.72
944.53
797.32
751.88
719.38
612.36
609.31
624.93
723.25
785.23
865.40
850.05
831.56
835.22
839.95
789.87
869.92
927.44
1027.00
1142.10
1094.26
1015.66
945.38
895.71
812.08
822.50
648.20
648.62
714.32
654.23
617.19
621.65
674.97
767.56
831.89
832.94
743.69
656.83
653.71
692.80
637.13
617.02
657.85
666.59
677.59
643.88
594.08
452.96
368.45
277.95
117.70
68.07
67.68
30.94
41.50
73.78
67.08
122.49
307.72
464.13
527.32
673.58
597.08
633.48
646.25
648.01
741.56
877.87
911.86
679.59
643.99
619.12
651.76
514.30
558.75
478.80
448.31
293.10
351.62
513.48
796.73
1189.93
1338.67
1317.40
1183.02
1194.17
1045.36
1023.86
1067.74
1123.15
1204.51
1296.58
1354.89
1228.82
1148.32
1020.57
842.30
726.53
788.47
719.23
707.56
672.01
711.05
758.62
1018.06
1150.73
1229.56
1182.00
1140.12
1079.68
1047.00
1048.90
1071.62
1075.83
1039.80
1088.33
1027.49
917.30
788.05
643.52
599.33
324.66
130.19
69.26
65.06
58.95
66.67
81.90
405.37
623.96
799.43
789.81
789.93
776.99
740.89
707.89
738.79
764.82
886.52
954.05
896.20
765.42
718.84
601.73
568.94
442.81
147.85
41.28
34.88
0.74
20.30
185.48
502.29
684.87
677.12
634.31
649.02
653.99
648.56
659.97
671.31
732.92
740.34
826.95
880.16
742.44
666.13
601.83
514.14
301.99
242.78
139.27
86.59
59.77
78.95
200.72
410.73
647.87
759.01
741.83
699.07
631.72
569.24
527.48
552.39
599.77
634.55
720.75
718.99
698.88
631.79
571.92
569.09
508.02
256.17
283.90
334.44
309.50
305.48
305.32
335.47
397.21
398.92
423.17
496.29
487.66
486.40
466.32
382.31
295.33
248.64
252.01
253.68
204.39
184.40
163.47
137.31
119.56
91.81
79.36
83.29
47.55
34.93
31.98
23.24
34.75
80.65
100.56
91.50
69.94
50.75
18.05
17.67
55.98
140.13
229.87
202.34
189.75
91.35
149.45
236.13
265.10
379.41
381.29
393.66
369.50
411.40
532.06
897.64
1050.73
1295.85
1239.28
1117.34
1122.47
1093.83
964.34
1041.74
1070.99
1109.33
1142.34
1062.03
928.32
828.25
755.53
710.75
633.80
583.81
557.06
544.99
531.26
544.75
594.55
712.65
859.11
917.84
839.28
791.14
781.26
761.29
818.06
806.50
856.57
958.52
942.60
913.14
865.47
820.08
788.40
738.30
709.30
673.75
664.92
667.09
662.51
659.51
711.58
969.84
1237.68
1350.00
1313.26
1041.32
969.62
914.43
892.56
919.78
1041.32
1106.93
1192.11
1074.83
969.47
899.78
891.82
874.04
829.04
755.00
729.76
716.42
708.47
719.60
808.35
879.45
1113.04
1189.73
1159.60
1151.64
1031.28
1105.63
1141.12
1178.66
1291.86
1367.93
1404.23
1347.40
1216.35
1103.12
1090.23
1022.89
939.02
1092.80
1075.02
1059.70
1062.38
1078.59
1119.66
1309.45
1547.96
1748.75
1649.36
1560.61
1499.23
1408.02
1351.26
1356.69
1428.41
1487.92
1549.08
1550.41
1465.60
1307.14
1237.73
1213.40
1097.71
1072.22
1041.94
1042.91
994.93
976.33
982.43
970.60
1043.36
1134.34
1277.03
1264.75
1167.52
1100.34
1019.33
1016.06
1011.00
1072.89
1293.84
1330.81
1056.85
1017.96
991.06
905.93
790.00
794.32
756.93
727.81
728.33
737.39
696.98
735.80
750.79
862.00
1008.57
1083.20
1049.90
970.96
1022.58
1140.84
1159.91
1272.37
1428.30
1503.29
1481.71
1299.74
1237.92
1170.60
1103.27
1108.18
1108.48
1104.01
1097.99
1115.02
1118.30
1413.20
1685.33
1918.78
2010.29
1859.41
1712.78
1643.74
1630.58
1634.37
1629.16
1670.75
1851.68
1845.50
1660.41
1514.15
1368.93
1280.25
1168.07
1226.40
1190.69
1085.42
1059.38
1142.86
1165.77
1365.97
1562.89
1868.06
1907.71
1775.51
1710.79
1620.70
1532.46
1601.58
1621.66
1670.76
1859.88
1859.88
1719.57
1542.13
1305.26
1023.15
957.46
927.86
894.61
880.92
867.90
869.31
899.37
931.95
1220.01
1231.99
1151.42
1046.52
996.60
975.99
973.47
970.86
879.80
992.06
1069.88
1037.97
977.41
1115.93
940.43
946.73
783.77
847.30
725.73
784.31
867.00
936.23
922.26
1192.92
1357.29
1479.71
1480.53
1430.85
1357.26
1137.17
1097.85
951.72
1007.65
1137.96
1384.88
1115.64
996.05
904.89
877.67
776.62
739.01
850.90
766.79
815.63
806.89
883.99
935.36
1113.44
1309.80
1450.38
1481.54
1450.38
1413.19
1361.57
1338.81
1349.97
1376.00
1398.31
1473.06
1492.77
1440.71
1349.97
1236.54
1153.76
1085.92
1040.51
1004.06
991.57
962.93
931.32
913.47
957.95
879.48
869.74
871.23
885.29
871.08
837.54
732.52
635.88
581.73
602.57
652.62
623.99
583.51
565.68
570.49
598.62
559.84
585.30
574.00
563.37
559.44
562.04
560.69
555.32
563.42
569.62
572.89
557.62
548.90
539.21
535.84
532.77
527.83
536.49
544.51
520.07
509.87
502.34
468.14
439.34
356.24
249.27
43.52
37.40
15.10
67.16
250.66
495.82
520.45
550.82
533.36
517.30
492.81
478.04
470.37
488.77
479.20
499.35
524.76
511.58
509.34
497.88
478.43
464.66
452.61
492.72
498.90
516.30
519.79
534.78
553.73
605.15
775.37
855.44
837.06
809.62
751.90
726.69
717.98
701.14
702.02
704.59
743.64
737.02
708.83
669.79
625.68
629.91
515.47
582.79
502.47
488.63
497.04
432.18
552.59
708.66
818.53
870.30
821.65
781.26
754.63
738.94
732.91
720.52
733.13
763.85
811.68
810.05
750.39
726.36
704.79
642.83
584.59
552.71
504.13
530.76
565.76
640.89
669.06
854.94
1034.84
1263.64
1325.61
1265.28
1243.86
1166.86
1136.21
1200.93
1215.44
1244.38
1325.39
1362.21
1280.83
1056.99
1067.78
968.17
773.12
805.67
745.93
697.95
653.39
625.12
662.24
745.93
801.43
806.71
784.00
730.91
751.39
745.40
731.42
733.31
758.80
801.36
836.17
844.50
803.96
764.10
758.41
797.94
801.95
649.91
687.68
721.37
906.49
933.36
948.70
1022.40
1163.61
1222.27
1264.26
1221.68
1164.21
1108.01
992.84
998.20
1054.18
1156.54
1267.68
1370.94
1339.67
1249.74
1177.16
979.81
804.20
828.52
777.53
771.79
757.80
751.84
725.74
723.39
733.06
795.77
806.04
808.05
797.11
766.81
758.37
791.74
839.09
893.14
1035.31
994.84
976.45
923.96
906.99
932.15
941.46
1079.48
1070.03
1082.54
1057.82
1043.00
1108.74
1307.81
1493.78
1588.63
1493.78
1377.87
1338.86
1256.07
1199.79
1220.19
1270.59
1353.45
1481.05
1589.45
1528.99
1386.28
1239.40
1135.32
1146.49
1084.55
1057.76
1044.29
1037.22
1053.89
1067.58
1269.28
1473.88
1593.93
1427.88
1253.20
973.37
959.78
952.72
1053.58
1266.55
1413.97
1654.22
1827.93
1704.38
1481.32
1400.57
1290.12
1213.68
1190.82
1154.43
1116.11
1101.01
1086.13
1109.42
1307.27
1463.15
1608.62
1309.57
952.42
896.19
860.23
854.79
850.03
933.00
953.16
951.00
765.13
691.32
508.59
485.83
479.31
446.18
423.80
401.25
390.57
383.01
402.16
435.28
451.32
502.20
565.39
587.65
576.75
531.98
504.54
498.83
460.73
466.12
477.67
467.53
462.84
451.85
450.65
450.98
449.68
442.63
410.96
407.90
423.42
432.02
474.30
513.58
590.08
1047.87
1187.44
1068.78
847.81
740.28
706.42
669.40
519.19
476.56
472.72
483.33
449.54
441.97
420.98
411.23
393.63
292.46
439.08
458.03
453.21
450.23
452.22
445.16
456.90
458.29
467.83
477.54
482.65
479.17
496.31
529.36
518.71
536.23
660.18
744.15
832.73
809.43
743.18
730.97
703.43
705.96
966.27
934.76
981.69
950.25
882.39
885.60
804.63
865.34
1057.52
1005.38
1002.77
900.87
791.07
710.91
655.10
643.77
709.59
970.66
1000.71
758.41
709.53
586.87
526.74
495.15
519.33
501.88
497.54
505.93
519.66
558.22
896.09
1187.66
1494.88
1186.28
1082.03
928.70
846.78
797.80
758.74
875.24
1119.05
1400.84
1652.16
1538.94
1399.35
1258.26
1199.05
1118.23
1010.22
985.64
984.45
984.15
985.64
1057.23
1238.16
1489.71
1541.78
1345.27
1029.89
1036.59
971.04
934.17
945.49
985.64
1137.45
1346.84
1489.71
1437.42
1309.59
1192.50
1125.01
1055.74
1004.51
975.75
968.67
968.75
943.78
1017.33
1201.15
1378.49
1406.51
1275.82
1136.48
984.77
900.04
904.96
904.44
959.06
1080.37
1183.27
1292.95
1191.54
894.90
835.07
769.72
696.03
678.26
668.16
615.63
568.57
587.86
796.71
1058.97
1240.72
1306.59
1240.27
1119.85
990.64
880.65
884.00
953.30
1005.62
1050.40
1236.99
1240.94
1152.41
967.98
977.22
755.85
667.81
775.45
590.78
543.14
507.96
487.78
521.41
608.67
700.36
700.36
662.96
651.56
567.04
535.97
433.25
270.69
248.82
414.10
469.07
517.42
489.60
372.79
309.37
286.73
165.53
207.62
238.94
230.04
275.82
359.68
402.72
451.81
478.41
513.06
563.90
563.89
539.07
497.86
460.36
477.89
504.06
538.42
651.47
789.41
652.46
607.48
558.02
561.51
582.40
595.55
579.10
562.70
535.53
526.66
557.10
554.18
621.63
684.84
780.02
688.83
636.62
575.26
529.07
520.72
590.75
724.48
783.01
794.62
751.58
717.70
704.22
611.93
571.92
521.43
364.71
348.34
251.10
216.92
274.16
447.13
499.28
504.28
368.41
312.46
206.96
206.32
195.76
309.18
386.38
405.50
604.75
581.60
562.34
550.84
529.43
526.72
440.90
362.02
334.62
343.25
376.28
461.56
521.94
594.55
722.58
753.64
759.89
758.93
756.10
762.50
770.99
805.99
927.48
1091.43
1227.64
1326.54
1318.87
1265.99
1182.59
1140.88
1061.80
1041.71
957.05
933.00
957.05
964.49
1036.42
1172.69
1289.14
1313.05
1225.26
1135.75
1020.04
941.56
938.80
1003.08
1113.19
1157.78
1217.09
1290.55
1165.15
997.86
859.81
752.56
692.92
723.66
680.40
675.69
666.57
690.55
939.81
1146.47
1265.75
1325.76
1220.78
1041.64
891.54
851.96
859.44
819.16
821.25
818.94
898.01
918.34
832.34
775.83
785.76
718.76
663.30
621.74
583.39
551.45
559.14
565.96
593.18
684.61
751.24
766.50
746.92
734.64
722.44
713.51
687.09
681.28
679.12
713.21
725.12
718.49
662.45
553.35
517.47
495.40
452.47
498.22
446.25
428.51
408.66
437.31
421.03
421.30
463.81
504.07
485.69
431.31
346.56
308.04
248.72
329.12
393.83
465.10
543.73
621.79
546.64
531.08
528.02
528.27
519.69
562.74
575.83
561.83
567.37
569.53
579.70
619.21
674.42
785.22
749.59
724.54
691.79
631.00
409.39
411.47
632.99
736.30
966.90
1144.05
1167.94
1143.60
1054.28
1029.35
989.82
914.27
989.30
989.23
930.65
893.73
1040.81
1222.43
1389.38
1391.54
1019.21
969.89
908.72
901.84
857.96
978.88
984.01
1142.19
1270.51
1414.32
1469.99
1298.80
1193.17
1142.26
1112.49
997.26
928.94
921.57
927.23
939.58
1052.41
1209.14
1324.64
1384.55
1193.06
970.32
902.07
868.58
865.75
868.88
967.49
1121.62
1288.47
1442.83
1442.16
1301.57
1177.88
1144.47
1057.84
990.46
933.75
930.03
950.12
971.86
1052.01
1216.49
1384.55
1384.55
1137.98
942.90
881.73
860.07
849.35
856.94
892.07
983.99
1211.21
1367.13
1325.53
1182.18
1058.86
1057.22
978.78
936.42
956.89
967.76
978.47
967.61
1009.06
1227.95
1347.92
1321.95
1052.68
925.56
869.22
858.80
845.77
875.92
957.26
1136.03
1238.29
1376.21
1186.64
1131.87
1172.65
1078.50
1041.22
1043.95
968.65
971.70
955.63
950.79
1004.51
1206.83
1391.66
1453.87
1238.75
975.64
915.30
832.93
770.95
715.06
493.26
488.63
496.51
505.95
684.06
456.35
417.18
413.74
446.45
517.54
508.91
672.50
576.83
536.69
549.40
539.41
735.41
749.32
721.04
656.76
561.36
525.79
532.07
564.21
715.37
795.54
1041.86
1128.64
1070.07
915.28
854.92
837.44
810.94
800.35
790.82
785.61
795.21
781.44
787.55
788.51
806.75
801.76
801.84
782.86
798.50
795.14
782.56
794.92
830.27
894.06
1080.28
1240.53
1266.36
1164.02
1115.41
1053.19
933.95
1001.09
911.32
895.40
901.43
911.10
1022.97
1189.40
1376.96
1615.81
1406.71
1267.25
1197.14
1115.86
1078.87
1074.03
1085.04
1131.34
1205.90
1375.95
1306.16
1107.20
979.64
898.00
808.16
649.16
701.54
632.62
587.67
584.39
636.86
734.66
741.06
785.86
703.21
708.47
701.54
651.75
698.56
707.57
726.40
793.38
918.42
1112.59
980.33
858.85
851.46
722.57
691.54
741.36
728.39
724.15
757.35
818.12
879.83
1046.89
1179.72
1288.15
1212.99
1138.50
1072.86
1020.77
1005.37
1022.63
1049.87
1075.10
1138.65
1241.94
1265.23
1144.30
1001.94
958.63
885.56
845.73
828.84
826.09
813.88
827.58
840.97
1023.80
1138.25
1197.48
1133.29
1059.29
980.78
907.79
866.49
864.56
868.50
880.70
1010.84
1095.45
1079.23
1005.26
930.78
921.33
816.27
765.59
749.14
737.09
735.45
737.31
781.29
891.49
1018.72
1048.49
1016.49
981.37
930.85
866.26
839.62
855.03
837.99
819.24
962.40
1008.08
996.48
858.75
810.75
745.68
645.89
522.59
529.21
543.87
607.52
647.76
715.79
775.77
819.31
840.36
791.62
698.15
609.89
585.40
446.53
451.05
602.88
729.48
792.22
852.35
821.84
789.09
769.67
753.07
703.09
686.65
646.07
630.92
576.76
582.00
581.05
582.45
592.10
647.05
664.02
684.86
653.52
598.51
513.35
521.09
557.56
633.12
751.19
892.18
876.10
787.96
755.13
700.26
556.39
353.06
281.42
251.40
160.49
121.45
167.35
286.52
578.48
594.11
316.08
229.09
188.55
95.71
84.23
80.96
79.10
124.92
380.98
564.42
571.17
499.54
367.68
261.83
173.60
71.24
33.48
30.29
15.82
29.38
115.82
317.11
615.49
699.71
615.04
549.21
453.63
396.46
443.66
487.20
445.29
586.80
743.72
774.61
774.46
738.81
640.18
611.83
591.93
669.19
660.39
642.77
661.73
658.05
678.15
856.49
1034.53
1106.85
831.03
768.79
622.51
572.02
567.32
602.32
696.17
752.27
820.45
844.38
831.52
805.25
809.02
749.68
728.50
607.27
614.43
671.59
690.35
723.77
773.18
970.16
1059.72
1027.56
871.90
768.27
681.24
635.76
584.32
599.13
631.96
694.50
732.61
751.82
740.87
714.67
658.84
548.71
497.92
323.84
327.39
324.21
369.64
381.26
475.85
529.22
539.30
545.43
506.35
478.79
459.83
441.44
431.14
493.04
525.27
620.76
715.47
722.78
711.48
591.31
522.59
522.40
503.44
758.13
718.85
576.66
671.63
610.71
585.85
619.86
717.97
695.73
764.24
722.17
678.54
625.83
598.73
651.59
685.54
777.49
973.37
1168.51
1262.24
1073.21
989.60
967.49
881.94
819.15
789.15
741.50
738.37
735.10
769.49
744.48
762.72
755.20
761.30
747.53
738.37
725.05
700.11
707.33
734.58
789.82
991.42
1079.49
1138.38
1077.33
1007.05
989.41
967.82
923.15
855.70
841.71
820.26
778.87
866.57
986.51
1105.03
1079.04
999.53
874.61
777.16
734.12
722.24
721.68
733.67
754.21
979.53
1113.16
1198.71
1005.10
927.06
880.90
871.34
899.19
835.84
830.48
808.82
818.87
879.99
966.34
1083.07
1067.88
956.81
856.09
794.08
758.65
740.56
715.32
709.74
735.35
769.07
790.88
724.85
700.13
611.59
536.12
529.74
452.12
436.56
440.81
428.11
418.11
468.47
543.13
667.25
695.92
601.86
423.23
257.69
199.64
167.19
293.60
450.47
488.39
523.45
523.94
524.32
504.60
494.21
487.80
446.80
342.57
319.82
279.39
240.77
189.43
334.14
474.46
523.56
555.84
454.90
300.71
265.71
265.41
270.25
309.94
374.48
482.38
549.97
665.26
714.91
682.07
662.70
524.50
460.87
349.06
288.58
274.41
275.26
258.36
296.81
417.72
543.07
590.53
454.79
283.11
211.31
149.31
93.62
90.79
106.22
243.03
513.38
546.54
544.33
530.96
499.71
459.23
386.50
136.46
21.03
7.74
5.39
5.68
7.42
28.94
95.86
94.45
74.37
74.27
69.14
69.28
72.10
76.48
116.49
226.71
291.71
494.16
574.79
506.02
311.77
289.94
248.58
295.54
292.34
298.97
304.63
306.08
411.40
455.62
479.11
501.67
500.86
490.19
416.12
379.27
359.28
335.48
360.30
574.46
794.74
878.27
690.56
593.95
565.73
541.23
556.68
534.19
514.58
500.35
509.96
554.52
772.64
1039.98
1017.40
729.16
689.82
603.08
508.66
409.18
318.85
343.61
369.76
554.19
715.00
926.86
761.50
759.42
713.70
549.15
440.46
463.18
475.20
513.74
526.72
616.54
969.02
1191.59
1191.59
932.96
710.95
630.31
573.44
607.09
655.97
702.79
715.91
809.12
1019.84
1199.49
1199.64
983.55
931.47
822.53
709.21
686.56
706.31
726.25
708.76
732.61
872.00
1073.84
1132.47
1074.14
968.56
886.61
826.85
786.77
756.60
781.85
791.24
954.78
1083.37
1116.60
985.55
856.21
818.81
706.31
668.37
612.79
601.61
586.86
580.46
572.19
669.25
886.59
963.33
819.54
675.45
596.03
493.62
257.54
154.08
176.52
313.41
534.94
726.78
891.81
867.96
759.00
689.58
596.04
404.98
412.70
421.44
358.92
508.19
593.70
831.38
984.01
1025.12
984.53
925.02
891.28
772.86
723.48
693.02
705.46
758.86
769.29
807.12
769.97
601.47
561.41
496.11
447.35
488.47
403.96
350.72
280.69
266.34
263.15
255.92
362.43
424.91
445.91
369.21
343.29
305.08
287.65
249.52
270.89
302.18
378.77
541.06
563.95
525.24
469.29
478.02
403.99
448.96
404.71
395.14
405.98
400.99
419.23
414.03
451.41
489.76
468.73
384.83
371.08
319.13
195.87
132.77
138.03
237.26
327.00
730.92
968.42
979.59
898.40
839.40
812.88
808.48
802.15
804.83
773.99
748.14
819.95
1037.10
1248.07
1220.13
956.35
773.25
661.21
603.25
557.96
533.82
587.83
610.85
747.55
996.50
1177.82
1163.97
1064.81
983.47
842.67
825.85
819.52
846.94
859.90
868.99
908.25
1082.88
1343.86
1330.08
1099.87
882.32
834.57
811.03
805.51
799.48
809.91
839.86
908.92
1095.92
1341.03
1321.07
1158.95
1051.89
968.00
950.04
881.12
891.18
881.05
931.27
1001.83
1235.48
1549.16
1339.20
1059.20
891.11
856.84
844.62
846.48
843.57
843.57
866.52
1010.39
1166.19
1486.87
1428.16
1229.22
1127.97
1036.62
1009.66
924.59
893.90
859.11
855.54
930.48
1061.58
1204.01
1161.77
964.30
853.90
782.91
774.86
768.01
777.47
779.71
793.11
832.30
910.81
866.86
882.65
850.40
811.96
751.29
635.52
621.71
623.02
724.64
744.65
796.80
766.93
794.64
823.32
774.45
758.13
751.73
685.12
646.46
633.27
686.31
751.06
802.69
943.20
1032.23
1006.30
1005.78
1015.61
939.25
754.22
623.11
723.58
717.06
738.03
744.14
838.60
963.69
974.12
813.24
698.40
683.43
592.88
574.94
638.88
633.46
654.81
778.32
875.18
1005.85
1041.32
1022.99
1005.03
946.03
953.55
878.08
892.76
879.05
880.91
878.08
894.03
885.83
916.23
835.99
745.02
648.17
610.62
447.09
409.76
417.21
551.32
643.33
858.27
968.31
994.31
941.63
856.78
796.73
731.69
609.80
582.16
535.67
521.52
543.57
596.02
578.21
517.27
390.78
178.91
33.73
28.15
-14.14
-32.40
-10.17
5.57
161.37
315.71
433.27
291.66
174.48
94.86
4.47
10.90
7.38
5.36
8.12
45.91
251.15
548.41
786.97
806.56
698.83
365.57
126.22
79.35
73.80
64.94
70.75
125.49
532.78
974.49
1210.36
1232.12
1053.39
974.49
826.97
727.17
642.45
600.73
586.43
597.53
639.25
784.55
922.78
872.42
850.56
767.03
736.03
724.33
702.88
703.40
700.79
747.58
745.66
696.22
714.37
711.45
630.82
708.71
489.70
499.16
462.11
472.02
483.75
530.99
614.66
760.39
857.10
886.30
765.98
640.59
591.49
573.09
400.83
400.24
316.87
198.11
626.81
954.40
1125.02
1156.31
1124.87
998.66
894.80
879.81
840.40
868.26
840.40
842.93
949.17
1078.36
1279.67
1312.08
1124.11
967.50
884.06
801.21
788.25
791.38
814.32
784.07
868.26
1029.34
1130.14
1134.02
1125.00
1000.80
782.67
923.14
834.47
780.94
634.56
610.21
579.11
598.38
601.03
624.44
602.41
557.94
542.22
493.92
485.83
486.73
488.95
513.57
579.08
654.70
737.11
750.72
716.78
705.76
654.78
658.79
626.94
636.02
639.80
655.48
662.21
668.70
747.61
822.71
854.38
827.26
803.34
775.18
731.30
705.60
702.25
715.51
752.24
858.32
989.97
1043.01
1005.76
968.29
933.87
854.90
828.00
811.76
822.79
819.51
856.98
1049.12
1331.18
1493.82
1215.41
1010.31
876.13
783.23
751.86
722.58
691.00
720.87
752.38
911.37
1069.91
1063.72
1000.17
915.02
813.25
784.66
760.52
753.29
699.72
696.70
708.77
946.27
1045.15
1154.01
943.80
766.85
718.81
655.13
606.15
563.84
549.07
561.36
648.51
692.54
701.50
778.40
724.63
681.66
607.63
660.32
620.35
637.84
622.29
639.22
668.23
840.87
930.48
868.71
698.85
510.32
424.03
220.55
39.42
0.67
20.19
209.13
494.96
597.19
685.88
675.25
650.42
620.29
573.09
571.92
542.51
558.53
548.09
569.19
591.79
653.85
682.73
682.46
649.43
516.23
438.66
415.94
381.88
358.04
358.26
372.65
610.35
639.47
653.62
659.76
647.77
606.09
566.08
555.81
533.60
536.06
559.07
576.64
682.28
852.23
989.72
1002.32
791.79
664.72
555.73
233.27
0.67
0.37
52.94
423.11
607.60
908.55
1037.91
1062.84
857.36
790.15
738.21
738.07
709.38
686.35
692.68
680.31
715.34
743.88
764.45
738.52
640.89
556.46
335.80
195.25
74.67
41.88
221.27
448.62
530.18
577.26
602.49
645.75
618.03
592.11
566.99
567.32
542.73
533.67
513.18
506.41
517.40
611.53
698.77
696.16
673.66
591.10
357.41
265.96
74.66
36.71
258.29
477.99
746.98
936.91
1029.30
1021.78
931.54
871.41
816.65
653.47
622.77
571.00
454.09
459.25
639.37
853.90
988.75
997.32
935.88
751.73
735.47
681.44
662.63
624.26
626.94
634.26
727.31
874.84
993.72
988.84
785.69
684.48
595.31
611.61
592.13
574.86
549.08
546.15
571.76
636.18
759.59
735.74
610.47
476.69
383.68
260.10
185.57
103.44
106.13
154.57
250.96
414.10
523.91
552.49
544.96
481.23
431.39
539.05
530.74
534.30
520.40
529.10
573.98
656.37
729.86
725.84
570.94
565.79
438.71
283.68
332.13
306.64
277.34
316.18
505.79
661.08
686.43
697.94
713.41
668.74
604.47
765.20
722.56
699.52
690.09
693.82
759.07
870.99
1063.95
986.44
785.28
705.38
678.02
655.37
650.67
653.65
643.37
661.55
729.08
814.42
955.28
1189.91
1054.64
934.79
756.80
760.42
692.90
673.37
690.74
692.45
714.36
847.92
922.82
945.11
899.49
843.52
791.28
760.57
693.79
672.18
663.31
675.31
743.98
852.90
886.10
925.59
917.92
858.73
750.50
789.99
758.33
734.00
729.14
717.73
758.99
762.84
815.40
861.91
747.01
720.37
647.07
566.42
490.97
433.04
443.03
483.19
524.19
554.13
604.95
620.76
612.10
570.47
553.16
525.58
489.30
473.96
461.67
463.79
479.18
478.33
460.89
433.32
316.51
203.91
43.05
-9.80
-25.85
-17.44
8.94
104.34
525.96
797.17
903.01
921.19
910.76
872.90
810.22
819.09
682.09
659.83
626.64
614.58
630.07
601.16
586.90
581.33
531.78
483.84
446.36
373.37
257.40
223.30
304.26
499.07
708.93
848.60
928.94
937.59
907.18
878.71
695.05
714.10
582.35
561.34
542.84
542.87
612.23
802.08
939.47
995.18
907.64
853.22
804.32
727.64
689.31
642.97
601.71
632.24
698.08
847.06
968.89
1064.74
996.39
858.50
755.64
522.43
492.58
497.45
507.91
553.74
758.35
916.84
983.59
932.43
813.16
673.23
621.56
574.75
590.38
552.57
542.97
619.63
727.39
902.77
1044.09
1278.87
985.73
901.50
855.14
745.96
709.53
701.48
709.68
714.52
796.69
931.24
968.49
893.25
777.92
670.49
593.01
526.56
453.71
427.45
490.76
588.04
741.62
832.08
880.36
888.43
843.81
774.17
682.98
610.11
574.05
566.60
573.46
568.62
636.41
700.49
759.49
623.08
485.17
278.27
98.79
45.45
44.70
44.85
47.76
157.65
580.61
591.26
585.45
579.94
606.69
582.03
541.27
541.28
518.48
539.47
548.67
563.53
576.42
589.91
626.79
630.29
620.55
585.58
541.11
523.82
415.35
372.51
470.56
542.75
600.12
628.71
649.58
674.14
668.94
664.91
624.22
593.60
566.15
558.16
564.99
567.63
576.28
575.54
600.56
565.25
503.64
252.56
37.92
-0.30
-5.11
-0.22
115.03
421.83
545.49
640.64
656.59
639.87
648.22
638.65
626.29
565.85
553.30
557.27
560.40
568.11
604.76
765.33
874.78
819.37
727.22
667.77
593.64
559.22
517.64
468.62
448.58
512.84
580.73
609.94
610.75
624.97
609.64
555.32
475.77
450.73
436.45
421.76
429.38
430.77
484.48
544.33
586.52
601.61
568.32
492.74
414.71
382.06
338.09
349.75
382.96
385.25
471.22
488.66
497.15
453.18
442.53
410.18
373.95
326.63
313.92
314.33
308.39
307.44
338.03
391.84
482.01
494.71
475.64
431.32
382.60
371.10
383.93
382.35
392.71
369.84
477.46
582.67
691.32
751.07
713.86
599.16
515.87
632.00
525.55
521.33
507.67
503.54
660.81
901.93
1104.64
1249.48
1008.87
943.63
862.31
778.45
632.30
605.84
570.77
603.07
697.90
848.07
1084.77
980.00
874.01
789.36
566.81
679.82
658.05
658.44
664.57
670.67
729.68
864.24
968.22
1027.65
836.44
706.08
648.53
502.65
426.32
398.31
429.61
484.27
574.62
676.67
856.35
909.17
860.76
747.13
697.84
774.52
729.84
702.87
716.12
719.10
727.09
720.61
705.54
703.68
663.53
531.47
224.36
115.41
41.63
37.69
45.96
204.57
561.71
629.98
808.58
877.17
845.28
817.91
774.57
762.38
731.18
702.28
635.78
643.60
708.09
605.69
550.14
563.69
408.86
186.85
103.44
72.46
13.78
1.19
13.26
238.32
666.78
786.66
863.89
946.78
953.19
887.28
803.72
886.53
801.41
769.19
803.75
797.62
939.48
1124.77
1257.04
1110.55
929.50
786.29
741.90
705.64
676.00
665.94
674.28
658.23
745.11
877.59
930.77
969.34
915.74
820.77
698.49
562.92
531.27
508.85
462.01
478.99
514.96
653.77
574.09
573.50
547.43
531.87
459.11
374.72
291.85
149.69
92.99
307.04
445.26
445.26
441.83
422.84
361.40
183.13
71.24
92.93
145.61
146.46
148.70
150.67
175.01
220.64
253.27
269.23
250.25
240.99
179.98
18.83
0.37
0.60
10.22
106.63
439.31
484.22
524.66
852.03
946.09
806.83
748.22
749.19
697.90
664.66
662.28
702.94
732.88
747.93
706.29
672.48
598.37
536.70
484.34
468.26
324.14
219.05
320.86
532.98
630.03
767.74
860.47
937.48
872.76
816.38
735.56
692.81
619.67
597.55
573.72
626.82
739.81
826.73
819.06
789.49
699.29
524.12
451.05
453.66
430.42
431.46
473.84
537.37
649.39
772.13
866.13
863.45
782.19
743.24
638.89
586.44
551.13
507.04
490.06
484.28
488.70
462.36
465.19
445.08
298.21
32.77
2.35
-7.23
-7.62
-0.67
0.00
9.83
191.55
399.80
579.11
647.05
598.11
579.98
538.87
385.29
295.53
250.08
212.27
221.07
208.61
229.19
205.20
148.97
15.94
0.00
-3.58
-48.26
-134.88
-214.51
-104.38
-3.05
16.54
307.91
636.76
676.83
661.56
653.81
572.85
541.77
519.93
527.28
534.86
543.65
645.92
821.25
881.21
844.79
762.04
647.78
546.41
469.77
468.28
494.42
508.35
527.34
586.18
670.35
804.49
886.35
840.17
776.41
629.23
525.34
489.37
487.88
462.64
459.73
495.59
728.97
778.74
752.19
652.00
456.14
401.79
243.69
157.28
41.78
28.50
95.40
416.53
511.52
587.73
598.65
609.77
601.21
489.52
493.78
491.62
497.95
502.86
550.68
628.06
799.57
911.78
816.70
731.22
639.90
603.26
600.13
558.16
560.13
552.56
624.03
660.14
833.10
1097.09
1157.41
1109.05
853.79
631.04
489.92
458.34
422.07
375.37
362.71
375.37
636.11
655.23
614.25
458.86
438.01
335.15
243.99
68.89
-1.19
-0.97
74.40
305.36
425.35
445.90
480.91
790.07
487.16
441.81
468.91
460.86
450.43
303.15
297.78
339.50
763.03
767.80
707.75
558.01
287.12
29.95
30.17
7.23
0.00
0.52
70.18
321.25
602.71
607.48
853.50
819.51
741.28
689.13
668.09
622.21
631.15
643.06
679.71
670.40
616.02
618.19
540.87
410.14
121.83
10.88
0.00
-35.31
-16.66
3.51
16.83
410.29
632.04
747.72
930.59
842.32
745.11
705.49
648.71
625.70
610.20
580.03
579.96
569.61
536.46
482.98
280.82
0.00
-22.94
-113.45
-261.39
-667.48
-671.55
-500.74
-104.35
-0.45
372.44
461.97
595.98
579.81
549.72
517.69
441.19
401.49
385.99
361.34
403.87
462.12
493.85
437.32
222.87
11.26
-0.21
-96.07
-266.04
-472.98
-546.64
-396.31
-92.87
-17.37
143.02
525.66
592.52
608.29
585.10
543.46
558.81
529.23
513.22
509.05
571.17
633.67
729.31
878.66
809.23
670.84
613.55
523.42
480.37
427.26
420.71
466.74
523.95
650.65
729.76
930.35
1151.28
936.83
724.84
667.78
639.94
610.03
548.05
581.70
612.53
662.29
761.50
649.77
558.83
489.79
411.96
337.40
11.99
-0.15
-6.03
-3.69
148.86
386.33
431.47
437.65
506.99
437.87
423.80
425.44
391.88
388.90
413.25
431.27
478.79
492.94
711.26
780.75
737.80
587.22
448.55
427.40
282.48
69.56
22.42
97.04
317.78
523.32
534.71
654.91
850.48
770.27
710.54
644.41
617.30
586.36
594.10
571.81
601.96
676.91
886.13
935.37
716.46
628.42
536.95
470.37
417.56
317.38
274.25
334.43
434.02
570.70
640.26
753.18
823.05
754.60
689.42
633.56
632.80
598.16
579.47
560.17
601.22
585.80
579.24
548.48
521.44
446.72
200.38
40.57
6.82
-18.36
-12.12
4.01
40.08
340.13
558.68
632.88
706.92
706.92
654.70
604.65
604.20
557.87
540.07
533.66
544.76
537.98
514.45
482.42
378.44
154.62
46.79
12.53
-13.66
-137.79
-174.05
-13.88
13.16
243.10
582.52
736.93
817.74
764.19
737.37
647.85
586.25
529.57
521.90
529.87
553.10
658.12
909.35
847.53
744.45
643.60
558.62
521.97
515.64
515.34
494.86
507.74
573.51
668.85
750.48
1008.12
1172.12
956.35
752.57
662.74
597.60
591.19
590.44
612.49
642.06
674.46
1090.46
1141.71
912.74
706.87
646.01
611.15
564.75
542.25
513.28
487.73
590.15
654.80
736.21
999.37
1135.16
942.46
760.05
670.29
696.99
669.20
672.40
671.95
675.53
729.32
951.02
1091.29
854.17
734.01
693.78
645.14
595.60
580.32
569.52
588.89
593.81
701.90
752.93
1031.92
1100.31
950.20
788.32
706.97
699.77
664.98
618.64
595.24
611.19
658.87
700.36
694.77
680.92
624.15
556.06
510.32
478.43
475.60
477.24
506.07
530.21
566.94
673.92
760.11
848.09
782.24
719.51
677.94
707.75
668.26
593.99
566.20
568.21
663.50
772.86
774.58
767.61
674.90
586.82
468.16
436.54
382.78
387.45
406.90
433.80
483.27
554.47
598.50
631.11
606.69
567.22
466.46
431.60
411.96
408.77
418.52
419.07
420.60
433.08
449.07
435.55
390.71
196.87
94.33
0.60
-95.72
-96.94
-24.05
49.30
300.02
406.64
451.50
452.09
433.24
383.13
349.48
336.76
410.83
390.58
368.80
376.27
366.14
372.40
348.18
211.95
118.49
0.07
-12.52
-105.19
-187.16
-187.04
-66.98
-0.70
192.39
609.69
549.18
666.85
668.49
604.32
571.46
596.95
568.70
601.34
593.74
610.58
706.87
800.62
941.70
927.02
790.04
645.91
505.73
473.45
454.68
478.60
552.53
632.12
727.36
817.39
991.48
1064.89
871.42
797.42
731.09
664.07
616.89
620.69
616.67
631.72
671.00
858.05
890.76
894.56
768.47
634.03
575.83
418.22
374.10
361.43
470.01
546.84
630.68
755.51
834.57
894.86
857.00
782.48
733.15
717.54
660.90
648.23
642.79
657.84
731.40
945.96
1015.12
953.94
770.01
653.30
584.36
552.46
560.81
580.78
584.73
622.44
734.53
855.34
1058.80
1134.14
1042.70
892.60
811.37
798.38
765.96
749.94
748.15
748.07
849.36
1221.72
1237.97
1043.96
864.57
772.59
730.56
687.48
670.78
670.78
685.76
721.09
781.84
934.55
1165.08
1336.20
1285.97
1117.67
931.79
940.18
906.35
861.41
839.87
842.70
877.65
1064.93
1145.71
1084.98
925.27
836.14
812.22
800.00
755.66
740.08
757.52
808.35
857.31
1008.66
1201.23
1304.89
1269.79
1133.04
1033.56
974.71
915.02
894.24
867.71
827.62
819.65
821.96
805.12
752.59
712.35
633.36
521.52
442.31
360.64
296.12
415.15
633.36
756.46
859.21
1026.72
1095.12
1154.96
1090.65
1018.23
958.16
882.09
827.10
811.08
774.87
764.37
730.39
685.91
633.31
582.12
472.08
399.73
341.17
218.90
186.27
364.94
558.80
697.61
798.94
976.79
1044.96
1024.25
1024.25
876.35
745.22
698.28
659.91
668.03
698.88
714.30
878.96
999.36
988.19
861.67
775.62
724.59
695.30
671.01
658.49
701.99
731.44
820.17
1020.75
1268.93
1473.52
1329.80
1119.91
1006.81
902.84
824.84
776.19
755.19
753.17
794.82
968.10
1083.05
1093.56
975.48
849.95
786.77
745.87
712.57
704.90
753.77
784.99
883.84
1042.97
1196.36
1229.81
1117.47
1028.07
895.99
891.70
825.33
781.00
774.23
773.03
797.32
947.35
1025.57
1076.97
940.13
819.00
767.37
703.64
664.17
656.55
711.65
739.21
846.41
1029.30
1247.79
1420.69
1350.00
1154.67
1004.79
990.34
920.10
860.29
829.37
797.19
862.22
1025.13
1137.61
1146.70
969.26
864.08
783.26
775.89
795.48
793.02
795.48
805.91
936.86
1022.75
1172.70
1154.60
1096.34
1000.70
900.36
773.22
709.16
683.76
679.96
677.43
704.39
857.32
960.49
974.87
906.19
791.62
730.76
691.95
645.92
589.00
583.49
576.56
671.09
781.49
794.97
1021.28
1005.56
972.41
910.44
874.01
817.25
766.30
747.16
702.62
689.06
687.42
687.50
674.61
608.47
429.33
186.21
111.65
14.15
2.31
74.49
210.05
603.18
743.14
967.93
1053.52
1122.64
971.73
881.23
901.54
841.51
803.91
793.03
758.78
759.07
660.25
591.07
402.14
242.40
72.80
0.99
2.45
2.25
2.15
15.47
106.49
496.18
793.41
938.99
1145.43
1217.14
1082.05
886.27
865.64
781.27
694.81
623.39
622.79
651.91
834.67
965.95
897.96
756.02
654.59
606.19
557.93
441.56
385.03
407.16
479.62
607.08
675.63
717.39
733.48
614.60
563.66
542.22
557.29
553.42
514.33
484.70
505.24
539.57
759.36
669.94
674.03
579.25
592.80
518.06
389.26
317.77
279.72
345.11
412.31
579.72
683.34
779.01
713.19
854.75
912.43
857.25
669.38
634.60
612.59
608.12
614.11
692.40
864.17
979.39
952.72
846.44
758.86
739.57
753.57
725.57
711.94
710.45
726.91
797.51
960.17
1155.75
1248.40
1184.95
1042.69
901.93
889.58
819.58
757.48
730.37
744.07
778.33
907.08
972.17
970.38
866.72
788.98
734.24
743.90
731.56
734.24
744.67
753.01
834.25
977.45
1238.01
1277.70
1152.23
1056.02
901.87
860.43
770.09
719.07
717.51
705.67
784.54
919.02
959.34
899.57
735.50
754.34
700.45
686.58
642.51
619.27
573.02
576.15
627.91
774.07
834.54
979.52
973.71
911.52
815.30
817.22
740.96
636.56
595.45
501.17
399.45
404.14
410.47
566.63
483.30
326.10
183.27
125.33
32.99
0.52
7.28
92.71
391.88
505.49
514.14
494.77
505.48
510.93
476.98
122.50
23.61
0.07
0.00
-0.22
-0.37
-0.37
-3.72
-21.97
-84.89
-189.15
-479.57
-830.20
-1335.03
-2234.88
-2022.92
-621.12
-170.06
-27.90
36.38
212.01
210.60
158.84
125.33
160.11
148.72
132.11
73.95
73.80
133.82
349.79
411.82
429.39
382.12
60.66
47.86
22.31
0.18
6.92
14.20
46.95
153.90
390.96
421.50
441.03
445.92
458.03
406.55
498.54
410.39
368.17
338.26
375.07
428.87
434.32
483.55
483.40
477.96
260.10
75.07
4.58
4.33
73.80
292.08
381.60
400.37
394.93
484.33
801.49
1118.88
1076.88
924.14
915.58
809.90
704.22
646.51
501.21
505.45
570.77
689.55
732.45
613.66
515.44
315.74
126.37
118.14
107.65
104.77
137.60
241.70
549.73
533.10
536.12
517.16
505.75
486.77
458.11
443.13
391.12
275.49
337.69
348.48
478.06
525.62
536.49
526.52
497.78
449.25
421.10
424.00
415.81
409.63
349.70
493.52
766.97
889.26
1260.20
1304.10
1024.59
886.13
849.11
770.01
726.95
662.90
643.68
677.27
706.10
813.35
797.94
683.68
625.66
589.31
557.88
495.83
483.99
492.93
598.02
670.35
734.70
1093.26
1290.34
1039.34
873.46
756.45
747.13
686.55
670.38
648.70
661.96
650.34
632.90
635.29
624.19
566.59
453.78
345.14
263.80
141.29
141.37
302.74
449.05
621.43
799.51
901.60
959.42
989.97
966.57
863.74
815.37
758.00
758.60
711.06
713.67
722.09
705.40
679.47
642.52
574.50
446.84
374.46
340.41
275.59
334.15
410.89
543.73
613.91
777.89
910.51
983.45
999.09
984.34
891.06
838.09
759.94
702.57
684.99
695.19
783.33
906.49
989.26
1000.36
878.77
784.37
707.71
664.80
597.22
480.32
460.51
468.93
598.71
908.72
1232.96
1310.44
1341.59
1213.81
996.11
927.00
862.39
784.53
750.18
742.88
840.04
920.59
934.30
901.22
783.11
682.30
524.83
420.10
348.73
353.11
450.99
541.03
693.85
849.43
1054.71
1192.33
992.54
776.85
607.09
539.31
490.14
476.42
493.01
551.87
566.39
657.46
860.02
894.30
762.61
618.56
378.36
156.39
111.26
145.63
202.23
249.00
326.57
373.07
598.14
1036.64
933.05
939.09
848.91
781.92
638.39
588.75
559.61
566.39
659.63
761.87
823.28
887.60
648.07
363.46
354.67
368.08
346.54
346.54
348.41
335.89
349.75
415.03
861.74
975.24
1027.63
966.37
877.31
752.66
718.08
630.07
622.84
695.65
740.36
849.53
849.53
773.22
633.95
594.00
569.26
549.96
520.52
559.87
579.02
577.91
726.28
858.85
1044.70
1042.69
923.46
709.81
603.17
529.44
386.93
217.15
148.62
126.49
101.98
148.25
168.36
222.52
129.70
34.53
0.06
-0.07
-0.97
-7.67
-0.74
5.05
131.26
432.60
590.52
583.00
557.45
522.73
490.64
423.34
138.11
19.37
0.52
0.00
-3.20
-15.42
-8.19
-15.57
-61.33
-110.62
-153.64
-285.97
-373.13
-447.25
-359.87
-153.69
-26.43
92.80
193.01
597.13
462.45
462.30
457.83
197.11
273.53
293.20
245.90
215.28
245.90
323.67
262.51
324.26
238.45
179.32
51.79
6.41
4.40
0.00
0.45
9.61
78.13
101.95
162.62
213.72
245.90
186.80
221.94
152.90
146.84
124.20
153.51
98.00
316.69
459.12
740.04
597.70
166.73
275.65
324.89
342.10
342.02
244.06
156.45
218.73
721.00
906.05
1253.52
1400.58
1220.29
1037.47
832.60
805.47
752.50
724.56
708.17
697.22
778.05
942.04
931.24
877.74
744.30
659.22
601.55
572.42
511.55
465.43
463.72
533.08
564.90
702.73
840.49
957.98
922.89
847.79
749.44
731.15
702.99
617.68
597.78
529.76
521.41
622.15
793.15
388.26
222.18
213.02
205.57
210.56
201.47
188.13
197.08
178.37
204.38
214.96
247.37
837.78
950.28
847.83
815.13
744.32
697.91
701.85
681.44
689.93
723.09
657.82
707.81
825.46
768.09
655.66
667.21
599.56
577.28
554.11
547.25
543.90
651.19
625.86
930.59
986.32
931.26
819.35
721.00
724.74
733.31
692.92
703.06
670.05
655.67
661.63
642.11
617.89
499.57
440.19
346.91
249.74
163.17
145.44
181.79
303.69
526.55
638.01
743.44
773.84
884.78
792.99
733.83
650.56
590.72
487.66
247.55
117.59
82.64
37.86
21.46
25.49
0.98
25.18
33.71
29.59
11.46
22.26
36.23
56.68
45.96
195.58
468.75
650.11
569.78
421.77
418.44
161.04
159.10
160.96
227.79
241.78
227.94
344.48
432.96
432.66
368.26
469.77
439.29
454.35
401.59
342.79
201.43
474.91
574.25
718.82
788.13
844.25
843.05
649.66
506.36
715.30
320.92
468.59
452.28
447.96
437.90
452.65
700.40
747.34
214.37
203.41
199.69
187.24
185.60
180.61
180.84
184.11
190.82
196.04
226.21
886.97
868.42
814.77
733.93
195.36
504.57
499.51
499.06
501.07
503.98
534.75
851.04
893.66
707.84
232.84
228.00
222.04
221.29
329.03
222.19
230.61
477.60
439.75
422.39
515.83
536.76
536.54
515.38
514.91
501.42
518.78
527.87
488.38
585.70
621.02
733.98
777.20
738.60
721.32
674.89
644.19
596.20
583.69
601.49
681.67
799.26
856.27
871.47
819.45
805.67
786.59
736.82
660.49
593.12
582.24
590.22
596.33
667.20
745.89
828.09
842.03
803.87
741.79
693.06
621.14
596.18
563.76
567.11
596.18
702.52
771.97
912.45
968.79
907.53
827.87
756.62
768.35
704.18
679.51
638.44
663.11
648.65
638.74
655.21
639.41
609.00
562.72
475.14
437.21
301.71
135.65
146.61
366.55
437.21
592.83
687.78
744.80
750.84
744.80
687.04
629.79
558.24
505.40
430.72
384.58
385.33
352.83
275.77
216.21
69.25
0.13
-1.63
-17.61
-14.70
-14.90
-12.83
4.49
41.08
153.64
414.51
629.57
561.08
527.76
520.46
389.50
261.31
295.89
225.83
215.47
314.23
575.46
536.63
553.32
550.94
550.72
501.97
485.80
444.58
440.78
446.74
504.28
565.03
663.01
728.45
745.10
739.73
709.99
653.12
506.89
438.69
431.24
424.38
431.54
472.53
674.51
701.94
713.49
675.78
641.20
528.36
513.30
500.26
447.19
425.95
400.24
508.61
606.09
715.88
811.13
834.31
764.32
691.51
666.11
577.87
518.85
499.85
522.13
638.99
772.16
834.39
733.11
655.83
585.41
480.69
387.68
246.53
185.42
158.29
217.24
390.26
514.37
606.24
566.79
554.32
489.64
287.45
148.82
70.87
25.64
41.81
53.65
184.81
353.08
469.48
521.64
438.93
338.70
257.25
199.80
159.84
131.45
133.47
174.89
322.17
504.00
500.98
544.27
545.95
493.48
380.35
671.66
470.77
414.44
413.32
413.85
421.59
437.54
487.91
659.44
447.67
400.28
241.57
226.22
170.86
152.98
150.37
151.04
175.11
316.08
515.91
851.41
897.60
813.61
733.88
756.72
707.16
689.87
672.88
672.44
674.67
704.04
690.77
685.95
661.13
596.88
557.94
484.43
438.98
432.49
487.77
585.03
738.91
801.95
917.30
961.19
813.94
738.31
650.83
663.94
656.41
589.20
589.28
559.32
625.94
559.62
511.26
502.69
455.37
365.80
326.75
252.76
89.94
89.12
67.74
90.16
262.07
462.23
541.06
572.66
574.89
485.10
412.82
227.32
200.04
141.88
30.28
14.07
-2.75
94.02
85.52
146.42
158.05
30.33
7.45
-0.07
-6.04
-23.83
-51.34
-23.17
-0.30
2.91
29.63
10.51
5.29
0.46
-0.81
-31.89
-44.93
-46.20
-44.11
-27.87
-17.29
-8.72
-0.97
-4.23
-19.93
-46.24
-79.36
-91.50
-114.44
-130.81
-107.82
-57.47
-19.74
-7.45
-8.20
-8.27
-8.35
-8.42
-14.60
-8.42
-8.35
-8.57
-8.72
-8.79
-8.72
-0.22
0.75
11.77
16.17
10.36
11.03
7.00
3.82
19.45
6.50
30.33
59.31
126.60
129.21
339.57
395.60
401.57
389.57
99.85
275.93
306.03
274.51
309.24
328.84
381.67
405.36
454.02
290.61
326.97
286.59
135.99
134.20
125.33
126.23
131.30
331.30
632.26
770.94
1228.83
1065.50
860.58
754.77
829.42
792.76
780.69
743.28
762.21
795.82
1067.72
1067.72
857.44
746.64
629.72
549.10
308.64
224.96
240.01
432.26
630.25
730.10
840.38
1049.24
1241.86
991.05
878.38
773.31
771.50
731.71
727.99
713.31
699.75
737.08
711.52
745.13
741.70
651.99
568.16
499.68
384.78
182.63
44.71
51.56
152.01
503.56
689.54
793.34
828.28
836.63
805.11
757.50
671.37
630.39
587.17
519.07
514.15
536.65
578.90
571.37
521.08
356.85
210.20
104.88
44.14
8.02
11.03
50.84
129.53
541.42
738.96
806.02
864.51
894.17
895.29
850.13
730.31
667.87
629.64
658.48
704.98
822.49
976.06
1064.58
870.77
738.21
623.46
576.07
521.08
474.51
500.06
552.15
614.74
757.73
923.01
1324.79
1200.20
975.09
827.03
753.04
742.22
690.43
686.78
670.38
653.32
690.88
847.15
1006.02
898.56
705.71
595.94
536.97
449.50
222.24
175.42
346.46
409.67
670.84
780.08
932.17
1059.92
991.42
934.11
773.52
795.75
726.16
657.23
674.52
671.91
719.38
874.49
1058.94
953.61
816.02
739.78
700.67
642.02
620.12
595.98
626.61
673.06
810.69
977.80
1163.19
1192.48
1014.16
893.44
745.08
781.59
733.15
729.94
709.00
709.00
763.10
1003.96
1016.48
999.41
858.49
768.10
709.52
682.77
670.55
670.55
701.18
745.22
845.45
983.09
1122.52
1085.19
960.44
869.15
799.62
783.14
743.87
745.66
724.20
726.36
744.73
867.73
975.56
894.85
796.19
714.29
663.61
633.51
556.45
557.12
552.65
709.74
805.72
927.49
1020.72
784.93
691.56
644.68
521.57
140.46
319.44
326.74
207.15
108.72
77.49
95.60
161.10
297.91
315.34
294.25
178.46
124.36
107.23
93.81
185.76
416.08
578.23
737.39
746.03
962.64
987.53
921.81
838.58
849.44
824.10
783.71
782.60
767.62
779.54
780.36
742.88
737.66
645.48
546.30
327.88
143.30
98.74
103.13
251.95
588.55
708.67
834.61
959.80
1043.26
1039.83
944.23
834.24
834.24
757.63
735.57
708.45
728.12
791.54
1034.62
1199.23
1022.92
857.93
775.29
676.08
561.87
505.53
557.33
650.55
716.65
884.31
1063.98
1391.49
1516.08
1239.62
1013.53
856.97
847.23
782.03
771.07
772.12
792.09
838.44
1017.29
1124.30
1020.57
863.78
763.10
742.75
697.30
685.82
606.53
675.91
744.84
811.84
1081.90
1436.99
1538.72
1239.29
1086.52
950.89
923.28
839.66
819.02
792.79
821.25
857.85
1051.61
1207.29
1173.08
1017.25
893.17
832.81
762.68
736.74
726.98
779.74
872.53
1074.64
1680.52
2057.76
2175.58
1794.46
1287.92
1033.42
997.34
931.23
879.80
853.94
907.23
1015.67
1228.97
1234.33
1219.50
983.55
845.97
811.91
812.28
801.03
830.17
864.75
915.80
1184.77
1578.36
1974.32
1857.91
1398.45
1187.01
969.54
784.53
718.19
713.49
714.91
721.32
767.84
926.03
1007.28
1039.34
961.88
869.74
824.57
760.01
745.47
712.52
695.30
751.58
909.62
1058.57
1202.15
1128.87
1029.72
953.38
804.29
819.20
775.96
759.64
741.83
716.48
697.92
711.71
714.84
732.73
690.54
634.41
599.15
499.57
344.90
300.10
568.44
647.53
707.91
773.43
922.96
985.50
1006.44
916.70
824.64
763.10
732.70
722.26
715.48
739.03
730.91
739.03
717.87
701.32
707.43
694.91
700.43
695.06
652.88
654.89
663.76
717.94
787.18
893.90
962.40
932.21
947.56
886.90
767.58
695.43
659.73
633.50
601.15
635.29
695.73
828.62
1047.21
1085.59
928.26
868.86
856.04
783.08
747.16
738.16
862.93
868.04
1118.64
1213.71
1303.96
1242.63
1061.30
922.08
804.47
768.38
722.76
708.38
708.38
708.45
736.48
908.43
1096.86
1258.00
1124.28
982.15
871.91
828.75
766.59
746.47
802.29
850.37
1048.18
1161.63
1280.58
1211.19
1018.74
909.92
766.29
746.21
734.89
718.19
704.85
721.54
728.03
955.13
1074.23
1042.78
929.41
822.01
740.10
728.48
712.38
701.35
720.35
713.57
859.58
1042.85
1259.67
1252.81
1001.71
890.58
757.17
717.84
683.92
681.47
676.84
659.40
681.47
785.66
1054.73
951.95
850.66
722.01
685.71
671.25
656.20
642.93
648.52
663.43
743.25
887.33
1107.20
1037.14
935.40
790.29
722.16
736.97
715.13
695.16
693.52
701.05
724.30
834.88
957.01
964.47
829.37
761.71
719.23
685.70
662.45
664.91
685.70
708.03
790.25
947.48
1129.07
1097.92
951.57
883.47
854.33
800.84
765.37
745.25
714.69
718.42
717.67
752.85
753.37
746.89
704.85
669.01
595.45
443.79
322.92
314.12
216.57
407.72
696.43
819.77
907.64
944.97
858.45
787.28
725.42
569.55
565.61
564.56
563.67
562.10
564.11
565.53
581.33
667.25
617.02
449.35
323.64
158.48
85.17
36.81
117.07
399.87
703.69
819.94
932.91
1032.77
889.17
818.45
753.92
751.53
704.14
694.08
697.43
694.45
770.39
948.86
1075.54
968.16
814.95
692.14
611.58
578.65
540.34
536.77
594.52
665.46
816.59
1031.65
1477.58
1287.48
931.12
782.53
712.11
704.15
686.63
680.74
678.81
683.05
712.49
894.34
939.06
880.63
728.74
655.85
610.02
538.25
558.22
551.06
618.59
659.65
769.58
962.16
1377.81
1151.69
908.88
802.00
715.70
662.58
637.46
674.80
686.66
689.34
767.61
914.67
1058.38
888.43
728.47
660.79
611.97
559.19
545.11
562.62
614.95
681.59
789.15
1087.01
1414.98
1237.65
917.80
786.39
713.49
711.55
681.35
664.27
626.47
655.03
686.72
865.17
969.42
939.59
765.69
657.86
616.70
517.15
486.20
454.88
611.48
658.46
769.12
995.74
1247.34
1094.17
879.93
756.14
663.01
631.20
608.08
612.11
612.41
652.09
697.81
842.08
997.75
914.58
747.59
670.29
615.24
549.20
526.84
539.73
598.46
659.47
804.86
1281.65
1715.63
1458.66
985.22
849.83
790.53
784.64
764.28
745.93
745.86
752.20
748.63
774.43
775.99
716.70
669.56
587.66
488.76
112.25
54.06
81.10
422.16
587.74
727.41
904.73
1150.19
1167.35
982.89
827.16
769.43
789.25
777.92
772.70
751.53
721.85
736.09
740.79
725.13
696.05
664.06
418.15
134.21
61.74
5.38
14.85
180.55
589.05
747.42
903.64
1122.93
1132.62
981.03
849.50
752.05
782.92
726.10
716.03
689.21
695.04
765.70
1014.66
1306.09
1017.34
842.57
709.55
613.58
617.56
636.36
647.18
689.94
740.06
991.17
1988.68
3909.14
3341.41
1663.59
1102.27
894.31
793.20
784.10
789.54
787.75
793.20
866.13
1145.27
1707.73
1096.13
918.93
837.72
757.62
719.37
697.96
723.99
745.02
814.15
1047.13
1420.91
2118.13
1384.29
1018.87
861.73
699.31
794.08
745.22
730.00
699.41
697.40
730.45
930.51
1042.18
1027.34
931.78
769.91
642.26
608.54
598.09
595.16
586.19
608.93
778.71
932.30
1145.05
1056.80
915.97
793.78
731.56
718.52
707.92
736.72
749.85
740.83
781.49
1060.61
1352.12
1162.24
880.57
722.40
683.37
680.84
668.97
657.63
669.27
702.55
871.77
1290.87
1758.91
1386.30
994.88
851.62
741.42
752.68
723.73
719.18
728.43
740.07
741.78
1034.30
1125.54
933.07
778.71
698.14
667.40
586.16
469.18
531.10
633.24
696.80
855.48
1157.92
1416.50
1064.97
840.41
761.26
714.48
717.65
701.09
689.91
682.75
706.31
691.62
771.56
826.82
758.14
677.01
589.09
484.47
406.25
241.90
256.52
555.24
652.03
806.53
995.94
1351.48
1070.95
876.11
783.19
744.94
812.83
785.68
780.61
750.11
758.46
739.52
738.10
770.62
699.70
620.19
527.94
296.90
158.18
30.43
32.07
288.62
584.25
811.12
984.44
1132.85
512.88
98.52
91.21
88.60
70.92
66.00
64.44
62.72
64.36
69.51
126.78
211.28
224.26
111.57
81.14
75.03
73.76
71.22
66.37
67.79
100.38
474.54
454.56
410.55
609.98
222.77
202.41
191.74
-0.07
-1.49
-8.35
-15.97
-18.20
-5.57
4.54
7.44
9.36
8.32
7.43
3.58
-19.63
-29.28
-32.62
-19.19
-0.60
1.86
1.86
0.67
0.00
-0.52
-3.65
-8.28
-7.97
-8.65
-19.46
-23.86
-19.91
-9.39
0.07
15.36
21.62
11.86
6.37
-2.80
-15.96
-25.65
-22.70
-8.73
7.33
24.75
151.76
94.76
29.88
16.80
8.30
3.71
1.38
0.24
0.00
-0.07
0.07
1.95
6.99
18.62
21.62
13.61
11.05
11.57
10.04
9.13
4.27
11.78
398.76
924.52
1460.05
2045.37
1153.79
855.65
746.09
706.21
658.38
649.81
656.44
661.74
678.36
683.36
839.62
1029.06
1012.14
882.04
742.85
677.92
638.55
570.26
528.51
546.18
635.72
797.72
1017.28
1192.11
994.92
854.31
789.75
768.35
813.03
756.28
723.63
683.88
666.81
684.33
737.27
799.31
820.11
780.52
676.65
633.03
595.68
202.14
195.87
155.01
208.92
738.84
966.85
1164.59
1081.15
879.16
797.22
748.60
736.02
650.49
579.58
553.26
581.97
676.52
705.45
701.35
680.17
442.61
7.90
6.34
-0.22
-19.54
-18.06
-1.16
27.24
646.13
980.74
1171.32
1006.46
706.25
199.11
13.79
0.85
-0.07
-6.19
-8.80
-8.20
-0.60
0.07
7.83
11.42
10.33
9.46
7.08
0.82
0.07
0.07
0.75
114.98
938.91
1491.95
2830.36
1859.54
1016.60
916.46
821.47
851.30
805.29
782.47
779.86
779.78
805.29
1135.41
2151.73
1245.18
878.07
748.76
710.43
679.19
618.56
670.17
730.94
779.34
1010.28
1344.06
1840.55
1195.67
941.60
805.81
556.15
786.87
760.69
764.57
761.06
749.13
810.06
1057.21
1937.30
1308.83
960.48
763.15
695.51
672.69
651.36
665.38
701.33
814.76
1117.99
1453.74
1601.18
1059.60
804.09
718.78
612.95
16.41
14.76
13.80
12.45
15.44
28.41
59.58
245.93
307.15
249.81
235.42
89.19
102.61
59.06
47.05
43.47
744.88
989.02
1378.43
1982.07
1167.10
956.44
883.06
827.95
808.93
730.13
712.38
634.55
582.06
507.80
784.85
1004.49
969.60
713.17
653.63
483.00
446.54
327.75
310.15
179.01
484.61
630.67
634.77
171.03
210.62
87.45
21.92
1.19
0.07
0.17
0.07
0.00
0.00
0.07
0.52
9.25
21.25
25.95
11.19
0.30
-1.27
-2.01
-5.37
-6.56
-0.07
0.82
118.57
1186.30
1000.01
833.79
742.67
729.17
766.25
702.18
660.86
599.84
648.10
637.36
634.53
656.98
612.38
467.90
298.36
67.06
-0.18
-14.30
-5.44
11.41
467.90
742.24
895.52
969.66
969.66
858.97
795.27
745.67
707.85
694.95
696.66
686.37
713.67
740.89
932.29
1070.28
1077.81
954.74
785.57
689.80
673.39
655.79
657.65
675.03
790.87
994.05
1491.85
1827.80
1193.95
895.07
798.33
745.89
727.83
705.68
536.59
228.54
85.85
37.44
47.07
266.28
88.82
29.00
15.98
17.35
17.25
12.19
7.16
6.18
7.30
37.24
123.00
88.09
40.13
30.51
20.06
5.44
0.97
0.07
-0.15
-0.52
-0.67
-0.45
11.71
35.43
36.99
30.65
20.59
14.32
11.04
9.25
9.92
10.59
18.20
23.72
29.39
18.80
11.86
0.97
0.00
-2.31
0.00
-0.22
-0.45
-0.37
-0.07
0.82
22.23
37.07
71.91
58.70
54.60
51.39
42.37
37.22
37.00
38.79
475.59
742.85
1317.58
1866.87
1039.80
819.98
753.22
705.48
651.72
407.41
78.60
26.33
21.11
28.79
41.76
107.69
141.47
89.79
73.61
50.79
36.99
12.78
12.02
15.90
19.91
21.11
21.11
14.77
8.50
0.37
-0.67
-8.73
-15.96
-19.54
-18.50
-15.29
-14.69
-8.80
-5.77
0.10
2.85
44.94
94.77
96.54
77.41
1.64
7.46
164.15
459.33
644.66
762.79
812.23
663.86
291.38
205.46
203.30
215.45
208.66
218.51
389.51
535.53
574.90
622.78
745.75
761.56
752.17
648.36
570.58
526.28
411.28
407.18
527.99
660.66
844.49
1011.76
1212.45
983.28
821.82
778.72
718.46
679.46
652.16
614.80
577.21
559.31
589.52
719.65
833.75
946.44
905.57
832.19
785.73
738.22
750.23
786.77
819.66
842.85
964.41
1411.11
1653.33
1375.91
989.99
894.90
840.46
775.55
750.20
744.98
742.14
726.26
825.59
969.44
1505.76
1481.23
985.10
866.53
776.74
703.44
517.16
359.44
315.22
420.87
334.08
196.72
145.64
111.78
35.50
13.57
5.37
21.03
7.90
0.82
0.34
0.00
0.67
14.73
72.18
113.27
97.83
61.07
7.83
0.00
-0.45
-0.30
0.45
55.63
105.36
115.65
115.88
100.22
72.18
43.99
36.24
25.28
0.97
6.24
0.66
30.01
34.56
119.01
175.46
212.29
203.79
192.31
180.23
190.45
154.08
175.81
212.67
485.96
1081.23
1266.91
1647.88
1127.99
964.61
920.91
819.05
924.53
857.50
798.89
756.09
744.91
710.23
392.59
386.69
381.40
362.09
343.75
255.31
148.53
53.97
32.43
31.62
31.76
26.84
85.82
85.96
74.46
28.35
0.89
-6.04
-3.36
-14.39
-11.41
-12.83
-16.48
-15.51
-7.62
-2.87
24.48
3.19
-2.89
-4.50
-19.39
-19.54
-15.73
-3.38
-2.34
0.54
11.21
11.48
-1.67
-2.27
-2.34
-2.40
-2.82
-2.98
-4.81
-6.00
-10.39
-4.54
-2.62
-2.44
7.27
2.69
6.88
-3.41
-8.95
-8.06
-14.99
-4.05
2.31
147.56
159.75
170.04
164.83
168.24
174.85
178.55
189.74
182.82
186.78
191.47
212.19
229.01
271.14
443.90
610.12
550.21
449.35
366.10
439.68
444.00
483.31
870.78
1036.43
1244.30
1574.19
1790.04
1192.91
1081.56
1008.39
889.20
951.61
850.62
808.40
786.92
786.47
849.20
992.04
1206.71
1397.66
1188.96
1006.81
847.86
787.74
562.70
414.42
564.27
887.62
1043.43
1191.94
1206.04
958.33
892.99
809.15
709.64
295.60
314.63
291.06
257.86
247.54
361.26
945.32
1245.33
1187.35
920.77
671.64
573.90
522.95
477.51
491.46
497.88
558.83
837.09
787.14
395.81
363.73
290.98
207.16
162.68
97.05
21.71
18.35
14.33
18.28
62.65
98.77
186.27
218.85
217.79
204.24
192.05
176.41
182.34
168.24
164.53
160.88
165.83
165.24
118.38
91.87
70.71
60.51
43.78
48.06
46.49
44.93
42.31
40.37
62.69
74.48
141.12
178.51
141.19
105.87
95.39
76.79
74.10
73.97
89.61
106.52
143.58
277.31
260.30
252.98
252.98
252.98
247.40
219.44
196.97
197.86
180.89
187.57
192.11
214.50
277.91
277.36
283.21
334.53
232.07
155.21
74.62
98.57
209.16
459.59
692.86
496.46
454.00
372.43
374.45
363.78
299.60
293.80
226.57
138.88
116.64
136.94
256.12
225.82
427.91
389.55
394.70
384.10
362.61
332.74
217.84
237.76
382.76
430.52
456.86
449.77
441.79
413.38
366.89
325.02
303.62
547.46
384.67
453.84
388.35
456.16
620.89
1011.41
1295.52
1480.52
1131.71
955.74
813.65
763.13
770.30
798.50
937.53
1034.85
1156.49
1232.76
1163.43
950.22
776.27
805.59
692.24
756.29
725.54
705.61
667.70
673.74
566.12
740.47
861.16
745.40
513.28
524.92
478.12
457.30
450.13
462.83
449.69
446.93
456.66
463.19
433.76
371.46
345.04
345.99
337.32
316.49
319.83
395.15
395.45
398.29
400.15
427.10
519.80
789.41
862.11
929.06
930.11
876.14
863.01
929.06
987.14
563.11
703.82
721.89
494.87
462.63
852.33
765.37
654.01
266.54
336.91
337.85
353.72
356.25
384.49
430.04
497.86
505.17
520.37
526.17
553.86
553.56
537.81
521.54
728.57
820.90
1040.99
1126.60
1126.89
975.61
867.24
818.34
621.55
780.37
726.41
709.84
695.00
684.68
742.96
913.52
1040.40
1153.47
1139.66
831.35
832.24
913.44
819.48
758.06
800.08
844.56
940.09
1043.53
1048.90
902.25
746.71
722.75
699.32
559.96
512.12
482.11
410.53
438.37
449.79
483.83
552.35
666.92
668.04
649.46
520.92
521.45
506.82
546.90
583.25
654.31
920.48
1085.22
689.54
513.46
462.11
436.95
354.40
154.94
71.30
62.16
54.08
49.93
50.33
51.23
57.11
61.03
59.73
60.90
59.49
61.59
59.53
61.80
108.85
283.02
570.85
626.17
574.53
438.04
404.47
348.90
330.21
250.65
135.85
92.11
86.70
84.57
116.54
187.78
543.27
585.81
611.69
576.54
552.51
539.75
530.12
543.48
605.57
662.37
738.12
844.77
774.47
665.13
601.92
672.29
629.90
664.31
642.25
591.13
537.09
483.65
462.53
520.74
623.52
799.89
804.51
748.54
692.71
757.79
757.49
728.23
768.42
825.03
905.33
1207.70
1284.06
1141.35
939.53
865.19
783.09
711.81
371.12
444.68
453.80
453.42
439.99
492.99
589.51
638.70
655.20
516.80
440.43
383.70
355.63
388.10
478.28
506.87
529.12
550.91
530.68
485.00
396.76
274.69
215.65
135.58
156.71
126.67
114.80
102.56
110.79
165.35
519.28
559.88
580.78
516.22
448.44
447.55
441.75
439.16
468.43
459.56
467.77
470.98
435.01
363.24
345.03
337.56
330.34
322.88
113.22
85.61
74.64
42.77
73.43
175.31
459.60
457.51
470.20
466.62
465.50
457.29
446.02
426.32
409.96
316.59
339.81
404.67
325.63
316.09
296.75
270.33
225.34
101.59
341.20
239.26
223.88
164.26
102.85
83.67
85.11
127.52
187.65
149.26
104.11
113.43
149.26
157.76
229.78
318.59
298.51
363.88
298.51
168.68
91.35
76.94
77.24
50.01
64.46
49.17
38.65
22.24
31.64
59.18
100.44
247.12
274.62
286.99
354.22
361.61
330.42
337.51
284.68
426.68
470.78
559.28
542.27
441.53
373.85
384.67
307.22
273.14
273.55
198.29
126.18
124.47
126.41
147.49
507.53
640.61
679.91
553.21
453.78
421.46
433.17
499.81
592.11
696.64
827.43
1015.57
1112.08
908.28
732.04
676.66
581.40
499.02
474.05
456.43
423.40
414.76
438.47
525.92
710.87
977.39
1002.03
827.43
731.88
654.60
634.53
651.57
718.39
751.89
832.31
1020.63
1098.79
745.73
643.82
613.96
546.05
475.40
434.80
443.33
408.97
389.67
418.20
471.58
570.81
652.58
773.70
688.98
626.22
588.06
564.64
567.40
611.91
600.21
628.35
652.72
590.97
541.67
478.38
441.61
372.27
374.83
394.80
394.32
393.20
406.78
416.75
467.95
598.81
659.43
664.34
615.48
570.07
554.84
534.80
560.05
606.89
681.59
947.27
982.99
958.98
699.96
494.55
476.32
460.55
427.84
458.40
424.31
390.56
307.70
300.52
384.58
442.59
565.49
620.10
608.92
600.49
592.72
554.92
508.12
509.22
700.53
902.94
1007.95
1007.58
921.66
774.77
740.20
734.89
686.68
651.01
640.49
640.42
620.51
616.78
637.14
643.55
656.23
686.05
707.61
680.69
672.78
655.78
654.73
682.33
767.11
862.94
954.36
1012.38
928.19
846.46
764.95
688.89
651.83
667.86
636.68
635.86
621.69
627.51
648.02
643.25
646.01
653.54
669.43
660.92
646.45
657.04
663.98
699.26
816.89
923.47
1031.33
981.88
935.41
871.19
800.55
746.92
656.52
680.69
647.57
648.91
650.78
651.60
695.61
754.68
1004.96
1090.47
950.33
886.55
750.50
691.80
689.86
625.94
597.67
586.78
598.87
596.70
547.18
431.65
407.07
343.82
223.84
274.59
267.27
260.49
256.91
255.56
272.65
347.61
559.87
598.18
570.73
541.71
540.48
554.88
555.18
593.09
641.52
661.06
710.15
695.90
659.05
628.98
611.38
584.18
545.36
604.96
570.05
543.79
527.31
555.35
613.76
768.92
918.93
959.21
904.75
841.27
744.75
726.25
754.07
792.71
904.16
917.21
953.61
968.98
903.19
819.79
727.29
683.73
628.16
637.44
620.96
561.22
554.10
604.92
649.15
744.78
946.54
969.59
959.15
895.82
869.86
914.69
981.90
1083.39
1182.24
1180.30
1360.44
1061.11
925.63
893.97
847.57
810.89
696.32
766.72
726.13
692.60
682.59
705.96
761.37
878.95
968.95
1058.55
1005.07
954.05
933.69
891.32
835.38
924.22
969.57
1026.70
1091.37
1115.83
1051.69
957.78
897.51
881.18
834.49
824.67
726.36
675.86
641.18
615.22
615.22
642.89
686.82
747.47
726.21
716.66
710.10
706.37
708.46
723.97
726.58
715.91
783.72
800.65
664.22
619.84
581.65
550.18
436.09
215.44
134.44
123.17
91.36
83.85
88.04
109.06
132.06
215.64
304.45
428.46
447.25
458.79
467.82
480.88
511.81
603.74
708.41
779.46
774.02
660.92
629.08
656.44
596.80
513.99
467.30
446.65
447.55
482.81
599.63
766.04
954.96
944.37
883.01
836.34
790.27
767.90
849.54
897.25
959.88
1043.23
1095.94
1043.60
960.57
883.82
786.46
795.03
718.50
758.11
723.40
708.17
673.51
707.13
747.11
895.48
1014.63
1063.17
1022.90
1006.57
1005.83
1042.29
1042.21
1031.70
1046.39
1073.08
1095.82
1059.36
986.81
930.45
824.05
826.96
731.00
730.68
708.38
708.38
685.94
689.59
707.34
785.34
888.63
864.47
803.00
587.30
511.47
385.99
400.97
399.22
312.95
342.51
386.51
322.03
283.01
271.41
269.42
271.20
224.73
226.35
217.80
195.79
177.41
132.11
204.09
228.65
230.64
264.63
267.91
272.53
281.03
269.70
324.00
327.48
329.73
333.26
416.32
407.92
336.11
322.45
208.26
140.73
73.64
11.03
0.75
0.89
2.53
11.56
172.22
363.47
407.74
435.68
426.18
424.39
414.09
406.14
397.20
434.33
532.69
558.19
570.27
450.39
406.18
416.05
394.73
405.80
385.19
437.15
413.25
418.93
433.41
521.85
553.17
595.07
649.28
698.19
684.02
664.86
649.13
632.43
619.38
671.72
713.25
856.78
925.30
947.67
948.41
903.16
856.18
859.69
767.98
828.34
788.60
759.30
744.24
723.81
729.18
744.32
783.24
840.20
874.57
859.58
855.18
845.27
820.29
858.17
919.01
1000.20
1072.22
1115.92
1072.00
1013.32
912.67
887.17
763.78
740.07
701.52
670.28
662.23
655.44
701.52
909.69
1035.77
1081.02
1039.42
1028.91
1021.00
970.67
958.52
936.38
875.69
843.11
906.18
857.27
761.99
714.21
682.43
622.04
601.98
504.13
455.57
427.81
415.55
432.48
591.52
666.02
867.90
946.99
1029.37
1038.47
1032.50
1010.88
1026.69
1073.80
1118.23
1222.68
1416.28
1319.52
1194.27
1037.12
935.22
871.03
815.64
733.86
709.55
686.14
640.29
633.06
713.50
766.74
998.07
1124.10
1073.10
1006.52
970.27
964.45
997.11
1101.87
1252.54
1491.12
1863.90
1863.90
1491.12
1200.35
1036.41
958.05
851.95
781.31
779.30
762.00
745.60
757.75
792.57
964.88
1253.28
1634.87
1768.31
1663.72
1670.14
1458.32
1417.49
1453.92
1453.92
1685.05
1946.01
1859.07
1450.11
1147.70
989.51
928.05
846.70
794.58
764.24
738.75
714.75
716.16
762.53
897.15
1136.48
1525.42
1675.95
1621.21
1607.37
1494.81
1318.24
1313.74
1431.71
1614.78
1837.05
1600.09
1261.65
1064.67
932.79
882.62
806.06
784.43
765.57
754.83
737.24
730.30
729.33
737.54
781.89
897.15
954.27
975.57
948.93
906.39
854.21
883.58
920.77
967.60
1073.84
1080.69
965.89
913.40
856.07
819.17
790.32
807.41
765.52
744.64
735.25
705.43
683.80
662.48
686.86
723.32
746.65
782.51
783.33
769.58
753.08
787.88
866.09
920.27
965.11
971.75
939.90
837.46
751.38
738.75
669.62
706.46
677.37
663.31
644.40
647.72
694.60
783.88
1113.48
1241.48
1258.51
1179.47
1076.08
1040.81
1082.65
1085.92
1179.23
1325.41
1184.07
1106.26
990.97
882.89
795.35
753.30
692.66
685.54
664.01
646.75
634.27
642.13
687.65
812.84
1058.66
1506.30
1281.80
1270.98
1139.16
1084.64
1087.03
1157.89
1221.61
1250.45
1166.92
1110.87
1060.26
959.03
878.50
831.68
770.02
714.83
699.11
693.25
684.52
681.64
704.03
797.30
1007.38
1259.30
1255.96
1131.26
1101.08
1099.76
1061.53
1057.62
1083.96
1222.71
1327.61
1232.25
1117.81
968.55
862.46
800.20
748.83
739.57
729.51
722.12
684.47
670.38
704.75
869.14
978.29
1118.30
1026.60
1001.70
1030.10
1028.76
1031.45
1029.43
1028.99
998.05
958.68
897.25
776.40
748.22
723.17
718.84
649.21
649.24
620.69
607.05
592.81
596.39
648.87
743.17
799.83
839.79
883.55
885.26
879.82
869.68
833.30
841.43
862.90
845.00
876.91
875.64
778.65
749.66
698.34
673.26
616.99
708.24
634.44
592.61
544.75
526.04
544.30
566.89
614.31
633.17
682.00
675.29
675.74
680.51
661.20
638.39
622.51
597.01
589.26
577.26
517.76
480.56
450.37
423.75
344.28
271.34
202.17
156.32
120.20
125.75
171.48
201.38
319.04
453.74
490.42
502.13
524.39
505.64
505.85
524.25
567.00
598.68
599.08
636.85
602.11
581.90
575.12
581.68
515.62
294.25
312.43
344.07
333.18
341.09
317.12
556.11
681.14
730.49
733.10
696.05
676.07
665.85
660.28
690.84
715.13
786.63
879.68
914.35
904.73
850.15
739.89
719.31
647.29
656.50
649.12
638.38
629.43
648.75
663.81
800.85
911.21
1101.21
1025.69
1008.39
977.71
992.02
1002.13
998.49
1026.31
1062.62
1005.97
929.99
738.36
693.58
658.15
627.51
583.14
567.35
550.30
554.50
537.37
544.51
562.63
619.67
775.75
860.55
882.17
875.14
874.64
866.64
782.81
785.63
815.79
798.43
831.71
797.71
763.66
720.19
677.69
688.65
628.25
576.66
568.91
574.68
574.49
588.49
615.66
734.28
900.54
1015.68
1003.40
1008.10
996.85
1065.42
957.20
999.55
1141.72
1133.41
1108.11
993.84
877.51
785.34
717.28
704.31
638.02
642.14
618.28
597.18
570.72
560.35
599.49
715.50
797.36
905.84
875.57
819.88
766.05
701.78
658.32
643.70
653.84
714.01
690.75
633.04
593.45
574.14
564.38
506.34
517.93
413.79
395.92
372.24
333.48
306.15
304.55
313.15
323.80
335.49
335.49
340.68
311.33
317.34
313.05
280.78
289.32
316.83
324.96
321.81
319.21
276.60
273.60
236.28
263.19
210.53
192.94
201.37
138.19
129.36
147.95
188.56
199.39
192.04
199.03
192.79
191.56
171.43
167.62
161.56
177.28
210.77
264.21
270.71
267.64
263.23
242.18
233.69
251.65
294.64
280.67
269.60
263.19
281.31
324.11
345.55
376.88
398.43
379.27
392.72
371.08
372.39
380.29
360.32
361.37
363.76
381.14
339.83
331.92
283.23
257.65
215.17
248.29
191.02
212.88
205.50
227.78
230.23
300.63
333.46
389.59
515.30
443.73
447.04
470.85
502.47
509.64
515.36
566.69
573.68
620.61
605.24
373.10
446.08
433.84
368.99
290.72
246.03
260.53
249.63
223.91
191.56
242.73
297.21
382.40
420.42
429.90
494.37
460.89
458.32
451.79
498.10
509.36
531.06
579.75
558.87
511.00
500.66
484.04
454.06
364.48
331.28
290.26
196.49
125.01
73.18
76.48
209.29
339.22
365.06
280.12
257.90
217.58
200.82
142.09
140.72
173.98
175.92
263.97
290.90
357.61
305.48
247.17
214.52
113.00
37.98
25.40
11.89
8.97
12.51
32.31
59.92
239.36
296.24
265.74
209.53
205.12
201.11
190.59
217.17
255.78
313.25
320.25
364.71
301.90
183.87
190.36
226.74
89.47
74.48
32.28
1.50
3.35
13.22
18.45
32.80
86.09
155.57
313.74
311.52
342.22
353.10
369.78
387.97
400.89
432.80
507.88
495.43
458.90
396.65
364.87
336.30
304.42
325.76
217.93
217.26
213.46
214.35
225.31
233.86
247.55
256.70
195.46
149.13
134.11
131.98
127.42
125.05
125.80
124.89
180.44
84.90
55.98
58.23
51.92
38.96
38.60
25.18
6.42
-30.07
-40.36
-34.14
-16.04
-10.59
-4.28
14.60
27.09
30.25
27.03
38.66
38.37
39.21
64.78
260.88
289.13
283.47
261.55
249.47
254.39
258.79
250.21
194.00
156.50
138.42
92.61
15.14
0.75
11.56
98.42
291.07
375.72
368.01
186.69
89.78
147.59
201.16
190.75
353.29
394.77
398.10
385.38
347.24
318.82
323.53
344.06
291.81
332.61
356.57
330.57
325.24
357.91
405.87
513.04
616.81
600.64
560.60
557.02
550.16
535.92
549.04
596.09
594.75
598.85
554.34
483.51
408.05
184.46
126.67
16.31
38.06
49.72
29.68
29.72
34.96
35.20
36.17
119.72
284.76
288.86
242.64
175.34
140.32
86.50
133.90
206.66
303.36
349.09
342.16
294.45
273.50
227.85
195.60
45.93
35.48
37.22
35.04
31.01
29.97
2.33
3.34
24.59
99.83
104.75
113.59
99.55
130.42
127.81
141.65
152.70
279.62
267.38
254.34
229.29
223.77
209.69
188.89
144.24
209.51
148.83
134.67
135.04
134.67
132.91
181.55
260.67
214.71
266.28
292.21
295.42
271.12
247.79
313.30
419.20
521.60
596.59
596.12
529.79
462.13
422.23
414.91
322.17
334.50
303.33
304.45
297.89
278.80
287.02
204.14
293.77
263.58
287.35
254.84
241.93
206.39
188.84
177.89
190.18
270.21
372.74
336.40
295.51
260.10
220.66
213.73
200.31
158.89
