1899.65
1925.00
1763.33
1457.46
1524.10
1405.29
1419.90
1107.27
737.19
705.67
612.72
660.67
727.40
780.85
920.05
1071.64
1157.68
1466.20
1797.45
2017.70
2119.80
2090.60
2101.46
1991.67
1875.64
1903.22
1894.49
1863.79
1870.68
1714.51
1697.27
1611.35
1566.74
1415.73
1220.88
1071.88
749.02
721.60
994.06
1315.57
1461.00
1780.70
1945.99
2047.18
2020.52
1888.16
1791.33
1627.56
1434.99
1319.50
1166.31
1429.72
1760.19
1889.27
1886.17
2011.07
2076.91
2119.55
2134.01
2147.64
2145.63
2117.93
2135.93
2093.44
2130.94
2057.24
2062.48
2009.77
1699.03
1571.93
1533.09
1445.21
1331.83
1222.44
1203.70
1100.47
799.96
737.71
888.98
851.69
946.97
1051.11
1255.91
1467.58
1244.77
1352.39
1478.00
1294.50
1371.63
1656.37
2015.41
2013.38
2056.77
2109.78
2154.24
2084.83
2157.29
2113.92
2071.99
2118.60
2146.32
2096.11
2019.12
1976.61
1958.42
1984.71
1890.13
1840.28
1820.61
1994.51
1951.67
1729.04
1648.93
1568.81
1692.96
1827.79
1865.39
1683.80
1699.87
1990.68
1929.60
1734.69
1547.01
1414.94
1191.29
923.39
827.66
809.84
655.98
522.54
408.65
355.34
359.85
339.72
301.43
388.52
517.31
764.43
991.18
1161.73
1272.74
1370.07
1479.02
1597.29
1776.65
1817.82
2005.41
2079.71
2091.67
2113.92
2098.41
2006.93
1614.53
1887.36
1919.07
1915.86
1951.95
1748.98
1721.37
1403.78
1272.56
1312.16
1611.72
1596.98
1488.48
1420.48
1477.01
1224.28
1035.45
1013.39
1282.56
1139.07
1154.01
1606.58
1799.89
1806.53
1879.92
1890.48
1699.07
1696.99
1778.12
1680.95
1742.87
1810.79
1721.27
1704.55
1739.68
1783.73
1844.86
1823.82
1899.60
2007.15
2069.61
2124.00
2179.26
2170.09
2162.83
2119.24
2072.83
2015.88
1891.98
1692.88
1543.24
1322.54
1161.39
1055.80
1017.11
1248.10
1234.35
1079.38
974.54
923.42
836.42
766.13
691.64
671.80
796.11
902.00
982.08
1194.42
1350.12
1164.66
1142.81
1009.03
995.23
988.36
958.84
874.30
837.72
881.48
1020.64
994.56
1022.43
954.61
931.83
979.87
955.00
956.19
944.06
953.46
1010.57
964.50
936.91
913.74
923.03
1017.23
1107.07
1102.92
1148.66
1166.34
1243.57
1201.00
1256.17
1373.52
1417.56
1432.53
1387.33
1264.86
1155.54
1098.96
979.04
781.18
698.46
630.63
639.74
672.19
529.61
470.80
464.22
474.91
422.20
470.17
653.89
776.90
877.74
942.11
1140.49
1309.52
1508.65
1501.02
1462.44
1515.02
1769.25
1871.04
1933.66
1931.68
1937.50
1946.15
2005.85
1978.02
2059.28
2024.73
1984.32
2056.44
2076.56
2070.65
2080.06
2075.47
2054.13
2011.21
2006.40
1979.72
1971.11
1982.00
2061.57
1999.44
1980.31
2021.73
1978.79
2071.90
2006.02
1897.91
1864.77
1880.91
1851.59
1877.03
1924.81
1915.31
1813.09
1708.45
1797.26
2032.90
2023.72
1959.99
1927.03
1851.05
1849.78
1706.85
1419.90
1360.70
1288.73
1150.42
984.46
735.44
600.92
475.04
443.77
383.27
344.01
253.10
202.44
199.66
157.89
146.57
139.24
138.97
210.29
292.38
296.64
360.31
398.57
473.18
563.73
625.14
697.99
781.91
853.06
927.11
1006.52
1048.36
1165.70
1187.37
1192.85
1158.36
1320.76
1383.85
1411.89
1392.07
1313.81
1507.66
1727.27
1948.72
2047.47
2060.38
2088.45
2099.09
2151.83
2084.73
2132.32
1999.17
2078.49
1985.02
1962.03
1922.97
1927.90
1921.66
1943.24
1925.31
1865.81
1882.69
1853.48
2132.44
2138.83
2080.15
2079.96
2065.96
2061.26
2032.97
2078.16
1970.12
1959.15
1739.64
1657.35
1709.65
1549.63
1270.93
1182.67
1089.89
1085.02
1009.47
956.97
1045.21
1015.93
974.09
834.78
642.76
578.74
571.84
755.78
1066.23
1227.96
1197.56
1342.88
1492.27
1451.11
1378.83
1450.76
1675.82
1843.30
1896.78
1933.03
1882.79
1900.22
1898.95
1925.15
1814.61
1817.75
1940.31
1978.36
1975.89
2076.71
2095.40
2040.08
2078.67
2022.60
2044.42
2083.78
2153.59
2129.77
2073.53
2050.05
2057.41
2107.53
2110.85
2089.35
1997.39
1992.13
2058.34
2071.98
2009.83
2004.09
2048.09
2132.81
2148.78
2155.47
2121.84
2145.63
2123.38
2139.20
2141.48
2167.28
2163.82
2155.49
2073.37
2139.08
2143.95
2155.01
2160.09
2163.64
2157.74
2103.49
2008.52
1895.30
1916.32
1939.06
1980.52
2005.92
1854.24
1605.47
1618.93
1438.20
1406.86
1591.26
1692.35
1715.28
1632.77
1609.47
1708.50
1687.46
1600.15
1444.45
1337.87
1380.31
1175.52
1031.11
972.37
927.53
874.44
770.01
610.48
530.01
523.05
550.54
706.56
839.30
818.11
830.38
707.26
644.92
686.93
724.27
824.08
834.95
703.95
777.83
933.93
850.78
828.29
853.58
757.22
589.81
654.15
799.30
936.87
878.38
993.46
964.86
972.52
1022.77
1122.35
940.31
935.72
677.96
592.03
852.30
989.79
957.88
1158.04
1312.56
1385.06
1453.14
1407.86
1392.64
1367.00
1220.22
1306.67
1292.58
1322.84
1344.92
1405.13
1329.99
1301.42
1283.13
1398.08
1452.50
1450.54
1311.14
1305.22
1339.83
1419.78
1419.17
1436.80
1483.53
1530.20
1598.59
1672.84
1721.25
1653.88
1621.59
1620.16
1367.44
1227.30
1149.96
1117.75
1058.98
1139.63
1079.09
965.72
1037.94
1029.45
1079.95
1063.55
959.78
1061.81
1299.72
1243.05
1266.92
1547.63
1803.07
1926.51
1993.04
2038.41
1939.38
1968.17
2003.49
2022.57
2075.34
2096.71
2084.22
2074.22
2089.64
2057.85
2046.89
1997.34
2005.08
2079.64
2098.01
2130.90
2107.25
2093.07
1981.80
1844.88
1968.23
1920.08
2009.77
2038.09
2048.23
2040.39
2033.07
2006.71
1927.99
1862.71
1848.71
1838.98
1923.01
1945.25
1993.90
1958.59
1924.21
1960.43
1835.38
1926.31
1910.47
1901.07
1967.34
1912.25
1906.76
1905.26
1934.65
1948.77
1983.91
1946.33
1931.58
1809.41
1629.54
1622.29
1806.96
1704.74
1356.42
1019.08
892.31
821.50
878.89
942.35
878.36
948.54
1256.56
1552.04
1550.65
1591.29
1769.15
1941.19
1994.11
2084.52
1912.40
2033.16
1968.45
1962.47
1860.79
1894.89
1909.61
1956.60
1993.40
2056.49
1945.49
1889.19
1777.27
1704.69
1625.81
1004.26
622.75
675.14
626.86
648.88
583.25
604.05
635.78
683.23
649.88
605.56
635.14
758.73
991.00
1079.56
1151.76
1427.92
1863.92
2060.56
2035.10
2093.58
2082.85
2073.47
1964.50
1958.36
1896.62
1605.40
1195.42
979.99
801.43
672.56
562.31
581.42
413.40
440.17
592.52
539.00
429.51
356.47
304.95
162.38
14.45
0.40
19.20
61.41
64.17
53.41
74.80
118.24
503.98
887.21
871.44
937.97
1057.97
1132.76
1257.73
1328.51
1525.29
1617.76
1802.76
1844.34
1852.40
1776.94
1740.00
1680.84
1945.98
2122.23
2125.61
2140.65
2133.70
2134.65
2146.92
2146.57
2158.38
2158.48
2113.71
1897.67
1751.07
1723.76
1964.62
2117.40
2075.02
2071.54
1965.15
1974.57
2071.36
1790.96
1665.19
1887.18
1791.86
1760.71
1566.83
1386.80
1181.90
1024.54
931.81
1007.84
1039.60
1056.60
1006.57
998.26
1020.26
1338.18
1123.32
1204.92
1216.70
1124.06
1111.14
960.46
1233.84
1440.87
1656.39
1706.77
1821.24
1870.03
1719.87
1492.41
1403.64
1235.79
1239.42
1216.16
1166.13
1251.78
1301.03
1381.84
1398.83
1246.09
1187.22
1520.02
1668.74
1803.76
1773.72
1808.08
1937.79
1844.37
1645.12
1543.69
1605.63
1632.05
1513.94
1370.53
1381.32
1441.01
1732.34
1705.10
1831.28
1854.43
1885.30
1892.75
1988.72
2009.94
1992.18
2046.32
2020.01
2016.04
1917.84
1869.04
2088.86
2075.52
2092.69
2108.75
2098.59
2085.53
2084.69
2116.31
2119.82
2053.86
2093.68
2126.17
2100.86
2133.69
2134.50
2127.66
2122.37
2112.42
2117.59
2070.32
1879.09
1962.98
1997.66
1990.43
1946.34
1884.53
1942.61
1764.03
1713.95
1627.98
1721.92
1863.93
1750.88
1589.63
1469.00
1391.83
1527.41
1542.76
1603.15
1695.88
1670.31
1951.35
1973.79
2062.63
2022.39
2022.96
2076.09
2085.16
2129.54
2119.28
2119.98
2126.63
2117.32
2085.54
2100.58
2098.22
2124.69
2091.75
2058.03
2021.58
1820.16
1864.20
1903.85
1826.87
1777.37
1875.92
1923.77
1930.76
1982.65
2058.73
2027.27
2058.56
2092.89
2052.31
1947.28
1926.89
1949.60
1929.46
1981.22
1945.55
1915.51
1728.30
1596.06
1696.28
1614.31
1670.36
1733.87
1835.58
1745.06
1590.33
1583.47
1635.08
1505.99
1522.14
1682.89
1734.05
1806.25
1858.92
1911.29
1998.46
1960.50
1938.13
1986.75
1991.21
1984.57
1955.39
1872.48
1901.84
1890.56
1841.64
1785.29
1754.29
1705.59
1609.93
1612.57
1568.25
1520.75
1342.33
1312.22
1309.15
1351.48
1386.93
1547.91
1340.58
1289.34
1276.03
1331.55
1358.06
1463.09
1287.47
1404.32
1520.86
1484.99
1509.10
1508.91
1252.41
1248.56
998.04
879.60
695.43
630.29
596.69
485.19
709.47
1115.50
1109.71
1173.32
1352.94
1438.68
1597.76
1671.00
1659.15
1782.57
1610.62
1230.99
1057.27
867.97
621.64
610.00
751.62
903.69
1014.51
1048.90
1209.80
1354.44
1438.60
1598.43
1632.74
1630.26
1694.68
1797.52
1880.94
1918.82
2010.79
1941.53
1959.28
2017.09
2014.16
2044.99
2030.27
1972.22
2051.80
1763.85
1729.02
1727.35
1742.84
1822.11
1714.29
1656.31
1508.99
1657.10
1752.87
1854.16
2042.56
2014.93
2036.19
2009.00
1939.72
1980.39
1979.95
1983.59
1951.71
1906.74
1936.66
1943.40
1973.50
1878.02
1988.29
1955.13
1938.02
2030.31
2040.68
1989.06
1964.70
2003.48
2043.50
2034.91
2024.41
2060.07
1980.73
2029.05
2034.35
2054.42
2053.98
2038.63
2038.09
1888.72
1920.77
1842.52
1885.44
1884.97
2012.04
2018.44
1987.97
1936.49
2015.55
2054.04
1989.28
1893.44
1936.56
1893.70
1831.75
1823.24
1723.99
1813.71
1601.03
1619.55
1527.56
1708.72
1708.86
1886.42
1997.26
1972.38
2022.46
2031.88
2020.54
2032.73
2035.85
2011.49
1817.71
1550.81
1534.96
1539.45
1651.61
1785.21
1583.56
1656.67
1854.71
1829.70
1892.97
2029.76
2071.57
1985.23
1753.90
1615.98
1825.79
1974.54
2001.49
1890.42
1864.62
1848.93
1795.11
1859.15
1744.06
1703.38
1878.72
1866.18
1937.48
1964.79
1967.39
2037.68
2071.18
2073.63
2051.65
2099.62
2091.93
2082.85
2092.09
2035.65
2072.49
2017.84
2074.06
2040.21
2020.85
2042.08
2070.94
2049.78
2047.91
2073.69
2042.99
1976.97
1903.90
1857.09
1631.47
1385.96
1548.52
1459.78
1612.57
1569.54
1931.89
1995.01
2078.16
2084.12
1968.01
1602.59
1862.52
1632.05
1042.21
798.54
1127.15
1207.55
1557.71
1678.04
1386.34
1427.61
1463.82
1710.55
1815.44
1940.17
1816.21
995.87
1110.57
1176.75
1860.49
1763.69
1935.85
1922.95
2021.69
1976.75
1992.57
1980.43
1934.12
1870.28
1728.01
1517.80
1311.38
1226.67
1041.60
912.31
1117.18
1293.66
1340.18
1292.38
1546.19
1726.07
1947.50
1983.83
2080.54
2054.07
2098.10
2070.15
2093.60
2081.98
2055.07
2038.67
2023.63
1996.75
1972.67
2003.38
2006.61
2006.32
1981.21
1956.33
1851.71
2083.49
2028.33
2011.75
1937.86
1794.80
1869.31
1783.90
1988.54
2074.16
2083.64
2076.58
2089.50
2091.59
2080.20
2030.44
1887.74
1823.11
1846.55
1777.68
1740.34
1636.69
1691.13
1564.98
1195.07
791.15
546.31
451.63
367.58
528.81
788.32
1096.23
1299.80
1318.93
1494.85
1606.65
1948.20
1945.92
2003.31
2018.75
2071.18
2043.34
2095.65
2086.35
2062.22
2036.10
2080.33
2116.08
2067.59
1852.63
1981.32
2066.31
2011.32
2037.38
1976.77
1787.88
1655.08
1557.81
1768.51
1887.04
1906.45
2008.95
2041.54
2044.00
2066.38
1663.95
1701.76
1815.22
1769.52
1286.80
1435.54
1562.90
1304.35
1058.23
1779.22
1904.55
1782.16
1732.56
1669.07
1694.14
1271.79
983.73
990.80
1136.98
1442.15
1453.86
1670.40
1924.86
2032.68
2071.26
2058.51
2066.85
2045.46
2048.15
2044.97
2038.77
1925.33
1986.98
2002.76
1945.70
1793.03
1857.29
1962.38
1933.10
1816.77
1686.57
1429.17
1357.65
1451.85
1451.90
1730.54
1837.36
1805.32
1611.78
1383.81
1434.76
1085.64
836.34
698.06
518.86
306.19
214.17
159.73
125.87
90.01
45.13
51.98
81.08
116.01
126.73
135.26
173.56
204.34
231.07
263.11
244.11
284.36
393.70
474.42
505.93
499.77
584.68
560.52
558.04
625.75
577.02
596.70
603.57
630.48
674.97
686.47
599.24
487.19
419.25
483.31
583.08
715.88
921.23
1069.53
1122.84
1069.33
1102.85
1108.72
1164.26
1122.42
1067.71
1027.54
962.59
907.46
948.12
993.51
1012.66
1015.02
1082.83
1208.48
1229.88
1188.77
1199.40
1312.05
1333.86
1329.19
1588.62
1805.63
1902.91
1936.70
1904.91
1920.59
1932.52
1897.89
1787.88
1555.52
1407.07
1315.32
1226.89
1132.19
1106.06
1034.23
752.43
454.44
291.70
255.78
252.73
187.81
110.73
41.90
19.95
15.95
23.81
39.72
40.80
42.78
80.77
76.30
82.57
78.55
78.67
79.80
79.09
63.51
60.60
39.34
31.70
39.89
72.36
41.59
35.79
43.16
69.07
84.23
83.68
157.50
118.70
92.98
80.46
122.84
117.01
85.64
84.84
123.72
109.63
142.60
127.52
112.24
98.37
82.44
81.18
88.97
71.73
29.18
50.51
70.42
145.21
182.04
234.86
288.01
389.71
494.63
443.68
304.71
288.31
220.68
154.67
119.16
123.06
113.91
186.93
162.18
161.01
199.32
235.84
228.26
223.28
219.01
236.08
268.17
264.51
250.26
274.19
209.07
240.30
352.35
457.21
571.59
581.42
500.30
405.31
352.83
267.06
232.49
273.91
287.41
272.12
209.18
161.55
71.44
31.52
27.94
29.20
27.74
20.85
15.94
7.54
9.51
26.64
50.26
94.71
108.53
75.16
62.52
101.35
133.96
134.49
155.16
185.70
121.11
129.50
271.75
289.90
223.90
214.19
306.75
346.75
358.32
379.17
352.21
366.59
337.38
296.51
175.77
154.19
133.58
130.88
142.22
161.50
193.34
256.32
239.07
225.20
214.19
203.41
236.11
200.55
182.94
194.57
264.92
313.17
256.21
243.19
176.34
144.86
98.81
75.27
53.62
46.58
25.19
15.87
13.48
37.00
50.21
49.82
60.94
65.66
98.35
101.26
103.07
102.41
81.15
30.53
19.01
27.88
60.97
85.06
110.40
152.93
288.15
352.84
456.97
485.40
440.53
313.59
260.43
309.17
349.72
281.27
307.33
352.02
261.68
277.19
253.74
279.33
275.49
258.26
407.54
452.39
399.45
410.84
410.75
668.49
818.84
883.12
918.33
1103.58
1187.67
1316.42
1383.72
1471.32
1505.22
1387.78
1375.60
1381.40
1385.98
1393.52
1408.63
1484.89
1518.25
1543.77
1478.39
1602.46
1730.87
1891.21
1943.63
1879.96
1830.60
1906.73
1725.95
1725.41
1588.09
1547.64
1492.55
1459.21
1445.17
1442.61
1455.17
1950.98
2037.89
2036.57
1990.96
1973.87
1925.31
1717.21
1764.20
2015.89
1919.15
1611.31
1603.20
1575.79
1749.52
1826.60
1739.46
1882.90
1840.55
1402.61
1316.49
1486.62
1360.45
1254.80
1412.16
1416.88
1618.68
1712.16
1667.98
1673.94
1715.95
1730.40
1685.11
1645.23
1689.37
1707.32
1579.79
1475.31
1577.77
1624.13
1475.64
1617.53
1442.03
1269.14
1301.17
1569.73
1709.87
1670.53
1746.72
1773.94
1783.09
1745.77
1727.58
1715.15
1716.84
1767.61
1798.27
1925.94
1942.48
1953.67
1969.50
1927.80
1861.32
1826.82
1892.69
1892.89
1393.56
1427.58
1667.58
1673.17
1591.29
1653.98
1634.72
1600.96
1440.10
1073.17
851.78
668.25
639.33
592.81
567.58
473.70
431.78
343.97
271.78
265.07
260.94
244.06
270.68
252.63
252.58
298.74
357.87
263.16
194.73
190.93
171.61
198.02
191.22
193.58
201.62
232.10
176.75
125.81
79.00
46.78
32.60
31.96
31.76
50.65
62.21
41.54
44.47
79.98
125.11
128.12
110.89
116.17
131.69
145.78
192.45
268.80
325.10
328.80
293.05
450.27
363.99
383.51
427.81
453.96
584.16
726.21
897.45
1100.72
1236.99
1287.93
1474.11
1471.66
1564.71
1666.77
1822.71
1855.81
1828.25
1806.70
1897.34
1975.85
2056.99
2027.45
2033.35
2059.35
2078.27
2060.30
2051.04
1862.36
1759.74
1660.45
1353.96
1267.30
1310.27
1290.15
1212.48
1196.84
1125.23
1017.10
886.25
677.12
638.39
527.79
419.81
444.75
507.01
416.60
393.35
374.44
294.10
303.12
352.90
413.13
529.10
489.58
413.48
317.56
357.69
444.91
393.76
407.25
338.80
338.28
330.90
341.24
327.01
318.62
356.92
364.48
361.92
338.62
341.19
389.37
402.59
511.47
657.80
666.50
651.45
771.70
821.18
986.03
1161.01
1241.59
1304.54
1215.00
1107.15
1171.85
1103.29
1253.95
1187.60
1135.77
1133.02
1030.57
1220.85
1167.90
1103.15
1292.93
1278.99
958.63
1094.88
1311.93
1902.62
2032.43
1886.05
1825.32
1762.94
1676.10
1536.65
1710.91
1827.90
2035.46
2008.88
1945.84
1877.27
1704.69
1602.72
1647.56
1575.39
1329.88
1133.44
1039.16
963.94
1002.43
1059.94
1003.10
965.19
948.21
878.30
806.24
700.21
623.38
778.75
709.57
629.14
540.79
403.88
318.98
254.45
207.48
146.77
81.94
69.90
76.81
63.25
45.27
20.61
16.69
20.52
48.05
95.59
134.54
196.09
239.59
218.76
171.94
138.11
124.70
113.31
83.28
76.26
94.27
129.76
169.29
126.45
104.73
92.16
57.58
27.85
11.46
3.54
2.74
2.13
12.24
45.87
71.30
95.01
113.49
135.59
137.02
80.81
33.59
20.38
26.57
33.30
40.59
41.49
32.29
26.51
23.72
31.09
34.70
42.33
37.53
45.97
49.75
110.81
201.86
219.29
242.71
305.38
471.53
407.55
394.67
361.12
412.15
457.33
431.56
357.21
379.25
426.02
486.50
603.31
697.96
642.51
656.50
683.46
652.93
678.14
693.33
722.92
889.86
1095.18
1347.01
1492.34
1655.86
1649.80
1657.39
1585.00
1702.31
1802.45
1825.47
1934.13
2018.50
2040.83
1927.20
1725.80
1634.98
1464.86
1292.84
1075.55
938.31
802.27
620.93
519.72
531.24
618.92
578.80
662.91
736.03
647.82
485.51
301.42
259.23
271.39
206.23
146.65
195.55
224.41
265.12
377.53
407.88
550.11
516.48
750.23
922.01
937.25
849.26
952.21
1039.71
1229.22
1417.77
1380.66
1269.61
1401.37
1484.71
1361.12
1347.42
1318.08
1444.33
1487.44
1537.70
1535.60
1621.52
1773.06
1740.72
1498.99
1419.71
1411.23
1374.58
1413.52
1530.71
1660.55
1734.53
1748.99
1755.37
1816.20
1913.93
1967.68
1905.55
1837.84
1655.65
1540.69
1473.98
1292.48
1186.16
1070.07
969.96
908.57
876.69
852.59
813.09
795.31
736.09
674.50
598.67
652.03
558.00
595.32
538.31
495.54
641.94
661.35
750.81
512.10
400.72
272.04
227.42
241.49
325.71
356.57
290.67
239.00
269.66
353.28
506.90
620.32
758.28
854.71
728.58
793.41
673.27
643.78
755.54
987.20
1426.94
1452.28
1515.33
1465.62
1402.70
1419.73
1313.79
1232.98
1272.03
1308.04
1255.22
1311.89
1337.60
1243.51
1079.39
1030.35
935.08
838.46
785.96
747.51
887.65
1072.32
1190.00
1213.37
1361.57
1421.35
1409.34
1366.78
1351.79
1265.14
1217.93
1188.58
1154.27
1230.40
1288.71
1274.54
1220.71
1119.37
1100.06
1050.68
1009.13
972.28
1112.36
1326.13
1534.77
1664.05
1681.96
1694.63
1567.02
1402.94
1234.04
1155.78
1069.20
862.49
710.97
755.18
772.79
796.67
742.40
742.38
725.66
672.22
554.51
419.16
269.61
178.99
125.73
134.76
139.65
169.44
241.96
388.29
459.37
396.53
332.56
407.89
377.74
499.29
690.56
675.48
725.33
795.73
773.57
775.01
784.96
860.00
881.21
979.48
907.00
883.85
984.80
1141.41
1186.16
1444.06
1781.77
1935.10
1943.12
1920.85
1960.10
2028.32
2058.46
2104.71
2104.17
2067.99
2070.71
2066.19
2094.88
2119.86
2121.54
2110.41
2070.80
2114.81
2067.86
2040.77
2043.85
2053.54
2057.58
2100.44
2100.80
2087.66
2001.35
1995.56
2000.09
2061.24
2070.19
2099.77
2018.75
2057.30
2013.53
1875.49
1880.45
1814.17
1679.18
1594.46
1454.22
1273.16
1367.49
1190.18
1144.08
1128.33
1135.46
1217.44
1213.48
1135.55
988.80
867.88
766.15
643.14
428.96
332.51
258.69
349.51
611.08
606.80
896.85
1170.10
1475.31
1790.09
1962.04
2118.21
2058.24
2120.75
2065.64
2052.92
1952.03
2073.66
2052.16
1948.26
1798.84
1784.96
1579.40
1371.98
1620.89
1534.51
1186.90
1166.41
1254.36
1546.59
1594.27
1656.50
1659.21
1354.18
1485.29
1743.92
1805.79
1609.90
1555.53
1528.31
1501.49
1476.86
1707.63
1548.96
1760.51
1982.59
2033.12
2050.55
2000.39
2003.88
1985.51
2010.27
2045.05
2040.83
2066.31
2069.74
2081.31
2098.45
2050.32
1864.56
1792.56
1712.47
1537.14
1625.87
1755.05
1841.25
1840.72
1853.21
1815.37
1879.66
1930.50
1799.35
1941.75
1975.37
2065.79
2068.72
2074.15
2076.37
2089.79
2071.43
2059.14
2071.96
2075.74
1999.85
1141.74
1137.90
1179.30
1203.96
1206.34
2055.78
2095.05
2107.43
2084.26
2084.26
2081.09
2061.19
2062.14
2100.94
2075.63
2078.08
2084.24
2055.49
2059.69
2050.67
2080.67
2049.50
2066.05
2085.55
2041.17
1996.04
1979.89
1919.08
1851.62
1782.83
1808.65
1529.86
1495.50
1407.61
1513.26
1501.22
1508.93
1428.27
1365.32
1261.52
1238.53
1231.82
1167.64
1093.43
862.59
769.47
720.65
540.35
392.25
380.81
367.80
278.94
184.51
119.27
121.84
119.88
144.09
119.41
103.16
116.16
117.82
128.27
186.44
319.65
393.19
318.48
297.74
379.14
616.87
676.42
712.86
813.12
871.39
906.44
1010.01
1083.98
1249.22
1285.49
1409.42
1499.42
1590.88
1723.37
1760.42
1842.12
1820.89
1831.84
1904.40
2023.50
2051.22
2031.41
2002.43
1963.46
1669.30
1502.01
1239.48
1066.65
1091.53
1045.74
965.70
929.30
702.83
503.65
431.82
435.49
455.11
285.91
315.79
352.25
375.85
505.94
507.24
418.94
478.51
676.25
713.63
782.81
702.75
675.59
726.50
746.82
735.51
704.43
710.68
782.57
811.60
784.47
830.67
811.38
805.24
800.28
834.83
919.30
1007.25
1015.92
1195.82
1130.60
1172.93
1171.21
1295.29
1422.29
1236.31
1144.83
1016.61
855.91
758.44
641.71
505.94
387.64
338.17
246.38
167.35
124.28
80.24
135.31
181.87
194.73
126.71
143.35
107.95
97.87
112.08
70.17
73.46
113.62
120.47
137.80
215.39
186.07
122.37
74.59
62.74
28.38
19.68
20.06
28.33
61.71
60.12
54.23
21.25
45.07
117.45
169.43
151.37
104.04
133.70
190.77
164.42
113.68
122.48
122.34
130.80
105.21
74.96
67.89
65.25
64.45
62.94
59.68
50.52
27.95
30.86
36.13
67.74
200.96
252.05
247.56
309.10
287.70
302.39
321.72
303.29
268.30
242.45
254.37
247.01
302.52
352.12
344.48
271.38
219.74
165.16
168.40
157.66
150.83
96.13
32.47
29.36
110.42
147.85
130.59
108.73
103.76
97.49
75.20
66.94
60.13
48.02
56.46
82.80
131.23
157.97
156.60
210.34
314.88
519.61
607.94
602.34
584.86
590.00
506.14
407.95
355.88
325.83
221.20
159.32
159.93
233.77
271.55
295.23
309.67
336.63
370.26
297.24
244.14
230.65
258.53
290.26
425.10
538.12
581.65
535.41
512.68
503.46
633.72
624.03
853.62
813.68
609.77
637.19
684.42
580.83
424.75
387.73
368.56
404.98
379.73
377.95
531.61
736.24
979.20
1093.03
1094.86
1089.68
1101.05
1094.85
1034.52
955.77
1092.38
1392.06
1378.85
1421.25
1319.74
1202.45
1159.47
1159.10
1224.65
1391.97
1721.66
1720.61
1548.45
1457.11
1517.54
1460.70
1396.78
1296.38
1217.76
1281.15
1319.27
1424.84
1584.08
1480.52
1562.15
1676.74
1645.48
1418.15
1350.27
1249.87
1231.13
1249.50
1201.11
1191.60
1266.30
1153.79
943.99
825.83
736.43
602.89
564.15
505.22
725.59
960.09
1088.91
1015.48
976.27
976.61
1141.07
1191.99
1071.34
1029.71
1178.79
1170.57
1187.52
1143.52
879.45
913.82
1104.76
1218.74
1454.38
1582.00
1612.06
1501.34
1511.11
1606.30
1458.08
1341.94
1505.95
1575.13
1780.19
1643.98
1438.09
1365.82
1448.85
1574.51
1516.47
1292.94
1061.85
816.08
648.60
552.62
549.14
388.66
218.35
163.75
185.92
217.04
298.17
322.58
331.33
285.74
312.73
265.85
261.21
281.08
304.59
295.34
241.05
216.68
179.22
144.94
104.58
89.73
88.36
109.12
91.58
99.52
82.58
105.24
105.19
79.21
91.34
96.59
110.73
128.80
125.60
104.04
91.87
142.89
158.85
157.76
160.42
228.15
241.90
203.35
167.14
135.54
174.24
257.78
246.87
256.71
202.92
143.87
129.19
106.75
106.65
115.34
148.22
165.25
153.04
171.18
247.39
320.53
377.09
399.90
405.94
391.49
331.20
286.33
318.68
372.65
374.28
403.05
460.53
510.38
488.62
425.39
410.48
388.37
393.23
479.04
599.91
611.13
573.33
494.63
474.47
536.91
542.68
510.83
577.29
563.33
524.00
465.25
403.90
394.59
379.16
324.90
280.37
208.14
289.20
436.82
531.59
588.79
575.57
550.83
568.49
498.37
434.03
383.48
303.56
336.54
286.66
196.98
189.89
196.37
181.99
202.70
201.18
222.86
239.09
203.59
185.62
140.56
116.48
103.91
107.60
125.72
164.00
146.11
100.94
100.65
139.19
165.86
150.97
129.07
112.22
97.44
84.04
72.11
101.12
153.65
144.39
118.93
197.46
189.57
166.77
137.23
75.30
43.39
41.01
63.10
77.23
56.20
54.77
61.05
44.76
34.88
36.46
36.80
53.78
66.01
83.97
139.69
128.32
120.98
106.84
114.83
95.51
133.29
174.71
205.07
235.01
230.12
285.68
267.78
333.71
420.98
507.42
715.02
811.53
846.49
893.84
962.11
1092.54
1226.33
1266.58
1406.50
1304.96
1323.08
1412.73
1257.61
1128.44
877.87
606.47
466.84
429.52
343.67
314.25
299.77
288.68
288.61
308.27
275.64
244.08
232.02
276.17
295.03
218.56
169.16
162.17
206.20
234.28
196.97
145.49
128.19
110.15
85.74
79.63
83.12
103.28
85.18
59.97
28.63
26.64
48.22
63.56
74.85
76.94
75.75
103.16
122.96
157.07
129.97
181.95
200.19
185.48
194.93
179.64
120.36
133.59
190.64
190.58
194.93
219.33
212.70
236.58
255.68
211.09
149.49
166.58
255.55
255.62
333.83
587.10
635.57
607.86
492.88
390.48
333.96
358.14
415.57
440.83
401.91
429.13
406.73
400.94
378.09
307.88
291.22
316.25
310.38
289.43
369.53
342.76
424.35
491.36
517.40
393.14
455.14
469.59
435.19
643.95
799.61
758.94
776.28
827.29
879.62
804.82
798.47
851.80
846.93
730.34
658.03
709.24
717.65
749.40
772.97
827.36
973.31
1117.17
1202.88
1130.12
1270.74
1306.39
1375.40
1320.39
1267.02
1114.79
1016.21
968.56
924.16
842.26
746.14
594.00
482.59
337.76
223.20
250.64
224.89
239.11
275.32
344.00
412.08
423.19
389.73
351.14
321.09
292.67
284.83
236.31
172.15
181.54
257.05
241.62
239.04
285.96
435.10
477.59
419.93
413.65
384.81
332.47
341.13
392.74
473.89
500.75
592.03
631.68
704.09
824.84
1092.23
1348.88
1423.32
1416.33
1363.81
1289.95
1395.36
1527.26
1750.10
1934.92
1943.61
1948.27
1903.82
1792.13
1812.44
1843.82
1672.16
1688.06
1684.11
1600.82
1625.99
1376.19
1220.15
1239.26
1265.80
1291.24
1284.69
1411.56
1271.00
1128.30
985.74
827.44
706.43
828.88
925.42
991.63
1124.78
1185.89
1138.36
1281.93
1428.11
1529.99
1607.58
1620.49
1556.80
1573.94
1499.70
1386.22
1338.16
1048.79
746.80
651.02
705.86
1010.62
1262.19
1372.65
1266.96
1356.66
1559.89
1619.28
1565.23
1579.95
1588.64
1596.95
1704.63
1759.61
1685.71
1755.16
1783.10
1724.47
1449.45
1481.48
1562.14
1485.07
1436.58
1214.87
1117.06
975.91
1011.00
1122.18
1113.84
977.84
862.30
869.79
621.67
817.78
1003.97
1226.58
1272.14
1081.16
1342.37
1712.23
1678.14
1762.11
1970.60
2057.45
1987.01
2076.81
2111.66
2086.07
1671.27
1671.21
1581.91
1575.28
1528.15
1513.93
1511.16
1371.84
1239.10
1519.52
1483.07
1421.29
1300.11
1605.66
1461.08
1471.24
1518.50
1400.46
1366.81
1197.69
1089.24
1041.05
911.48
841.22
837.58
861.33
834.11
676.03
616.67
623.73
615.70
551.66
472.08
324.73
232.93
180.77
108.71
64.76
65.67
69.84
52.23
52.41
76.41
104.56
132.91
146.89
173.09
167.96
205.78
188.47
156.97
169.97
126.75
139.08
101.61
140.49
207.44
236.24
241.91
344.07
453.95
524.87
583.14
607.51
560.68
731.17
752.99
962.38
913.11
798.36
757.30
948.37
939.24
854.48
827.12
907.96
870.87
748.12
694.04
677.14
717.76
587.16
561.27
591.06
575.77
645.87
754.37
797.57
937.27
921.51
883.92
954.15
1101.30
1412.38
1440.84
1643.53
1697.50
1683.32
1744.62
1782.77
1691.11
1701.22
1684.11
1589.35
1495.61
1496.97
1484.36
1390.35
1231.96
1218.60
1127.86
972.04
852.63
817.08
760.26
766.91
742.55
808.03
836.01
821.01
808.41
871.76
942.80
950.14
959.34
950.63
888.39
666.17
535.86
407.51
396.70
454.87
445.78
294.80
169.32
102.18
140.51
72.65
7.93
5.88
153.28
151.07
219.67
283.70
415.65
619.83
933.11
832.34
913.38
1020.75
774.75
612.99
580.10
664.48
569.27
476.35
344.00
246.30
148.83
92.07
28.59
14.27
20.43
40.49
86.33
53.80
56.49
103.59
218.51
369.57
1013.00
1575.01
1595.23
1478.32
1275.09
1236.68
1135.86
993.73
862.88
910.23
1204.53
1336.44
1021.95
949.54
1073.98
940.09
938.16
895.54
726.89
746.07
627.96
656.35
718.93
545.91
481.89
524.34
543.80
454.60
421.48
327.65
188.47
164.49
144.18
118.52
125.16
129.64
87.35
53.19
39.47
51.55
74.09
123.57
116.46
122.94
164.60
181.56
160.00
212.92
331.30
362.15
387.44
472.96
524.51
571.32
645.47
698.36
866.01
960.39
1174.49
1211.52
1308.46
1513.82
1276.03
1379.72
1446.71
1499.35
1481.81
1450.71
1462.96
1475.35
1463.14
1481.32
1498.77
1787.39
1858.62
1798.47
1623.80
1999.12
1749.06
1643.28
1181.00
700.42
594.07
563.61
646.48
705.69
674.44
841.11
799.23
649.32
748.50
1020.84
1106.29
1273.51
1406.77
1518.64
1468.55
1384.35
1102.76
919.59
732.19
665.61
693.66
598.88
591.37
830.82
1146.52
1150.01
973.57
1017.47
918.35
1044.79
1084.44
1125.15
1202.58
1300.40
1537.86
1707.94
1854.91
1991.73
1978.93
1787.85
1760.71
1653.04
1822.47
1644.89
1654.98
1783.68
2008.56
1752.06
1067.85
1011.08
959.03
997.88
1513.48
1879.60
1975.43
1780.05
1692.78
1514.15
1336.22
1339.01
1511.16
1556.67
1589.84
1620.43
1870.78
1641.59
1657.62
1682.89
1851.23
2079.19
2063.10
1599.81
1531.87
864.64
790.94
805.50
806.36
1304.49
1880.29
2007.32
1890.62
1797.29
1650.42
1746.57
1858.01
1868.91
1849.28
1997.82
1895.87
2016.85
1856.32
2025.72
1691.32
1664.27
930.97
913.28
896.90
866.58
824.10
835.25
828.96
1472.94
1548.14
1484.61
1382.20
1451.23
1392.70
1355.37
1406.31
1342.88
1213.21
1095.62
1001.53
962.34
947.17
901.06
857.21
808.95
794.70
784.57
794.56
853.32
966.38
1007.86
901.53
984.33
860.05
639.00
581.57
578.40
569.49
492.21
444.79
348.58
196.73
106.42
82.33
73.12
60.04
68.62
73.70
60.33
75.20
39.82
52.26
100.72
115.52
132.24
148.02
135.90
141.71
141.34
120.34
101.87
80.86
66.07
58.27
65.07
67.38
38.76
35.29
45.35
47.51
55.01
63.57
71.06
89.68
82.60
93.40
130.17
79.75
47.92
28.16
45.91
74.94
73.73
51.42
33.51
36.80
60.04
39.19
21.27
14.93
20.47
29.30
35.50
29.49
32.72
23.52
16.00
9.67
16.60
37.67
67.54
89.11
143.62
247.25
290.95
305.53
310.77
275.54
415.52
519.77
693.46
913.48
982.64
1013.60
938.27
1030.76
1217.24
1236.50
1318.77
1497.03
1551.88
1620.72
1683.38
1624.25
1588.68
1653.97
1771.43
1760.87
1727.64
1550.20
1307.59
1273.21
1104.28
1055.87
964.25
1038.33
983.19
1052.57
967.33
881.89
818.70
760.77
685.35
602.96
541.39
458.90
359.00
343.30
330.90
244.45
256.51
360.67
411.42
450.14
429.00
388.30
359.25
401.45
408.99
329.61
277.80
240.99
247.39
277.60
253.35
151.94
134.29
145.41
191.59
173.49
122.26
66.39
55.75
38.63
44.58
38.17
39.47
43.31
47.17
52.56
79.56
89.91
110.14
96.98
55.05
35.81
27.59
17.94
12.00
4.91
6.54
6.74
5.53
28.38
39.23
55.60
101.61
159.75
218.79
281.63
306.02
414.33
480.49
504.09
612.51
722.35
953.13
1075.82
1016.95
974.73
1058.26
1094.49
1166.10
1357.08
1557.92
1563.92
1448.17
1381.92
1315.93
1195.27
1156.24
1176.92
896.31
745.82
517.86
444.93
452.61
560.13
618.77
595.95
578.73
592.95
735.67
932.75
1053.30
850.86
702.61
620.90
602.53
698.99
727.48
760.18
733.69
588.64
536.66
493.33
668.29
990.21
1077.60
1196.96
1363.45
1270.11
1013.01
916.34
1000.88
921.01
1070.48
1391.25
1254.61
1229.49
1076.11
948.77
713.54
658.00
604.04
517.52
495.79
378.38
376.87
374.96
338.61
334.22
233.06
134.69
137.30
165.60
193.42
191.44
188.75
223.41
209.41
173.73
165.76
154.25
150.84
190.29
173.61
157.25
159.64
164.82
158.77
179.84
207.84
224.80
256.48
277.09
193.26
174.06
390.87
562.96
549.73
651.78
750.05
787.59
842.76
870.21
836.17
678.59
745.05
705.65
582.91
504.94
393.05
447.51
411.54
463.53
600.87
752.99
829.00
781.49
588.18
513.69
477.42
362.17
324.89
335.60
398.28
478.20
460.85
514.26
521.91
517.13
450.86
389.76
415.91
373.54
378.15
352.11
432.04
428.59
479.73
638.42
835.34
1014.86
1026.90
1160.28
1138.58
1154.42
997.64
962.05
850.12
768.63
639.11
581.51
603.35
580.24
584.30
677.13
707.49
587.21
628.33
616.55
652.34
799.12
836.70
813.15
952.30
1081.39
1209.06
1105.31
1151.56
1115.92
1093.56
1058.04
1193.12
1174.28
1223.25
1167.10
1205.69
1102.12
1028.70
965.05
903.24
798.59
686.97
725.50
707.42
747.37
796.87
1025.72
1252.62
1620.10
1495.74
1631.88
1705.09
1790.16
1869.27
1848.20
1878.05
1965.31
1938.95
1838.44
1751.21
1754.57
1745.34
1594.33
1466.30
1380.86
1250.50
1080.05
811.95
831.50
950.27
922.12
975.76
843.62
876.23
1139.21
1049.33
890.60
648.56
583.70
534.27
449.51
486.76
475.75
444.28
449.35
382.91
328.30
223.11
167.66
162.96
160.40
139.18
84.40
80.22
124.22
177.99
187.83
169.51
164.50
124.26
114.35
121.76
214.39
242.37
225.12
222.92
255.62
264.85
347.60
373.49
468.01
477.42
414.55
366.13
369.96
328.73
339.65
385.15
523.41
510.26
475.82
501.72
529.80
528.12
630.09
634.97
741.84
751.89
729.98
702.63
670.65
479.77
433.06
519.98
511.77
437.60
412.45
467.24
387.63
403.02
476.41
546.68
679.49
779.36
854.27
912.46
981.23
1028.42
1060.95
1164.99
1287.35
1269.89
1021.61
1211.95
1416.08
1440.43
1382.63
1271.86
1317.24
1182.34
942.65
642.86
586.96
428.78
381.31
291.74
372.69
416.96
578.52
705.79
822.80
988.17
937.97
765.59
779.99
849.34
620.31
439.16
277.79
192.86
93.23
215.29
387.84
649.92
592.42
658.58
658.52
550.26
404.29
351.88
387.94
322.96
363.29
314.01
304.07
307.73
227.02
193.90
173.27
155.21
136.20
88.27
64.66
30.64
46.01
45.56
26.84
64.88
69.00
74.59
94.46
178.06
209.60
252.38
268.00
295.13
355.76
410.13
459.87
512.22
566.51
543.25
650.83
972.20
980.53
1095.24
1096.18
1162.56
1220.87
1325.72
1328.86
1207.02
1060.50
960.84
716.47
611.17
669.20
653.72
681.11
792.46
778.11
818.88
673.81
675.94
581.74
558.12
531.42
522.56
517.93
511.41
491.42
452.18
412.69
351.49
372.17
328.04
368.72
392.01
306.41
232.62
241.74
294.04
361.83
318.96
303.67
276.15
272.07
282.81
312.95
376.62
450.19
391.88
271.23
257.76
235.20
156.63
98.16
50.54
41.72
30.68
28.61
33.45
42.59
32.41
20.05
26.83
27.37
13.40
24.95
62.92
93.26
142.08
233.38
303.69
455.35
651.91
810.33
939.21
927.90
982.76
990.75
1013.73
966.10
1197.48
1178.65
1223.12
1210.70
1089.85
1320.72
1335.46
1263.18
1231.05
1300.98
1164.95
1384.12
1187.14
1021.00
963.63
963.09
834.03
842.96
807.65
667.95
500.61
263.58
148.59
96.83
95.55
64.78
43.11
62.07
115.93
185.11
163.44
84.15
37.78
54.01
31.57
23.48
9.40
9.73
55.33
64.75
78.08
134.00
182.12
258.31
276.91
431.01
623.13
869.48
845.91
539.78
367.42
203.46
227.17
242.69
332.93
219.58
186.81
210.80
153.13
88.24
47.94
67.12
65.96
77.39
99.04
152.15
183.15
252.09
347.06
250.23
310.83
367.37
350.00
312.15
397.66
476.69
472.13
488.56
485.26
426.64
483.00
571.83
636.28
850.85
754.32
985.10
1094.09
831.25
690.52
627.15
460.10
465.73
531.53
815.60
863.86
946.35
927.74
712.73
483.53
345.84
251.95
154.08
74.82
44.09
35.01
31.95
27.05
31.22
20.35
6.79
18.15
15.23
12.85
15.42
28.83
38.74
67.45
106.60
75.44
82.29
134.94
203.81
220.26
209.69
223.26
210.26
205.60
220.77
311.60
334.05
392.54
360.82
470.75
526.45
487.93
482.41
564.30
554.65
481.54
465.09
419.12
298.09
395.18
340.99
413.57
335.97
343.80
286.86
212.77
191.39
157.90
160.78
193.28
193.88
199.63
222.30
178.44
167.94
206.68
259.82
324.26
324.88
318.80
419.08
440.38
325.27
401.53
317.64
382.41
628.05
766.56
736.47
608.34
543.60
564.57
487.89
662.71
788.70
932.82
1184.08
1380.57
1436.15
1167.73
946.71
812.65
921.66
1196.10
1172.52
858.21
888.79
889.34
889.49
821.42
822.03
823.25
739.06
747.42
964.79
1125.86
1104.48
1108.73
1138.68
1131.77
952.48
870.28
754.94
575.39
599.82
616.36
641.18
729.66
831.75
1095.25
1101.12
1185.63
1225.23
1082.42
810.67
540.24
394.41
295.83
279.42
306.09
408.46
532.89
596.22
574.50
473.36
445.91
418.83
231.14
363.44
304.32
474.08
448.76
499.71
485.19
579.05
609.29
615.30
595.53
723.32
650.88
697.31
819.38
868.45
1056.60
1082.95
1195.74
1106.62
1201.57
1278.13
1192.48
1271.11
1326.24
1558.52
1470.79
1405.14
1295.72
1140.70
1021.55
1069.37
947.37
952.83
968.30
897.11
978.39
731.06
662.31
818.64
913.63
841.03
845.86
1207.71
1209.26
1348.23
1290.18
1093.04
1249.21
1211.24
1245.28
1207.14
1287.15
1380.24
1382.83
1355.51
1279.18
1232.30
1156.91
1100.50
923.04
956.33
1050.10
1153.68
1295.51
1463.60
1558.35
1398.20
1331.83
1426.26
1547.78
1543.26
1645.30
1670.95
1772.09
1469.19
1252.69
1188.02
1314.97
1019.38
1288.34
1255.62
1096.15
1397.16
1242.00
1194.41
1218.85
1242.84
1252.20
1445.74
1514.07
1419.08
1422.35
1286.34
1148.94
1239.59
1207.68
1252.82
1365.48
1417.56
1151.26
1277.00
1164.99
1670.51
1734.27
1706.00
1533.58
1636.74
1569.69
1418.93
1450.76
1312.93
1299.54
1251.54
1317.19
1136.46
1093.32
1164.93
1229.46
1262.96
1616.66
1750.17
1907.41
1915.12
1681.05
1597.38
1636.50
1505.12
1673.38
1661.42
1751.15
1667.33
1732.94
1822.02
1827.10
1898.77
1821.87
1163.71
1089.02
1535.78
1482.96
1466.95
1491.79
1499.79
1517.89
1503.47
1432.38
1470.60
1652.44
1604.33
1517.44
1321.13
1348.71
1449.19
1443.88
1275.50
1216.39
1093.12
1303.06
1359.10
1122.36
1026.20
971.76
1069.41
1120.00
1054.02
1014.66
963.92
1028.56
1029.56
878.36
791.60
645.57
657.88
741.78
692.18
594.50
535.30
487.75
418.07
317.09
263.61
278.87
313.55
291.31
257.19
227.49
278.30
314.14
265.65
150.94
121.28
176.80
226.78
248.25
209.34
325.93
373.88
350.71
230.14
180.04
197.45
234.46
216.15
235.22
315.45
455.30
541.81
513.16
569.80
510.55
596.97
707.72
685.11
815.79
920.08
887.12
962.19
729.53
675.45
637.71
673.44
667.40
662.58
663.16
691.63
655.16
721.09
748.73
747.33
851.42
1024.66
1202.87
1309.04
1035.17
1272.42
1785.58
1798.22
1796.89
1775.37
1743.17
1746.67
1730.51
1853.44
1677.22
1683.91
1727.32
1567.71
1480.75
1555.14
1479.73
1500.07
1215.70
1131.01
1208.92
1413.73
1585.64
1845.95
1831.23
1938.85
1942.06
1923.93
1895.45
1975.39
1908.15
1800.18
2001.16
1988.34
1947.88
1984.30
1959.02
1863.33
1766.97
2060.32
2032.80
1823.22
1836.69
1801.90
1614.35
1595.12
1579.18
1469.75
1456.71
1482.25
1541.26
1517.39
1615.70
1615.91
1354.83
1233.19
1293.24
1212.28
1241.94
1732.37
1773.13
1513.95
1629.14
1889.89
1988.62
2012.99
1946.83
1833.98
1580.55
1538.44
258.01
137.62
232.06
1098.85
1212.37
1305.18
1487.15
1681.44
1936.90
1913.69
1846.40
1639.81
1416.90
1384.21
1406.95
1451.91
1417.28
1186.37
1032.18
1051.04
1106.02
1076.79
1085.34
1067.78
769.93
788.56
551.92
917.28
957.70
889.76
708.91
769.61
795.94
720.55
834.45
781.87
673.42
588.40
550.91
622.04
643.59
761.14
840.35
904.84
944.40
1005.33
992.83
1239.56
1302.06
1143.65
986.78
1022.09
1046.41
776.90
827.24
843.65
774.57
673.51
707.34
771.23
669.56
467.49
344.43
226.82
127.37
86.74
66.99
81.56
70.43
74.02
44.78
53.64
105.51
95.77
120.47
156.68
188.96
208.29
267.04
251.92
342.15
560.70
871.89
1028.03
1024.63
1017.50
966.20
783.24
480.47
472.28
710.15
1167.74
1344.70
1343.66
1412.33
1437.12
1349.97
1308.55
1160.57
1063.69
1274.72
1523.50
1584.88
1680.77
1623.72
1431.06
1143.01
733.32
478.94
411.76
470.05
490.59
361.62
282.46
248.51
377.00
500.88
650.81
533.79
881.62
1105.24
1073.67
1167.61
1208.51
1170.38
942.26
828.76
805.56
1261.19
1092.52
914.19
990.37
1008.48
992.67
1020.35
1139.88
1191.83
1210.67
1181.45
1124.22
1093.98
1122.82
1085.06
1045.24
1168.11
1212.83
1221.41
1316.32
1329.71
1293.76
1264.47
1196.56
1044.58
929.68
890.24
763.24
666.02
604.15
567.93
535.67
532.88
640.97
685.19
759.70
764.09
803.20
766.76
797.72
822.62
807.94
803.02
778.52
775.89
952.33
1157.25
1214.64
1128.48
1002.54
884.86
724.56
611.86
498.84
433.99
478.15
512.64
604.48
623.05
688.74
716.99
839.31
920.93
1048.14
1062.15
1055.16
951.68
952.11
899.80
872.97
900.21
894.29
942.00
904.16
934.84
1068.08
1408.64
1609.81
1626.54
1628.91
1559.94
1508.85
1379.53
1237.91
1275.76
942.63
818.66
700.09
851.66
799.06
781.31
573.25
684.96
1119.42
1053.57
1104.50
753.44
799.35
990.43
1046.15
1092.52
1561.47
1586.99
1586.28
1857.73
1838.25
1848.89
1842.04
1855.28
1810.81
1833.79
1838.37
1835.47
1377.17
1403.55
1506.62
1451.57
1396.41
1538.60
1810.83
2003.13
2043.25
1977.07
2030.92
1862.48
1927.05
1873.79
2035.37
2053.81
1961.99
2063.78
2044.46
2028.74
1942.78
1917.99
1777.52
1840.90
1598.87
1707.35
1478.26
1655.24
1587.28
1503.91
1444.10
1510.47
1359.61
1157.37
955.07
834.77
633.70
579.83
494.12
420.36
425.57
306.74
184.73
163.43
139.17
90.93
72.84
65.80
40.75
29.84
22.31
34.03
39.39
14.58
7.49
12.28
10.01
2.63
3.41
5.69
9.23
9.85
18.03
20.87
26.83
20.59
20.40
38.16
43.88
76.39
133.77
190.11
242.52
295.61
369.51
435.64
440.57
466.40
480.57
520.72
489.80
424.52
380.26
315.75
272.66
252.43
239.16
258.93
307.74
349.03
358.14
402.70
395.11
372.30
334.89
338.48
366.42
381.15
379.09
333.83
339.68
320.50
325.39
296.53
345.44
331.08
307.87
259.54
196.12
156.40
149.65
183.26
207.90
243.79
259.96
287.49
264.45
325.34
282.43
246.07
218.27
252.95
282.88
298.83
242.26
308.67
288.96
190.53
279.98
618.60
722.59
728.25
731.65
708.99
742.33
720.03
683.46
862.36
607.06
717.53
732.81
728.63
734.30
839.25
923.07
815.44
724.04
708.85
660.50
597.86
575.26
546.53
496.80
524.30
491.23
417.72
371.85
375.26
333.49
334.81
421.92
628.19
757.58
799.86
554.71
671.63
784.34
790.85
782.76
774.38
736.13
947.50
1109.92
1188.20
1214.47
1184.93
1133.48
1115.19
1162.95
1105.31
1187.96
1332.37
1472.70
1618.81
1518.97
1632.60
1573.40
1488.73
1454.61
1348.51
1286.63
1190.15
1215.60
1129.36
984.18
744.21
643.42
478.94
453.28
328.41
246.96
165.25
112.97
52.93
44.14
63.45
187.00
374.56
444.64
516.68
648.45
663.68
522.91
339.40
304.25
226.59
232.52
222.59
230.74
326.10
417.88
442.64
621.75
462.40
193.30
213.08
242.77
313.21
348.49
367.73
372.54
543.91
498.88
416.18
472.15
222.20
221.75
223.45
161.76
105.70
79.04
131.70
213.69
308.22
519.52
657.43
875.31
995.53
1187.72
1454.26
1347.86
1512.71
1515.71
1559.28
1497.57
1531.47
1482.21
1674.80
1721.15
1553.85
1614.46
1474.19
1373.42
1223.30
1202.73
1165.07
1153.37
1136.47
1135.83
1019.41
876.41
785.55
704.12
664.15
699.77
661.71
567.93
544.94
468.52
421.99
403.39
401.78
427.59
390.16
397.60
470.19
537.50
560.58
563.77
473.40
320.38
246.75
229.00
249.74
156.14
91.96
81.69
88.48
98.65
93.65
104.12
97.81
92.85
102.42
110.66
91.38
43.97
35.52
30.43
10.23
9.52
14.41
19.59
44.80
105.05
38.35
23.44
26.03
23.29
42.56
41.88
23.92
21.55
20.14
16.72
11.72
8.98
5.75
3.86
10.98
6.68
6.87
10.71
4.17
3.93
3.17
3.81
4.57
4.59
3.10
3.37
30.13
22.80
18.59
10.62
6.86
10.49
8.19
1.28
0.91
1.35
1.85
2.56
3.24
5.72
14.60
10.64
3.71
3.71
5.17
8.72
9.96
6.75
6.23
11.05
26.79
47.99
61.15
62.31
83.99
80.98
35.77
6.45
3.59
2.57
1.06
0.49
0.17
0.54
0.07
0.49
0.65
7.93
13.56
15.39
18.92
32.70
39.10
58.46
56.17
70.15
83.41
79.23
66.06
40.44
6.05
13.45
19.54
32.32
31.42
18.83
35.43
48.46
43.59
39.92
33.05
43.12
49.82
59.42
59.08
78.93
126.82
158.20
183.40
188.79
203.60
189.46
273.68
267.20
173.56
102.78
82.82
81.21
84.94
110.37
98.39
111.11
104.21
115.43
104.54
86.86
81.90
64.37
58.16
75.94
87.19
87.61
86.25
70.08
91.71
123.59
157.06
174.75
129.84
137.92
222.46
264.59
341.34
464.37
530.92
501.27
520.06
575.01
534.54
521.30
460.52
474.42
492.58
571.49
578.82
712.06
785.33
929.26
1085.88
1349.21
1398.31
1312.98
916.01
820.29
688.35
585.10
466.11
488.59
388.20
464.22
382.24
289.08
347.62
395.10
423.55
509.10
521.64
436.37
434.20
500.27
600.43
554.35
387.58
470.26
567.25
469.27
329.70
390.58
474.53
443.07
252.85
308.44
364.26
329.26
241.78
218.44
362.23
413.98
398.63
393.01
454.95
541.29
465.15
276.39
129.00
68.66
73.63
86.05
130.30
179.46
186.07
166.09
143.65
97.66
67.23
16.00
21.76
3.91
3.66
8.03
5.72
4.47
2.67
10.98
25.04
77.62
82.35
118.60
260.63
354.30
392.66
404.47
454.92
272.85
302.81
375.25
476.94
820.71
827.36
740.92
842.24
876.33
750.66
621.15
637.81
529.32
398.45
316.66
336.61
305.20
227.61
168.71
149.03
145.66
182.89
256.03
408.23
167.49
107.92
122.54
123.71
106.15
62.44
42.79
21.59
11.00
11.88
17.64
19.59
34.88
67.03
73.84
79.54
115.92
138.76
124.55
125.59
158.69
172.74
206.74
219.85
210.25
182.03
273.42
344.61
307.57
213.59
240.32
281.86
184.80
260.67
156.39
99.92
137.93
124.70
88.51
137.09
168.18
127.30
107.13
174.22
219.97
230.10
285.85
357.62
337.53
318.22
341.37
320.10
361.75
474.08
542.26
692.71
712.02
633.85
599.27
603.67
703.72
701.34
563.99
425.24
463.47
356.59
283.37
292.48
417.06
544.76
436.09
263.27
199.01
158.30
96.01
92.85
91.84
65.10
52.35
38.04
33.25
18.18
12.45
6.38
7.62
18.54
33.43
38.05
35.30
61.79
74.45
105.47
109.05
124.22
133.86
141.57
169.50
163.01
147.36
161.49
198.95
299.07
354.77
363.38
386.21
430.33
497.18
499.85
451.68
471.74
420.44
367.32
321.50
298.49
307.18
288.01
552.25
778.04
825.22
904.38
929.56
943.77
815.68
827.15
848.39
820.56
830.70
851.35
816.89
790.47
695.37
673.49
545.04
377.56
324.48
296.32
238.88
230.70
257.58
260.70
262.79
263.95
350.23
559.85
678.06
562.91
530.98
565.89
566.12
646.49
757.72
822.73
948.44
1033.62
1071.65
1009.60
931.77
972.69
969.42
949.72
936.05
1060.89
1184.53
1131.90
1164.53
1198.73
1210.71
1178.65
1143.61
982.27
923.66
814.12
740.38
611.39
470.54
410.85
474.51
351.50
285.43
222.37
190.56
152.70
396.73
711.61
798.50
738.84
476.58
418.51
433.04
473.84
472.89
446.85
456.21
434.78
458.66
614.58
795.52
894.76
870.77
787.41
780.49
781.92
788.60
764.51
765.05
778.28
807.98
841.20
844.18
792.45
781.29
784.63
790.38
800.50
771.72
868.49
860.52
866.49
900.00
976.15
1013.77
981.25
925.67
971.34
954.28
950.78
964.35
944.26
999.65
1205.11
1374.53
1344.41
1280.60
1306.64
1350.48
1313.53
1211.13
1369.53
1424.35
1470.21
1164.65
1220.39
1216.89
1071.09
1129.87
1198.07
1115.49
974.74
925.45
919.13
851.22
745.11
668.01
632.16
624.99
587.83
647.41
680.59
623.71
685.43
711.62
641.38
556.81
425.66
394.39
438.59
402.63
350.73
320.67
261.56
278.20
318.22
270.18
289.25
282.42
307.71
250.56
195.65
182.25
241.34
339.97
455.08
598.38
668.43
679.06
601.28
567.63
380.07
309.26
202.33
143.05
110.10
89.81
99.77
152.43
189.66
165.04
154.05
156.06
279.52
293.97
274.09
243.92
215.60
259.65
401.97
538.08
575.89
501.07
355.41
330.10
280.38
158.03
72.02
57.02
85.33
97.92
116.30
162.24
158.45
219.92
239.12
129.11
96.89
65.29
52.96
62.45
57.39
45.87
67.53
110.33
152.86
168.90
163.09
152.66
84.18
67.62
59.99
64.62
69.60
66.08
71.65
56.78
54.88
108.54
163.69
196.07
213.31
181.98
153.77
115.43
110.87
180.18
358.08
660.79
977.12
1275.42
1373.34
1430.43
1545.58
1615.18
1597.78
1564.57
1475.91
1359.81
1369.35
1432.09
1403.46
1377.25
1264.13
1226.68
1100.93
996.83
1134.57
1317.08
1330.93
1372.69
1443.17
1443.48
1542.61
1620.27
1753.20
1858.90
1840.64
1799.13
1794.48
1851.57
1727.23
1652.55
1570.74
1460.08
1457.40
1391.76
1323.95
1142.81
1114.58
1050.26
1092.94
1170.25
1180.65
1162.04
1142.96
1182.42
1283.73
1419.98
1539.51
1670.07
1710.93
1652.34
1648.80
1696.21
1737.24
1697.43
1749.36
1733.03
1727.79
1626.01
1561.85
1489.54
1469.08
1498.64
1668.39
1764.44
1679.41
1618.24
1629.65
1742.02
1782.02
1807.88
1828.36
1882.97
1978.97
2018.37
2012.25
1951.18
1732.08
1466.08
1354.82
1325.13
987.90
876.97
1204.77
1657.76
1786.45
1780.46
1670.02
1541.71
1458.94
1521.41
1567.54
1559.47
1620.79
1631.29
1683.40
1665.91
1616.02
1598.55
1487.95
1390.66
1382.08
1435.58
1352.53
1408.73
1403.89
1416.91
1227.74
1130.12
1200.94
1310.25
1576.19
1778.55
1763.14
1648.63
1610.49
1676.14
1759.35
1778.51
1673.29
1639.28
1651.12
1601.63
1542.12
1579.09
1700.08
1764.34
1817.80
1871.63
1899.27
1970.39
2068.49
1975.89
2029.44
2080.85
2075.11
2011.86
2024.62
2023.65
1946.30
1826.04
2027.16
2099.04
2113.79
2060.43
1984.85
1944.78
1776.99
1574.84
1138.63
887.75
748.12
649.05
607.22
622.19
580.71
565.99
556.02
540.65
407.16
410.62
452.33
371.76
354.23
386.36
412.18
388.11
364.98
346.06
266.12
342.50
402.55
486.59
529.54
421.51
342.71
368.88
253.61
258.08
211.60
193.49
188.15
138.83
130.04
126.76
125.18
123.30
140.43
172.33
259.19
289.85
218.96
178.73
134.34
77.71
62.06
39.09
47.88
70.93
90.07
148.64
177.70
159.16
112.24
139.71
102.11
101.63
96.57
101.43
97.33
97.66
66.31
45.03
68.54
74.59
93.48
109.01
62.14
38.34
22.30
19.24
57.59
109.98
130.61
202.47
266.84
321.58
393.91
493.58
557.18
668.47
754.52
838.10
856.93
897.38
1023.37
1075.53
1220.42
1325.24
1428.62
1555.50
1443.48
1244.22
1367.80
1762.37
1977.54
2038.23
1995.26
1913.84
1820.35
1803.57
1771.72
1776.55
1708.77
1862.57
1826.49
1860.93
1972.09
2035.08
2045.80
2114.89
2120.55
2117.87
2116.07
2097.37
2107.55
2103.81
2082.49
2040.83
2040.42
2017.34
1953.10
1832.96
1696.71
1489.08
1410.98
1320.41
1388.78
1365.89
1271.55
1187.72
1196.82
1117.05
1340.85
1480.03
1530.27
1561.55
1714.17
1860.88
1806.29
1691.93
1720.51
1826.28
1867.92
1953.00
1631.28
1629.23
1647.86
1681.51
1690.44
1678.91
1605.99
1615.39
1612.24
1576.34
1607.40
1637.22
1606.27
1664.51
1666.01
1638.33
1702.55
1645.75
1651.98
1685.84
1701.56
1626.05
1661.31
1706.92
1675.47
1622.73
1491.24
1404.37
1441.16
1369.19
1375.20
1340.11
1286.16
1234.14
1209.67
1137.80
1072.15
914.79
869.30
836.00
823.14
902.25
1232.45
1300.95
1267.91
1210.97
1174.64
1287.72
1183.24
1161.92
1204.30
1184.21
1110.46
1010.24
933.05
926.13
1071.49
1058.31
1005.76
946.90
1002.80
1182.61
1314.53
1361.26
1315.25
1441.31
1393.62
1409.58
1258.70
1105.85
1111.35
1201.06
967.78
1110.30
1247.06
1425.79
1459.06
1498.04
1333.72
1178.35
1118.64
1174.15
1010.78
1075.01
1056.16
1048.55
1122.20
937.09
972.11
863.21
676.36
698.21
705.04
801.60
901.98
856.34
860.69
981.44
947.98
995.24
863.35
950.18
756.77
810.10
973.62
1045.60
1180.96
1328.62
1467.95
1597.11
1468.20
1404.71
1362.78
1212.73
1004.70
878.11
779.84
702.31
1024.53
1021.98
855.91
800.36
721.96
663.83
487.94
327.25
192.29
147.51
153.93
163.83
193.14
214.25
260.84
295.01
318.83
341.77
316.07
263.63
186.59
151.13
112.73
77.94
41.00
26.07
45.35
50.44
72.52
81.17
67.87
39.83
23.42
15.60
17.06
22.84
27.62
54.82
99.61
118.26
77.96
78.09
93.94
71.91
30.81
35.00
43.61
42.26
51.88
75.49
94.16
101.72
108.82
118.34
124.62
173.39
217.17
276.25
293.59
296.03
310.77
406.88
427.76
390.70
413.73
428.39
506.86
516.30
555.57
486.12
506.18
550.00
653.18
652.34
660.51
609.65
577.05
598.47
522.48
520.59
565.36
615.14
587.81
598.66
561.23
552.73
567.20
483.89
400.96
414.74
491.42
538.49
491.19
450.87
400.19
311.17
275.73
219.50
191.28
191.88
248.27
284.78
283.86
254.55
212.91
165.17
181.06
264.22
323.84
298.50
249.48
223.32
223.23
224.27
242.37
310.17
336.69
349.61
336.39
300.43
261.79
238.28
177.22
119.35
254.54
340.72
430.12
375.81
389.52
336.47
261.82
170.58
131.38
177.55
272.72
367.55
452.99
433.42
614.15
875.94
1212.96
1035.30
1244.94
1190.92
1383.10
1516.43
1651.99
1713.92
1959.69
1945.30
1977.63
1980.32
1937.96
2010.26
2030.73
1981.62
1697.22
1576.87
1603.81
1504.98
1500.31
1469.96
1485.27
1534.12
1540.92
1497.93
1392.20
1310.24
1217.71
1164.63
1107.26
1239.22
1170.27
1207.39
1117.77
1016.59
905.09
791.73
655.50
648.09
703.51
672.66
715.46
736.30
657.52
517.53
368.95
351.89
392.86
430.27
424.06
495.70
532.16
393.80
335.09
263.64
313.38
222.63
118.23
110.02
84.84
87.48
82.16
59.78
43.39
34.32
27.63
40.57
74.87
195.27
267.52
415.70
470.52
627.35
707.36
693.27
674.14
745.88
971.66
1371.38
1455.63
1457.66
1479.26
1448.14
1303.73
1148.32
1018.74
1013.90
1051.64
1002.92
1083.84
1164.20
1242.66
1326.43
1237.00
1279.04
1147.74
846.76
563.51
386.78
347.44
375.21
362.90
346.72
394.13
362.87
447.81
555.62
463.44
440.91
502.56
662.43
781.04
916.70
1181.48
1358.38
1487.05
1568.51
1718.98
1717.83
1707.08
1691.59
1693.55
1792.94
1833.16
1911.50
1936.34
1922.17
1888.02
1858.88
1459.46
1212.76
1210.33
1270.60
1497.93
1583.66
1501.14
1452.33
1384.96
1376.83
1504.56
1595.41
1685.72
1756.22
1824.63
1836.96
1717.58
1741.68
1677.67
1478.93
1568.28
1677.37
1731.11
1695.16
1761.68
1826.06
1853.48
1783.72
1748.74
1824.63
1771.03
1829.89
1804.12
1877.79
1968.72
2028.76
2005.33
1988.37
1968.80
1974.13
1947.65
1942.43
1907.44
1885.82
1888.96
1842.39
1676.42
1462.61
1373.55
1298.82
1207.04
1181.67
1130.21
1074.71
1033.36
1144.21
1227.74
1130.15
876.71
870.73
889.98
873.81
829.45
854.58
806.84
637.96
476.33
415.16
438.91
409.84
340.08
357.47
374.76
470.63
714.90
910.13
1015.91
1045.68
1208.64
1322.81
1503.72
1519.01
1508.66
1609.27
1554.62
1325.42
1394.00
1684.59
1471.91
1572.43
1655.65
1606.06
1587.04
1726.02
1834.20
1845.92
1886.88
1948.18
1942.68
1928.11
1914.44
1891.99
1861.58
1799.84
1715.61
1669.05
1682.31
1803.91
1729.16
1925.74
1950.32
1887.94
1692.50
894.60
812.33
782.84
1580.31
2019.70
1967.87
1936.53
1991.12
1918.15
1869.44
1789.53
1780.02
1836.08
1824.10
1811.72
1843.26
1869.59
1750.71
1762.93
1766.82
1823.57
1855.12
1834.13
1802.40
1799.06
1558.35
1609.75
1671.57
1838.10
1838.71
1890.40
1952.61
1980.98
1980.49
1901.45
1842.14
1830.75
1715.36
1674.51
1710.45
1796.18
1734.67
1821.80
1725.58
1669.68
1708.00
1782.08
1596.30
1659.16
1588.31
1475.86
1367.22
1237.76
1154.11
1154.55
1302.84
1386.60
1319.03
1305.44
1473.72
1497.07
1481.17
1607.81
1723.96
1722.89
1786.72
1860.18
1807.06
1693.46
1523.22
1376.27
1247.56
1174.74
1043.44
839.05
698.68
520.32
416.13
399.57
414.79
422.14
440.05
537.77
655.31
792.02
910.09
947.64
884.37
808.58
942.97
1111.26
1355.29
1361.71
1430.69
1298.92
1099.19
1034.54
1210.35
1250.13
1250.82
1657.75
1868.33
1846.41
1820.62
1656.97
1612.35
1490.39
1420.27
1226.28
1291.53
1355.33
1503.66
1597.51
1533.06
1692.37
1841.96
1972.55
1929.70
1730.16
1868.21
1848.25
1867.24
1871.21
1817.62
1811.91
1741.79
1781.70
1703.44
1612.67
1559.54
1522.96
1471.76
1274.98
1209.06
1134.74
1074.18
954.18
743.56
730.90
660.94
670.46
586.92
528.64
499.35
443.32
449.53
488.17
469.23
283.21
260.42
215.82
213.14
214.48
229.66
354.95
655.31
862.37
834.28
778.68
684.00
682.68
835.97
923.61
1066.80
1156.62
1125.68
927.46
854.39
714.05
771.89
749.13
702.26
661.92
695.77
681.96
645.22
519.64
478.32
536.85
480.29
452.41
341.23
225.24
234.23
251.63
289.15
407.70
498.56
383.89
235.20
185.01
112.53
63.58
42.81
38.58
52.29
93.37
151.21
230.81
262.48
239.84
201.09
254.06
238.52
239.97
379.77
517.42
560.97
621.22
667.31
696.49
722.30
761.40
801.71
753.68
727.81
793.17
889.64
813.89
661.36
551.27
410.58
356.00
298.30
227.11
225.74
416.54
635.71
905.23
1027.67
1125.95
1275.02
1363.00
1518.00
1536.11
1652.64
1803.43
1660.83
1439.54
1210.40
1097.75
1082.92
1179.40
1308.62
1725.29
1910.69
1913.82
1996.93
1903.21
1852.80
1831.15
1865.73
1762.92
1811.39
1852.06
1818.54
1910.89
1797.41
1610.68
1308.68
1014.83
715.20
544.54
421.82
228.94
177.78
219.19
416.31
586.22
843.97
1125.23
1443.27
1522.00
1593.90
1618.71
1602.56
1589.24
1529.74
1545.87
1428.03
1594.43
1585.70
1602.62
1640.67
1609.02
1618.17
1520.53
1550.36
1469.27
1437.10
1451.42
1464.95
1432.67
1403.40
1426.36
1477.27
1522.30
1361.01
1332.01
1442.10
1484.11
1616.74
1586.78
1661.11
1674.27
1739.85
1658.62
1520.12
1577.63
1516.26
1511.57
1277.41
1032.89
879.42
704.43
482.22
422.59
370.06
326.56
208.93
173.47
164.57
150.31
89.34
53.74
69.56
64.81
45.20
55.48
74.20
97.65
208.20
273.91
337.58
401.12
494.99
586.19
636.68
691.62
773.13
830.75
840.66
885.79
1050.45
1187.28
1230.27
1263.32
1345.12
1456.03
1568.44
1689.55
1841.93
1991.62
1997.45
1969.26
1942.97
1923.04
1817.63
1593.31
1489.53
1301.72
1074.26
875.45
657.59
673.68
548.97
482.57
506.77
498.07
244.97
277.81
290.29
174.75
165.52
178.41
247.15
289.27
274.29
249.14
175.64
129.58
95.46
51.61
38.95
35.02
28.54
54.62
72.83
89.80
123.31
123.28
132.79
108.29
155.54
205.09
232.78
205.86
234.48
281.82
366.49
362.10
391.11
479.09
555.88
461.60
582.98
570.39
489.09
518.46
603.78
626.63
473.99
371.90
315.98
246.01
200.77
199.52
216.40
188.82
178.23
226.44
229.37
267.23
497.19
758.32
926.28
1119.84
1198.03
1304.70
1398.25
1438.70
1294.95
1231.17
1091.41
1179.23
1186.56
1150.45
1253.43
1254.20
1302.18
1465.66
1634.03
1575.09
1643.74
1635.11
1657.66
1701.12
1585.87
1754.94
1751.84
1813.57
1930.84
1755.92
1773.36
1737.40
1650.33
1623.48
1486.06
1475.01
1491.69
1556.03
1506.00
1559.83
1477.18
1526.51
1553.28
1518.53
1419.13
1313.42
1215.80
1144.00
1187.04
1251.32
1135.66
1006.01
919.72
832.29
651.77
507.04
513.02
392.02
328.35
302.53
216.40
230.06
247.37
287.65
300.41
342.31
369.09
442.19
506.60
552.07
644.96
758.47
792.92
873.94
971.06
1248.43
1432.26
1486.93
1433.15
1357.68
1283.54
1229.04
1065.31
941.26
892.80
841.17
875.82
850.44
764.37
624.66
510.70
536.35
571.15
568.54
726.63
775.07
932.98
1237.41
1342.34
1333.60
1357.38
1599.62
1643.58
1410.86
1329.82
1350.26
1339.28
1089.05
886.89
728.23
622.90
485.49
500.61
401.39
357.36
291.97
244.31
356.13
505.48
552.23
689.32
761.96
1262.94
1401.90
1244.40
1514.60
1505.98
1355.39
1536.36
1592.27
1571.08
1501.05
1418.35
1306.53
1140.29
1086.31
1044.84
951.43
889.56
699.58
611.99
542.27
503.64
453.33
430.26
409.73
345.60
357.38
365.56
334.96
275.74
215.55
251.62
283.24
381.16
482.58
489.96
519.55
485.39
467.94
442.40
472.50
513.74
481.91
406.42
292.38
235.68
146.93
135.08
112.83
180.83
153.07
201.41
220.28
231.62
286.09
257.68
231.11
286.70
279.18
224.51
164.95
157.84
201.61
178.62
217.30
231.28
204.12
247.54
228.67
182.41
151.64
126.98
148.15
145.65
253.48
408.13
389.50
530.09
858.83
1071.67
1359.63
1546.08
1594.16
1661.57
1787.87
1901.50
1878.54
1764.41
1694.69
1497.59
1426.41
1406.29
1414.65
1492.08
1640.93
1610.67
1592.20
1478.98
1645.60
1769.78
1736.17
1821.91
1842.00
1809.04
1796.32
1818.85
1815.09
1846.13
1802.82
1961.43
1925.90
1852.91
1825.69
1799.06
1856.17
1882.89
1977.09
1907.57
1990.95
1895.69
1849.90
1939.17
1728.19
1581.00
1648.75
1480.05
1274.27
1105.35
1074.82
1349.33
1565.80
1791.45
1989.99
1941.64
1950.93
1724.05
1685.57
1652.00
1357.13
1354.18
1549.61
1666.62
1245.66
1232.37
1270.25
1307.98
1335.37
1338.30
1318.56
1290.85
1272.98
1290.80
1266.95
1266.47
1337.12
1318.89
1144.63
1155.33
1143.45
1140.27
944.92
1092.32
1045.92
1109.53
1019.74
1072.14
1017.61
1041.82
915.80
1277.42
1341.16
1280.73
1303.96
1277.53
1172.80
1231.13
1216.25
1193.33
1137.79
1119.76
1108.29
1009.36
989.37
1012.26
1055.44
1150.63
1052.53
982.58
957.46
976.25
970.48
969.12
1101.48
1124.91
1263.91
1225.93
1074.09
1463.78
1296.43
1476.69
1485.83
1557.34
1601.67
1618.95
1584.44
1419.40
1204.75
1029.46
858.61
851.92
1126.94
1468.79
1818.63
1772.37
1599.10
1609.89
1766.76
1896.77
1791.26
1890.92
1953.16
2002.33
2045.22
1846.83
1772.91
1693.19
1767.67
1962.54
2004.51
1796.49
1787.05
1811.01
1866.31
1882.38
1963.85
1955.62
1913.88
1901.66
1818.33
1690.35
1668.22
1600.87
1598.85
1598.47
1699.58
1663.79
1616.11
1485.80
1579.23
1736.92
1675.98
1609.16
1657.64
1710.35
1848.02
1907.63
1866.00
1800.02
1782.86
1647.88
1690.25
1776.81
1868.91
1966.71
2062.55
2091.47
2085.73
2075.64
2037.19
1997.43
1952.53
1906.43
1897.64
1789.27
1787.69
1902.33
1832.97
1826.21
1800.61
1774.81
1642.67
1777.23
1827.16
1779.94
1689.45
1593.45
1489.80
1498.05
1505.25
1480.54
1561.12
1503.42
1568.46
1342.44
1573.61
1524.16
1508.77
1441.94
1361.28
1325.00
1269.51
1255.82
1569.37
1445.97
1486.23
1524.57
1446.41
1666.87
1863.73
1875.55
1878.49
1920.32
1905.17
1793.66
1782.31
1765.78
1676.03
1797.40
1869.34
1478.02
1409.41
1293.37
1266.89
1198.30
1350.30
1733.67
1865.48
1615.79
2033.51
1944.60
1983.81
1932.52
1980.57
2019.40
1947.16
1966.61
2076.90
1960.34
1984.02
1837.26
1864.97
1866.35
1747.55
1618.72
1588.37
1715.20
1699.22
1572.39
1412.12
1210.31
1031.45
931.02
778.23
727.82
639.88
615.07
475.45
330.97
294.71
217.19
206.32
147.80
122.84
99.68
100.91
93.91
64.42
119.07
204.06
163.12
66.81
87.53
71.02
52.16
72.10
107.58
87.44
114.54
154.43
207.43
205.49
247.57
352.95
485.81
650.88
788.51
897.82
901.57
1051.21
1185.55
1242.77
1226.88
1169.34
1063.68
1186.04
1078.22
1150.29
1388.54
1416.14
1516.29
1541.44
1502.15
1383.93
1339.00
1370.67
1435.84
1400.74
1516.61
1512.56
1488.30
1437.12
1344.90
1203.33
1029.40
942.73
895.16
975.69
1090.96
1093.35
1249.87
1321.52
1257.18
1250.58
1236.91
1160.81
1034.96
1122.86
1330.35
1591.19
1749.45
1767.60
1880.82
2101.23
2104.90
2139.19
2100.58
2079.35
2007.73
2003.62
1983.90
2016.29
2019.34
2045.85
1981.97
2043.29
2025.00
2197.57
2201.05
2209.81
2205.29
2201.46
2202.86
2219.37
2214.59
2192.11
2214.28
2202.36
2204.50
2208.30
2188.87
2178.55
2206.91
2179.83
2036.91
2159.98
2104.92
2086.42
2042.40
2090.01
2089.63
2144.58
2131.73
2058.21
2041.47
2073.45
2031.00
2003.14
2009.83
2037.70
2046.91
2062.77
2094.58
2122.11
2106.01
2057.95
2057.32
2046.22
2101.61
2104.54
2077.75
2104.98
2110.46
2143.45
2126.83
2114.09
2121.86
2085.68
2077.53
2029.82
1949.18
1898.52
1921.00
2092.21
1986.98
1962.61
1976.00
1898.85
1765.20
1773.71
1571.52
1571.22
1461.34
1587.28
1574.11
1537.40
1452.56
1480.89
1572.80
1636.48
1633.36
1536.74
1659.20
1573.91
1426.17
1453.98
1317.83
1221.02
1216.22
1248.54
1229.30
1194.61
1152.06
953.36
842.50
780.43
769.53
911.55
907.91
1280.71
1244.42
1242.77
1157.91
988.32
1051.05
871.97
696.26
586.57
487.96
327.20
226.68
171.29
152.65
180.91
163.92
134.33
75.47
44.74
33.50
35.44
85.18
146.06
221.19
398.11
421.02
324.18
328.57
534.62
557.78
545.91
547.60
539.65
542.84
481.90
409.48
309.72
313.13
478.67
626.46
903.81
785.29
712.67
752.98
962.80
1008.87
1233.18
1291.86
1415.34
1606.24
1883.83
2038.62
2118.22
2153.24
2137.69
2130.07
2105.46
2069.40
2059.34
2057.49
2035.72
2006.56
2074.00
2029.41
1957.20
1981.53
1910.83
1824.99
1744.11
1663.16
1556.47
1527.33
1624.46
1635.71
1650.13
1691.13
1728.88
1795.32
1867.54
1832.06
1756.81
1697.32
1592.53
1540.08
1657.86
1738.59
1787.83
1886.91
1953.08
1882.74
1814.33
1725.43
1678.48
1691.97
1666.93
1603.94
1519.00
1404.00
1285.28
1110.33
1070.30
1124.87
914.16
762.33
653.28
487.20
466.16
408.17
315.01
290.78
382.40
478.40
526.21
550.87
623.27
737.58
860.71
955.12
987.78
1014.86
979.09
1104.43
1292.98
1342.47
1379.63
1425.85
1371.92
1284.80
1088.91
1079.94
1116.02
1111.97
1095.77
970.32
1060.39
1185.05
1133.88
922.81
696.40
608.48
551.75
420.14
354.51
292.63
237.03
224.68
194.73
136.77
138.85
138.34
166.91
191.90
231.67
263.57
206.67
179.65
184.22
202.89
321.92
371.72
357.80
425.76
573.01
759.74
639.70
648.10
699.71
704.78
835.83
935.36
1034.48
1106.71
1135.50
1124.64
1159.86
1213.38
1212.01
1181.44
1175.19
1260.63
1377.16
1556.36
1695.83
1839.94
1810.25
1822.95
1849.27
1903.54
2011.36
2025.63
2006.74
2058.19
2110.53
2110.70
2090.19
2069.73
2094.79
2143.20
2145.81
2157.54
2153.20
2120.25
2125.98
2122.34
2111.23
2089.92
2138.78
2049.77
2054.19
2040.09
1951.03
1898.83
1898.67
1840.12
1833.95
1779.22
1648.22
1551.53
1534.56
1432.45
1332.69
1246.79
1071.90
1074.36
1123.99
963.35
937.71
877.85
876.68
850.71
969.38
1113.23
1115.12
1040.63
773.18
721.03
680.80
622.93
642.64
565.92
555.66
526.19
544.13
586.02
648.88
664.71
648.98
532.93
421.66
348.77
321.13
391.41
420.26
452.86
458.57
478.69
476.00
491.50
481.54
450.54
433.86
365.86
344.16
335.01
388.58
433.59
433.18
457.57
513.85
498.84
411.37
358.85
353.50
347.51
326.30
254.48
321.94
374.55
435.62
437.14
458.02
488.10
518.60
549.92
619.10
672.63
538.67
490.08
526.40
641.36
613.45
715.87
810.59
799.31
792.57
839.39
973.28
919.95
970.26
1148.54
1306.46
1364.25
1654.03
1576.37
1560.26
1642.02
1375.32
1281.27
1618.24
1536.91
1568.15
1453.11
1589.30
1706.78
1724.09
1623.69
1617.04
1621.53
1682.33
1653.59
1722.00
1678.96
1437.98
1370.16
1620.91
1751.03
1599.09
1506.14
1684.01
1758.59
1680.96
1633.98
1577.41
1470.52
1463.70
1503.01
1484.89
1479.77
1435.67
1429.98
1431.62
1477.38
1507.60
1563.74
1551.58
1629.84
1635.33
1699.10
1913.74
2005.58
2033.54
2069.96
2011.14
1983.22
2059.45
2019.29
2052.76
2056.49
2072.29
2015.25
1979.53
1956.21
1760.08
1617.69
1776.45
1725.55
1641.05
1613.72
1485.09
1353.25
1313.36
1203.64
1184.08
1089.41
952.25
723.83
509.31
446.36
289.63
233.23
370.55
506.52
401.63
301.89
280.67
261.79
280.29
317.46
246.53
267.12
258.87
187.28
185.46
166.84
140.17
187.11
347.94
342.64
519.67
484.15
510.29
537.90
469.43
316.36
325.51
569.86
800.89
814.52
770.88
761.24
724.49
793.77
865.13
912.86
1141.45
1159.38
1014.67
841.53
871.31
937.33
842.61
815.25
728.54
626.25
529.34
364.71
324.06
262.00
224.21
250.44
202.77
133.17
60.60
30.95
39.15
72.12
107.28
103.75
136.03
151.85
190.95
229.54
343.73
477.97
529.95
628.92
740.05
797.81
838.20
807.43
839.59
921.25
913.39
815.41
663.78
483.89
360.91
256.73
254.40
266.55
343.68
281.82
404.95
390.23
350.21
275.04
258.00
390.63
248.54
269.90
314.77
336.00
473.51
479.73
495.57
446.42
375.24
542.41
338.58
433.49
588.74
710.83
725.64
792.58
821.87
788.14
734.04
732.51
749.36
745.40
714.60
636.01
588.35
603.21
646.11
560.66
593.42
583.77
643.52
624.66
622.36
656.32
624.07
628.28
547.18
622.60
739.65
727.37
739.68
772.61
780.16
728.92
740.38
626.93
587.07
593.18
528.74
604.24
708.89
815.56
944.69
857.63
818.56
803.45
751.68
688.05
680.49
745.53
805.04
814.61
831.36
827.93
891.59
944.91
969.14
942.03
821.37
862.53
884.51
971.33
1054.59
1149.04
1135.09
1075.46
951.39
931.65
991.24
1049.89
1109.34
1141.55
1106.73
1047.69
923.46
819.56
781.26
646.34
524.72
450.92
518.55
580.19
534.56
455.65
387.81
407.99
398.58
464.84
661.11
870.89
1524.09
1645.50
1624.16
1893.17
1907.01
1907.23
1948.23
1851.97
1715.43
1533.63
1606.03
1546.64
1387.27
1359.81
1280.94
1277.12
1171.31
1044.68
794.22
554.70
554.77
498.54
718.34
682.20
660.89
573.51
467.07
513.56
537.32
564.87
622.33
566.63
476.06
365.93
383.01
339.80
312.41
334.07
306.89
270.58
246.10
216.01
187.35
150.09
147.07
94.93
65.44
70.79
87.53
72.34
67.64
54.55
63.65
117.52
157.98
138.80
121.61
89.45
142.97
185.03
195.38
159.09
123.65
131.23
105.89
86.83
120.76
118.70
149.80
207.36
321.84
393.66
446.26
519.09
627.17
712.48
742.28
771.06
866.32
894.78
897.39
989.16
1125.73
1161.95
1227.77
1223.54
1277.72
1323.95
1387.29
1465.29
1495.96
1531.70
1637.09
1680.81
1753.08
1830.22
1879.41
1977.23
2007.07
2034.90
2059.85
2078.99
2050.15
2005.97
2059.71
2053.06
2064.53
2048.31
2020.81
2078.99
2051.37
2004.50
1855.52
1600.19
1498.92
1449.69
1408.59
1594.18
1521.12
1689.00
1762.14
1818.20
1939.03
2008.37
2032.80
2076.89
2052.25
2088.66
2076.47
2031.85
2027.00
2057.58
2036.71
2037.98
2002.18
1979.69
1980.76
2050.92
2049.04
2027.92
2037.56
2038.57
2037.44
2042.49
2064.65
2106.61
2124.04
2126.98
2116.31
2093.07
2080.15
2047.85
2048.17
2008.79
2038.19
1977.74
2065.24
2110.61
2088.67
2097.27
2100.31
2103.67
2101.58
2082.84
2117.79
2085.32
1873.00
1703.30
1794.48
1773.51
1640.14
1506.82
1311.28
1153.79
882.83
749.37
694.07
560.54
593.91
629.29
627.88
701.12
681.12
744.38
871.21
991.13
1070.93
1152.12
1324.87
1380.65
1224.71
1496.83
1683.61
1918.11
1862.95
1925.79
1969.06
1897.96
1769.73
1590.60
1470.14
1443.07
1378.83
1263.88
1352.28
1445.98
1351.40
1316.14
1344.88
1339.09
1296.52
1425.96
1535.61
1661.13
1794.44
1881.18
1725.45
1717.30
1638.10
1552.67
1375.84
1106.42
1158.66
961.90
745.63
714.26
772.49
804.58
788.21
688.20
616.96
566.58
474.71
372.34
228.02
174.64
120.01
108.76
66.73
48.41
47.63
47.83
131.16
186.14
163.38
140.48
223.36
298.63
329.38
371.89
429.71
389.20
385.07
412.18
419.83
461.63
442.27
474.96
469.27
527.87
671.06
771.28
769.94
645.82
405.44
493.82
437.44
480.43
474.58
640.62
717.65
769.17
832.57
827.10
880.97
1063.72
1026.61
1129.80
1253.36
1232.33
1310.28
1385.28
1331.24
1423.02
1287.81
1298.34
1393.86
1341.02
1280.20
1095.17
1111.41
836.77
686.10
643.62
659.18
631.07
583.49
634.33
749.90
716.47
950.97
1086.29
1154.37
1160.45
1270.47
1650.34
1984.65
2049.22
2170.99
2157.31
2176.96
2102.12
2151.00
2058.42
2089.89
2121.66
2131.55
2155.29
2086.17
2068.61
2025.10
1945.88
1934.60
1947.43
2010.51
2114.62
1847.19
1823.67
1769.08
1683.11
1630.34
1976.89
1999.02
1938.70
2008.13
1914.85
1785.54
1781.95
1859.14
1839.42
1800.07
1868.45
1899.57
1992.82
1849.88
1686.96
1943.04
2096.55
2156.48
2162.29
2098.25
2080.52
2077.47
2002.78
1837.00
1637.88
1641.08
1461.94
1432.14
1758.14
1736.40
1985.77
2086.47
2106.93
2095.74
1459.40
1564.81
1625.71
1623.06
1601.12
1571.96
1696.84
2164.23
2176.62
2093.12
2114.38
2117.58
2089.17
2194.82
2165.19
2080.05
2151.99
2151.75
2119.05
2136.68
2131.66
2148.14
2154.32
2104.64
2089.31
2051.40
2139.39
2019.15
1947.07
2070.57
1994.58
2015.14
2080.31
2062.67
2029.38
1943.52
2042.73
2044.33
1987.54
1940.53
2068.48
2160.84
2114.65
2155.74
2141.27
2108.54
1986.51
1293.15
1649.83
1232.74
420.29
409.11
401.88
393.75
398.68
406.30
1695.64
1822.82
1747.91
1895.85
2015.07
1778.98
1391.54
1018.59
965.75
943.25
939.84
869.54
794.99
878.03
833.82
956.30
1112.30
